tunnel_num s t prio weight
324 0 1 l 100
324 0 1 h 100
throttle 0 2 l 0.722609
823 0 2 l 100
824 0 2 h 100
1344 0 3 l 100
1344 0 3 h 100
175 0 4 l 100
175 0 4 h 100
684 0 5 l 100
684 0 5 h 100
1194 0 6 l 100
1194 0 6 h 100
throttle 0 7 l 0.063893
42 0 7 l 100
42 0 7 h 100
703 0 8 l 100
703 0 8 h 100
throttle 0 9 l 0.680596
1214 0 9 l 100
1214 0 9 h 100
throttle 0 10 l 0.562171
62 0 10 l 100
62 0 10 h 100
577 0 11 l 100
577 0 11 h 100
1070 0 12 l 100
1070 0 12 h 100
1561 0 13 l 100
1562 0 13 h 100
throttle 0 14 l 0.885118
428 0 14 l 100
428 0 14 h 100
930 0 15 l 100
930 0 15 h 100
1315 0 16 l 100
1315 0 16 h 100
696 1 0 l 100
696 1 0 h 100
1362 1 2 l 100
1363 1 2 h 100
838 1 3 l 100
836 1 3 h 100
1063 1 4 l 100
1063 1 4 h 100
570 1 5 l 100
570 1 5 h 100
54 1 6 l 100
56 1 6 h 100
1206 1 7 l 100
1207 1 7 h 100
1579 1 8 l 100
1579 1 8 h 100
1086 1 9 l 100
1086 1 9 h 100
588 1 10 l 100
588 1 10 h 100
81 1 11 l 100
79 1 11 h 100
337 1 12 l 100
337 1 12 h 100
1465 1 13 l 100
1465 1 13 h 100
942 1 14 l 100
942 1 14 h 100
444 1 15 l 100
446 1 15 h 100
546 1 16 l 100
546 1 16 h 100
1573 2 0 l 100
1573 2 0 h 100
440 2 1 l 100
440 2 1 h 100
throttle 2 3 l 0.535060
1081 2 3 l 100
1081 2 3 h 100
1230 2 4 l 100
1232 2 4 h 100
72 2 5 l 100
74 2 5 h 100
204 2 6 l 100
204 2 6 h 100
720 2 7 l 100
720 2 7 h 100
858 2 8 l 100
860 2 8 h 100
1384 2 9 l 100
1380 2 9 h 100
1489 2 10 l 100
1490 2 10 h 100
360 2 11 l 100
360 2 11 h 100
463 2 12 l 100
462 2 12 h 100
960 2 13 l 100
960 2 13 h 100
1104 2 14 l 100
1106 2 14 h 100
1603 2 15 l 100
1603 2 15 h 100
1452 2 16 l 100
1452 2 16 h 100
852 3 0 l 100
852 3 0 h 100
358 3 1 l 100
356 3 1 h 100
199 3 2 l 100
200 3 2 h 100
1225 3 4 l 100
1225 3 4 h 100
718 3 5 l 100
716 3 5 h 100
584 3 6 l 100
584 3 6 h 100
68 3 7 l 100
68 3 7 h 100
1567 3 8 l 100
1567 3 8 h 100
1078 3 9 l 100
1076 3 9 h 100
940 3 10 l 100
938 3 10 h 100
436 3 11 l 100
434 3 11 h 100
334 3 12 l 100
332 3 12 h 100
1462 3 13 l 100
1460 3 13 h 100
1360 3 14 l 100
1358 3 14 h 100
832 3 15 l 100
830 3 15 h 100
983 3 16 l 100
980 3 16 h 100
throttle 4 0 l 0.557792
100 4 0 l 100
97 4 0 h 100
601 4 1 l 100
602 4 1 h 100
1099 4 2 l 100
1100 4 2 h 100
throttle 4 3 l 0.773889
1591 4 3 l 100
1591 4 3 h 100
228 4 5 l 100
229 4 5 h 100
748 4 6 l 100
744 4 6 h 100
throttle 4 7 l 0.933895
1254 4 7 l 100
1254 4 7 h 100
846 4 8 l 100
846 4 8 h 100
1374 4 9 l 100
1374 4 9 h 100
192 4 10 l 100
193 4 10 h 100
708 4 11 l 100
710 4 11 h 100
456 4 12 l 100
456 4 12 h 100
954 4 13 l 100
955 4 13 h 100
1484 4 14 l 100
1484 4 14 h 100
349 4 15 l 100
349 4 15 h 100
255 4 16 l 100
254 4 16 h 100
throttle 5 0 l 0.123200
972 5 0 l 100
972 5 0 h 100
486 5 1 l 100
488 5 1 h 100
1614 5 2 l 100
1614 5 2 h 100
throttle 5 3 l 0.735307
1126 5 3 l 100
1124 5 3 h 100
624 5 4 l 100
624 5 4 h 100
1279 5 6 l 100
1279 5 6 h 100
throttle 5 7 l 0.792431
768 5 7 l 100
769 5 7 h 100
90 5 8 l 100
90 5 8 h 100
1249 5 9 l 100
1248 5 9 h 100
739 5 10 l 100
739 5 10 h 100
222 5 11 l 100
222 5 11 h 100
1400 5 12 l 100
1400 5 12 h 100
876 5 13 l 100
878 5 13 h 100
366 5 14 l 100
368 5 14 h 100
1500 5 15 l 100
1502 5 15 h 100
1152 5 16 l 100
1154 5 16 h 100
246 6 0 l 100
246 6 0 h 100
762 6 1 l 100
762 6 1 h 100
888 6 2 l 100
888 6 2 h 100
1412 6 3 l 100
1412 6 3 h 100
618 6 4 l 100
620 6 4 h 100
1117 6 5 l 100
1117 6 5 h 100
120 6 7 l 100
120 6 7 h 100
1146 6 8 l 100
1147 6 8 h 100
7 6 9 l 100
7 6 9 h 100
144 6 10 l 100
146 6 10 h 100
648 6 11 l 100
648 6 11 h 100
1516 6 12 l 100
1514 6 12 h 100
383 6 13 l 100
379 6 13 h 100
506 6 14 l 100
506 6 14 h 100
996 6 15 l 100
996 6 15 h 100
396 6 16 l 100
396 6 16 h 100
1140 7 0 l 100
1140 7 0 h 100
642 7 1 l 100
643 7 1 h 100
498 7 2 l 100
499 7 2 h 100
2 7 3 l 100
2 7 3 h 100
throttle 7 4 l 0.259582
786 7 4 l 100
787 7 4 h 100
270 7 5 l 100
270 7 5 h 100
138 7 6 l 100
138 7 6 h 100
390 7 8 l 100
391 7 8 h 100
throttle 7 9 l 0.150699
1524 7 9 l 100
1524 7 9 h 100
1428 7 10 l 100
1428 7 10 h 100
900 7 11 l 100
901 7 11 h 100
24 7 12 l 100
25 7 12 h 100
1180 7 13 l 100
1177 7 13 h 100
throttle 7 14 l 0.509978
1030 7 14 l 100
1026 7 14 h 100
522 7 15 l 100
522 7 15 h 100
1320 7 16 l 100
1320 7 16 h 100
871 8 0 l 100
871 8 0 h 100
1393 8 1 l 100
1393 8 1 h 100
221 8 2 l 100
217 8 2 h 100
733 8 3 l 100
733 8 3 h 100
1242 8 4 l 100
1242 8 4 h 100
84 8 5 l 100
84 8 5 h 100
594 8 6 l 100
594 8 6 h 100
throttle 8 7 l 0.812311
1092 8 7 l 100
1092 8 7 h 100
452 8 9 l 100
450 8 9 h 100
948 8 10 l 100
950 8 10 h 100
1470 8 11 l 100
1472 8 11 h 100
342 8 12 l 100
344 8 12 h 100
842 8 13 l 100
841 8 13 h 100
1368 8 14 l 100
1370 8 14 h 100
187 8 15 l 100
188 8 15 h 100
993 8 16 l 100
990 8 16 h 100
109 9 0 l 100
110 9 0 h 100
1266 9 1 l 100
1267 9 1 h 100
750 9 2 l 100
752 9 2 h 100
throttle 9 3 l 0.797206
244 9 3 l 100
242 9 3 h 100
468 9 4 l 100
470 9 4 h 100
1613 9 5 l 100
1609 9 5 h 100
1110 9 6 l 100
1111 9 6 h 100
throttle 9 7 l 0.435770
612 9 7 l 100
613 9 7 h 100
864 9 8 l 100
866 9 8 h 100
1494 9 10 l 100
1494 9 10 h 100
967 9 11 l 100
966 9 11 h 100
1237 9 12 l 100
1238 9 12 h 100
726 9 13 l 100
726 9 13 h 100
212 9 14 l 100
212 9 14 h 100
1387 9 15 l 100
1388 9 15 h 100
269 9 16 l 100
265 9 16 h 100
986 10 0 l 100
986 10 0 h 100
1506 10 1 l 100
1508 10 1 h 100
1627 10 2 l 77
1631 10 2 l 22
1628 10 2 h 100
throttle 10 3 l 0.547469
496 10 3 l 100
494 10 3 h 100
639 10 4 l 100
637 10 4 h 100
1135 10 5 l 100
1134 10 5 h 100
1290 10 6 l 100
1291 10 6 h 100
throttle 10 7 l 0.776603
135 10 7 l 100
133 10 7 h 100
102 10 8 l 100
103 10 8 h 100
606 10 9 l 100
608 10 9 h 100
1260 10 11 l 100
1261 10 11 h 100
1404 10 12 l 100
1405 10 12 h 100
235 10 13 l 100
234 10 13 h 100
372 10 14 l 100
372 10 14 h 100
883 10 15 l 100
882 10 15 h 100
1170 10 16 l 100
1172 10 16 h 100
259 11 0 l 100
259 11 0 h 100
1419 11 1 l 100
1417 11 1 h 100
1284 11 2 l 100
1284 11 2 h 100
776 11 3 l 100
776 11 3 h 100
630 11 4 l 100
632 11 4 h 100
126 11 5 l 100
126 11 5 h 100
1620 11 6 l 100
1620 11 6 h 100
1128 11 7 l 100
1128 11 7 h 100
1164 11 8 l 100
1164 11 8 h 100
661 11 9 l 100
661 11 9 h 100
516 11 10 l 100
516 11 10 h 100
1518 11 12 l 100
1518 11 12 h 100
1014 11 13 l 100
1014 11 13 h 100
895 11 14 l 100
894 11 14 h 100
384 11 15 l 100
384 11 15 h 100
415 11 16 l 100
416 11 16 h 100
1160 12 0 l 100
1160 12 0 h 100
15 12 1 l 100
13 12 1 h 100
511 12 2 l 100
510 12 2 h 100
throttle 12 3 l 0.719642
1013 12 3 l 100
1010 12 3 h 100
799 12 4 l 100
798 12 4 h 100
1313 12 5 l 100
1310 12 5 h 100
153 12 6 l 69
154 12 6 l 30
152 12 6 h 100
throttle 12 7 l 0.891100
658 12 7 l 100
655 12 7 h 100
408 12 8 l 100
410 12 8 h 100
913 12 9 l 100
913 12 9 h 100
1436 12 10 l 100
1435 12 10 h 100
282 12 11 l 100
283 12 11 h 100
540 12 13 l 100
540 12 13 h 100
1047 12 14 l 100
1044 12 14 h 100
1542 12 15 l 100
1542 12 15 h 100
1342 12 16 l 100
1338 12 16 h 100
throttle 13 0 l 0.076371
403 13 0 l 100
404 13 0 h 100
1537 13 1 l 100
1537 13 1 h 100
1038 13 2 l 100
1038 13 2 h 100
538 13 3 l 100
536 13 3 h 100
37 13 4 l 100
37 13 4 h 100
1189 13 5 l 100
1190 13 5 h 100
683 13 6 l 100
679 13 6 h 100
throttle 13 7 l 0.792631
168 13 7 l 100
169 13 7 h 100
1334 13 8 l 100
1334 13 8 h 100
819 13 9 l 100
816 13 9 h 100
313 13 10 l 100
312 13 10 h 100
1440 13 11 l 100
1440 13 11 h 100
926 13 12 l 100
924 13 12 h 100
1554 13 14 l 74
1556 13 14 l 25
1554 13 14 h 100
1058 13 15 l 100
1056 13 15 h 100
564 13 16 l 100
564 13 16 h 100
1326 14 0 l 100
1328 14 0 h 100
162 14 1 l 100
164 14 1 h 100
306 14 2 l 100
308 14 2 h 100
814 14 3 l 100
812 14 3 h 100
30 14 4 l 100
32 14 4 h 100
528 14 5 l 100
530 14 5 h 100
674 14 6 l 100
674 14 6 h 100
throttle 14 7 l 0.712899
1183 14 7 l 100
1183 14 7 h 100
780 14 8 l 100
782 14 8 h 100
908 14 9 l 100
908 14 9 h 100
1035 14 10 l 100
1032 14 10 h 100
1530 14 11 l 100
1530 14 11 h 100
796 14 12 l 100
792 14 12 h 100
1302 14 13 l 100
1302 14 13 h 100
276 14 15 l 100
276 14 15 h 100
319 14 16 l 100
319 14 16 h 100
558 15 0 l 100
558 15 0 h 100
48 15 1 l 100
48 15 1 h 100
1549 15 2 l 100
1550 15 2 h 100
throttle 15 3 l 0.580876
1052 15 3 l 100
1052 15 3 h 100
181 15 4 l 100
181 15 4 h 100
1350 15 5 l 100
1352 15 5 h 100
1200 15 6 l 100
1200 15 6 h 100
690 15 7 l 100
690 15 7 h 100
1219 15 8 l 100
1219 15 8 h 100
805 15 9 l 100
805 15 9 h 100
667 15 10 l 100
667 15 10 h 100
156 15 11 l 100
156 15 11 h 100
918 15 12 l 100
918 15 12 h 100
420 15 13 l 100
420 15 13 h 100
300 15 14 l 100
300 15 14 h 100
758 15 16 l 100
756 15 16 h 100
1585 16 0 l 100
1585 16 0 h 100
288 16 1 l 100
288 16 1 h 100
1296 16 2 l 100
1298 16 2 h 100
119 16 3 l 100
116 16 3 h 100
554 16 4 l 100
552 16 4 h 100
294 16 5 l 100
294 16 5 h 100
18 16 6 l 100
19 16 6 h 100
throttle 16 7 l 0.135295
1422 16 7 l 100
1423 16 7 h 100
1275 16 8 l 100
1274 16 8 h 100
1002 16 9 l 100
1002 16 9 h 100
1020 16 10 l 100
1021 16 10 h 100
1477 16 11 l 100
1478 16 11 h 100
1446 16 12 l 100
1446 16 12 h 100
480 16 13 l 100
480 16 13 h 100
474 16 14 l 100
475 16 14 h 100
1596 16 15 l 100
1598 16 15 h 100
