tunnel_num s t prio weight
324 0 1 l 100
324 0 1 h 100
822 0 2 l 100
822 0 2 h 100
1344 0 3 l 100
1344 0 3 h 100
174 0 4 l 100
175 0 4 h 100
686 0 5 l 100
684 0 5 h 100
1195 0 6 l 100
1194 0 6 h 100
42 0 7 l 100
42 0 7 h 100
702 0 8 l 100
703 0 8 h 100
1217 0 9 l 60
1212 0 9 l 39
1212 0 9 h 100
64 0 10 l 100
61 0 10 h 100
576 0 11 l 22
578 0 11 l 77
577 0 11 h 100
1068 0 12 l 100
1070 0 12 h 100
1564 0 13 l 100
1561 0 13 h 100
427 0 14 l 100
426 0 14 h 100
931 0 15 l 100
931 0 15 h 100
1314 0 16 l 100
1314 0 16 h 100
696 1 0 l 100
696 1 0 h 100
1362 1 2 l 100
1362 1 2 h 100
834 1 3 l 100
834 1 3 h 100
1062 1 4 l 100
1062 1 4 h 100
570 1 5 l 100
571 1 5 h 100
55 1 6 l 100
54 1 6 h 100
1206 1 7 l 100
1207 1 7 h 100
1578 1 8 l 100
1580 1 8 h 100
1087 1 9 l 100
1087 1 9 h 100
589 1 10 l 100
589 1 10 h 100
78 1 11 l 100
79 1 11 h 100
336 1 12 l 100
336 1 12 h 100
1464 1 13 l 100
1464 1 13 h 100
943 1 14 l 100
942 1 14 h 100
446 1 15 l 100
446 1 15 h 100
547 1 16 l 100
547 1 16 h 100
1572 2 0 l 100
1572 2 0 h 100
438 2 1 l 100
439 2 1 h 100
1080 2 3 l 100
1080 2 3 h 100
1230 2 4 l 100
1230 2 4 h 100
72 2 5 l 100
73 2 5 h 100
204 2 6 l 100
205 2 6 h 100
720 2 7 l 100
722 2 7 h 100
858 2 8 l 100
860 2 8 h 100
1380 2 9 l 100
1380 2 9 h 100
1489 2 10 l 100
1489 2 10 h 100
360 2 11 l 100
362 2 11 h 100
462 2 12 l 100
462 2 12 h 100
964 2 13 l 100
960 2 13 h 100
1106 2 14 l 100
1106 2 14 h 100
1606 2 15 l 100
1602 2 15 h 100
1452 2 16 l 100
1452 2 16 h 100
852 3 0 l 100
852 3 0 h 100
354 3 1 l 100
356 3 1 h 100
198 3 2 l 100
198 3 2 h 100
1224 3 4 l 100
1225 3 4 h 100
714 3 5 l 100
716 3 5 h 100
583 3 6 l 100
584 3 6 h 100
68 3 7 l 100
68 3 7 h 100
1566 3 8 l 100
1568 3 8 h 100
1074 3 9 l 100
1074 3 9 h 100
936 3 10 l 100
937 3 10 h 100
432 3 11 l 100
434 3 11 h 100
333 3 12 l 100
330 3 12 h 100
1458 3 13 l 100
1458 3 13 h 100
1356 3 14 l 100
1357 3 14 h 100
828 3 15 l 100
828 3 15 h 100
978 3 16 l 100
978 3 16 h 100
97 4 0 l 100
97 4 0 h 100
600 4 1 l 100
601 4 1 h 100
1098 4 2 l 100
1098 4 2 h 100
1590 4 3 l 100
1590 4 3 h 100
228 4 5 l 100
228 4 5 h 100
744 4 6 l 100
744 4 6 h 100
1255 4 7 l 79
1256 4 7 l 20
1255 4 7 h 100
847 4 8 l 100
847 4 8 h 100
1378 4 9 l 35
1374 4 9 l 64
1374 4 9 h 100
192 4 10 l 100
192 4 10 h 100
708 4 11 l 100
708 4 11 h 100
456 4 12 l 100
457 4 12 h 100
955 4 13 l 29
957 4 13 l 70
956 4 13 h 100
1482 4 14 l 41
1486 4 14 l 58
1483 4 14 h 100
348 4 15 l 100
348 4 15 h 100
256 4 16 l 100
252 4 16 h 100
974 5 0 l 100
972 5 0 h 100
486 5 1 l 100
487 5 1 h 100
1614 5 2 l 100
1614 5 2 h 100
1122 5 3 l 100
1122 5 3 h 100
624 5 4 l 100
624 5 4 h 100
1278 5 6 l 100
1278 5 6 h 100
769 5 7 l 100
768 5 7 h 100
90 5 8 l 100
91 5 8 h 100
1248 5 9 l 100
1250 5 9 h 100
738 5 10 l 100
740 5 10 h 100
222 5 11 l 100
224 5 11 h 100
1400 5 12 l 100
1398 5 12 h 100
876 5 13 l 100
876 5 13 h 100
366 5 14 l 100
366 5 14 h 100
1505 5 15 l 100
1500 5 15 h 100
1153 5 16 l 100
1153 5 16 h 100
246 6 0 l 100
246 6 0 h 100
763 6 1 l 100
763 6 1 h 100
888 6 2 l 100
888 6 2 h 100
1410 6 3 l 100
1411 6 3 h 100
618 6 4 l 100
619 6 4 h 100
1116 6 5 l 100
1117 6 5 h 100
121 6 7 l 100
120 6 7 h 100
1146 6 8 l 100
1146 6 8 h 100
7 6 9 l 100
7 6 9 h 100
145 6 10 l 100
145 6 10 h 100
648 6 11 l 100
648 6 11 h 100
1512 6 12 l 100
1514 6 12 h 100
382 6 13 l 100
380 6 13 h 100
504 6 14 l 100
505 6 14 h 100
997 6 15 l 100
997 6 15 h 100
397 6 16 l 100
397 6 16 h 100
1140 7 0 l 100
1140 7 0 h 100
642 7 1 l 100
643 7 1 h 100
500 7 2 l 100
498 7 2 h 100
2 7 3 l 100
0 7 3 h 100
786 7 4 l 100
787 7 4 h 100
271 7 5 l 100
270 7 5 h 100
138 7 6 l 100
138 7 6 h 100
390 7 8 l 100
390 7 8 h 100
1528 7 9 l 100
1525 7 9 h 100
1429 7 10 l 100
1429 7 10 h 100
900 7 11 l 100
901 7 11 h 100
25 7 12 l 100
24 7 12 h 100
1178 7 13 l 100
1176 7 13 h 100
1026 7 14 l 100
1027 7 14 h 100
523 7 15 l 100
523 7 15 h 100
1322 7 16 l 100
1321 7 16 h 100
870 8 0 l 100
871 8 0 h 100
1393 8 1 l 100
1393 8 1 h 100
218 8 2 l 100
218 8 2 h 100
732 8 3 l 100
734 8 3 h 100
1242 8 4 l 100
1242 8 4 h 100
84 8 5 l 100
84 8 5 h 100
594 8 6 l 100
595 8 6 h 100
1092 8 7 l 91
1094 8 7 l 8
1092 8 7 h 100
453 8 9 l 100
452 8 9 h 100
948 8 10 l 100
948 8 10 h 100
1470 8 11 l 100
1471 8 11 h 100
342 8 12 l 100
343 8 12 h 100
842 8 13 l 100
840 8 13 h 100
1370 8 14 l 100
1369 8 14 h 100
188 8 15 l 100
186 8 15 h 100
990 8 16 l 100
992 8 16 h 100
108 9 0 l 100
108 9 0 h 100
1269 9 1 l 100
1267 9 1 h 100
754 9 2 l 100
750 9 2 h 100
240 9 3 l 100
240 9 3 h 100
472 9 4 l 100
468 9 4 h 100
1611 9 5 l 100
1608 9 5 h 100
1111 9 6 l 100
1112 9 6 h 100
613 9 7 l 100
614 9 7 h 100
867 9 8 l 100
866 9 8 h 100
1494 9 10 l 100
1495 9 10 h 100
967 9 11 l 100
966 9 11 h 100
1236 9 12 l 100
1236 9 12 h 100
726 9 13 l 100
726 9 13 h 100
212 9 14 l 51
215 9 14 l 48
212 9 14 h 100
1389 9 15 l 100
1386 9 15 h 100
264 9 16 l 100
264 9 16 h 100
985 10 0 l 100
985 10 0 h 100
1508 10 1 l 100
1507 10 1 h 100
1627 10 2 l 100
1627 10 2 h 100
493 10 3 l 100
493 10 3 h 100
636 10 4 l 100
636 10 4 h 100
1138 10 5 l 100
1134 10 5 h 100
1291 10 6 l 100
1292 10 6 h 100
133 10 7 l 100
133 10 7 h 100
102 10 8 l 100
102 10 8 h 100
606 10 9 l 100
607 10 9 h 100
1260 10 11 l 100
1260 10 11 h 100
1404 10 12 l 100
1406 10 12 h 100
234 10 13 l 100
234 10 13 h 100
372 10 14 l 62
373 10 14 l 37
372 10 14 h 100
882 10 15 l 100
884 10 15 h 100
1170 10 16 l 100
1170 10 16 h 100
258 11 0 l 100
260 11 0 h 100
1416 11 1 l 100
1416 11 1 h 100
1284 11 2 l 100
1286 11 2 h 100
774 11 3 l 100
775 11 3 h 100
630 11 4 l 100
630 11 4 h 100
126 11 5 l 100
128 11 5 h 100
1620 11 6 l 100
1621 11 6 h 100
1128 11 7 l 100
1128 11 7 h 100
1164 11 8 l 100
1164 11 8 h 100
660 11 9 l 100
660 11 9 h 100
516 11 10 l 100
516 11 10 h 100
1518 11 12 l 100
1518 11 12 h 100
1014 11 13 l 100
1016 11 13 h 100
894 11 14 l 100
894 11 14 h 100
384 11 15 l 100
385 11 15 h 100
414 11 16 l 100
415 11 16 h 100
1158 12 0 l 100
1158 12 0 h 100
12 12 1 l 100
14 12 1 h 100
512 12 2 l 14
513 12 2 l 85
510 12 2 h 100
1011 12 3 l 100
1008 12 3 h 100
798 12 4 l 100
798 12 4 h 100
1311 12 5 l 100
1310 12 5 h 100
153 12 6 l 100
152 12 6 h 100
654 12 7 l 43
656 12 7 l 20
659 12 7 l 36
654 12 7 h 100
408 12 8 l 100
408 12 8 h 100
913 12 9 l 100
913 12 9 h 100
1434 12 10 l 100
1435 12 10 h 100
282 12 11 l 100
282 12 11 h 100
540 12 13 l 100
541 12 13 h 100
1047 12 14 l 100
1044 12 14 h 100
1542 12 15 l 100
1544 12 15 h 100
1339 12 16 l 100
1338 12 16 h 100
402 13 0 l 100
402 13 0 h 100
1538 13 1 l 100
1536 13 1 h 100
1038 13 2 l 100
1038 13 2 h 100
534 13 3 l 100
534 13 3 h 100
36 13 4 l 100
37 13 4 h 100
1191 13 5 l 100
1188 13 5 h 100
680 13 6 l 100
680 13 6 h 100
173 13 7 l 100
170 13 7 h 100
1334 13 8 l 100
1334 13 8 h 100
816 13 9 l 100
816 13 9 h 100
312 13 10 l 100
313 13 10 h 100
1440 13 11 l 100
1441 13 11 h 100
924 13 12 l 100
924 13 12 h 100
1554 13 14 l 100
1554 13 14 h 100
1056 13 15 l 100
1056 13 15 h 100
564 13 16 l 100
564 13 16 h 100
1326 14 0 l 100
1326 14 0 h 100
162 14 1 l 100
162 14 1 h 100
306 14 2 l 100
308 14 2 h 100
810 14 3 l 100
811 14 3 h 100
30 14 4 l 100
31 14 4 h 100
528 14 5 l 100
528 14 5 h 100
672 14 6 l 100
673 14 6 h 100
1182 14 7 l 100
1182 14 7 h 100
780 14 8 l 100
782 14 8 h 100
906 14 9 l 100
908 14 9 h 100
1032 14 10 l 100
1032 14 10 h 100
1533 14 11 l 100
1530 14 11 h 100
792 14 12 l 100
792 14 12 h 100
1302 14 13 l 100
1302 14 13 h 100
276 14 15 l 100
276 14 15 h 100
322 14 16 l 100
319 14 16 h 100
560 15 0 l 100
559 15 0 h 100
49 15 1 l 100
49 15 1 h 100
1548 15 2 l 100
1548 15 2 h 100
1050 15 3 l 100
1050 15 3 h 100
180 15 4 l 100
180 15 4 h 100
1350 15 5 l 100
1350 15 5 h 100
1201 15 6 l 100
1201 15 6 h 100
692 15 7 l 100
691 15 7 h 100
1220 15 8 l 100
1220 15 8 h 100
804 15 9 l 100
804 15 9 h 100
670 15 10 l 100
666 15 10 h 100
156 15 11 l 100
156 15 11 h 100
920 15 12 l 100
918 15 12 h 100
423 15 13 l 100
420 15 13 h 100
300 15 14 l 100
300 15 14 h 100
758 15 16 l 100
758 15 16 h 100
1589 16 0 l 100
1584 16 0 h 100
289 16 1 l 100
290 16 1 h 100
1296 16 2 l 100
1296 16 2 h 100
114 16 3 l 100
114 16 3 h 100
552 16 4 l 100
552 16 4 h 100
295 16 5 l 100
295 16 5 h 100
19 16 6 l 100
19 16 6 h 100
1423 16 7 l 100
1424 16 7 h 100
1272 16 8 l 100
1274 16 8 h 100
1002 16 9 l 100
1002 16 9 h 100
1020 16 10 l 100
1021 16 10 h 100
1476 16 11 l 100
1477 16 11 h 100
1446 16 12 l 100
1447 16 12 h 100
480 16 13 l 100
480 16 13 h 100
475 16 14 l 100
475 16 14 h 100
1598 16 15 l 100
1598 16 15 h 100
