tunnel_num s t prio weight
329 0 1 l 100
324 0 1 h 100
throttle 0 2 l 0.514268
823 0 2 l 100
823 0 2 h 100
throttle 0 3 l 0.674534
1346 0 3 l 100
1345 0 3 h 100
175 0 4 l 100
176 0 4 h 100
689 0 5 l 100
684 0 5 h 100
1194 0 6 l 100
1194 0 6 h 100
42 0 7 l 100
42 0 7 h 100
703 0 8 l 100
703 0 8 h 100
throttle 0 9 l 0.680596
1214 0 9 l 100
1214 0 9 h 100
throttle 0 10 l 0.528822
62 0 10 l 86
63 0 10 l 13
62 0 10 h 100
throttle 0 11 l 0.238181
577 0 11 l 100
577 0 11 h 100
1071 0 12 l 100
1070 0 12 h 100
1562 0 13 l 100
1561 0 13 h 100
throttle 0 14 l 0.770235
430 0 14 l 100
426 0 14 h 100
930 0 15 l 100
930 0 15 h 100
1319 0 16 l 100
1315 0 16 h 100
701 1 0 l 100
696 1 0 h 100
1364 1 2 l 100
1364 1 2 h 100
839 1 3 l 100
835 1 3 h 100
1063 1 4 l 100
1063 1 4 h 100
570 1 5 l 100
571 1 5 h 100
54 1 6 l 100
56 1 6 h 100
1207 1 7 l 100
1207 1 7 h 100
1579 1 8 l 100
1579 1 8 h 100
1086 1 9 l 100
1086 1 9 h 100
588 1 10 l 100
588 1 10 h 100
81 1 11 l 100
79 1 11 h 100
337 1 12 l 100
337 1 12 h 100
1465 1 13 l 100
1465 1 13 h 100
945 1 14 l 100
942 1 14 h 100
449 1 15 l 100
444 1 15 h 100
546 1 16 l 100
547 1 16 h 100
1573 2 0 l 100
1574 2 0 h 100
440 2 1 l 100
439 2 1 h 100
1080 2 3 l 100
1080 2 3 h 100
1230 2 4 l 100
1230 2 4 h 100
74 2 5 l 100
73 2 5 h 100
204 2 6 l 100
206 2 6 h 100
720 2 7 l 100
721 2 7 h 100
858 2 8 l 100
858 2 8 h 100
1380 2 9 l 100
1381 2 9 h 100
1489 2 10 l 100
1490 2 10 h 100
364 2 11 l 100
361 2 11 h 100
462 2 12 l 100
462 2 12 h 100
962 2 13 l 100
960 2 13 h 100
1109 2 14 l 100
1106 2 14 h 100
1604 2 15 l 100
1604 2 15 h 100
1452 2 16 l 100
1454 2 16 h 100
853 3 0 l 100
853 3 0 h 100
357 3 1 l 100
355 3 1 h 100
198 3 2 l 100
198 3 2 h 100
1224 3 4 l 100
1224 3 4 h 100
719 3 5 l 100
715 3 5 h 100
586 3 6 l 100
582 3 6 h 100
66 3 7 l 100
66 3 7 h 100
1566 3 8 l 100
1568 3 8 h 100
1077 3 9 l 100
1074 3 9 h 100
937 3 10 l 100
936 3 10 h 100
433 3 11 l 100
433 3 11 h 100
330 3 12 l 100
331 3 12 h 100
1458 3 13 l 100
1459 3 13 h 100
1359 3 14 l 100
1356 3 14 h 100
833 3 15 l 100
829 3 15 h 100
978 3 16 l 100
978 3 16 h 100
throttle 4 0 l 0.079435
98 4 0 l 100
97 4 0 h 100
601 4 1 l 100
602 4 1 h 100
1098 4 2 l 100
1100 4 2 h 100
1594 4 3 l 100
1592 4 3 h 100
229 4 5 l 100
229 4 5 h 100
745 4 6 l 100
745 4 6 h 100
throttle 4 7 l 0.471163
1254 4 7 l 100
1254 4 7 h 100
846 4 8 l 100
847 4 8 h 100
1376 4 9 l 35
1378 4 9 l 64
1376 4 9 h 100
192 4 10 l 100
192 4 10 h 100
712 4 11 l 100
710 4 11 h 100
457 4 12 l 100
457 4 12 h 100
957 4 13 l 55
958 4 13 l 44
956 4 13 h 100
1486 4 14 l 100
1483 4 14 h 100
350 4 15 l 100
350 4 15 h 100
256 4 16 l 100
252 4 16 h 100
977 5 0 l 100
972 5 0 h 100
486 5 1 l 100
487 5 1 h 100
1614 5 2 l 100
1614 5 2 h 100
1123 5 3 l 100
1122 5 3 h 100
624 5 4 l 100
625 5 4 h 100
1278 5 6 l 100
1279 5 6 h 100
throttle 5 7 l 0.169723
768 5 7 l 100
768 5 7 h 100
90 5 8 l 100
90 5 8 h 100
1253 5 9 l 100
1249 5 9 h 100
739 5 10 l 100
738 5 10 h 100
225 5 11 l 100
223 5 11 h 100
1403 5 12 l 100
1400 5 12 h 100
877 5 13 l 100
877 5 13 h 100
370 5 14 l 100
366 5 14 h 100
1502 5 15 l 100
1501 5 15 h 100
1152 5 16 l 100
1153 5 16 h 100
246 6 0 l 100
246 6 0 h 100
762 6 1 l 100
762 6 1 h 100
888 6 2 l 100
888 6 2 h 100
1410 6 3 l 100
1411 6 3 h 100
618 6 4 l 100
620 6 4 h 100
1117 6 5 l 100
1116 6 5 h 100
120 6 7 l 100
120 6 7 h 100
1146 6 8 l 100
1148 6 8 h 100
6 6 9 l 100
7 6 9 h 100
145 6 10 l 100
144 6 10 h 100
648 6 11 l 100
650 6 11 h 100
1514 6 12 l 100
1513 6 12 h 100
379 6 13 l 100
380 6 13 h 100
505 6 14 l 100
505 6 14 h 100
996 6 15 l 100
996 6 15 h 100
400 6 16 l 100
398 6 16 h 100
1140 7 0 l 100
1140 7 0 h 100
643 7 1 l 100
643 7 1 h 100
498 7 2 l 100
498 7 2 h 100
1 7 3 l 100
0 7 3 h 100
throttle 7 4 l 0.259582
786 7 4 l 100
786 7 4 h 100
270 7 5 l 100
270 7 5 h 100
138 7 6 l 100
138 7 6 h 100
390 7 8 l 100
390 7 8 h 100
throttle 7 9 l 0.150699
1524 7 9 l 100
1525 7 9 h 100
1428 7 10 l 100
1428 7 10 h 100
904 7 11 l 100
900 7 11 h 100
24 7 12 l 100
25 7 12 h 100
1177 7 13 l 100
1177 7 13 h 100
throttle 7 14 l 0.509978
1029 7 14 l 100
1027 7 14 h 100
522 7 15 l 100
522 7 15 h 100
1320 7 16 l 100
1320 7 16 h 100
871 8 0 l 100
872 8 0 h 100
1394 8 1 l 100
1393 8 1 h 100
220 8 2 l 20
221 8 2 l 79
216 8 2 h 100
732 8 3 l 100
732 8 3 h 100
1244 8 4 l 100
1244 8 4 h 100
87 8 5 l 100
84 8 5 h 100
594 8 6 l 100
595 8 6 h 100
1092 8 7 l 41
1094 8 7 l 58
1092 8 7 h 100
450 8 9 l 100
452 8 9 h 100
948 8 10 l 100
950 8 10 h 100
1474 8 11 l 100
1472 8 11 h 100
347 8 12 l 100
344 8 12 h 100
842 8 13 l 100
840 8 13 h 100
1369 8 14 l 100
1370 8 14 h 100
187 8 15 l 100
187 8 15 h 100
993 8 16 l 100
992 8 16 h 100
109 9 0 l 100
110 9 0 h 100
1266 9 1 l 100
1266 9 1 h 100
754 9 2 l 100
751 9 2 h 100
240 9 3 l 100
240 9 3 h 100
468 9 4 l 100
470 9 4 h 100
1613 9 5 l 100
1609 9 5 h 100
1111 9 6 l 100
1112 9 6 h 100
612 9 7 l 100
612 9 7 h 100
864 9 8 l 100
864 9 8 h 100
1494 9 10 l 100
1494 9 10 h 100
967 9 11 l 100
966 9 11 h 100
1238 9 12 l 100
1236 9 12 h 100
727 9 13 l 100
726 9 13 h 100
212 9 14 l 100
211 9 14 h 100
1388 9 15 l 100
1388 9 15 h 100
264 9 16 l 100
266 9 16 h 100
986 10 0 l 100
986 10 0 h 100
1511 10 1 l 100
1506 10 1 h 100
1628 10 2 l 100
1628 10 2 h 100
492 10 3 l 100
492 10 3 h 100
639 10 4 l 100
637 10 4 h 100
1137 10 5 l 100
1136 10 5 h 100
1291 10 6 l 100
1290 10 6 h 100
throttle 10 7 l 0.131633
136 10 7 l 100
133 10 7 h 100
102 10 8 l 100
104 10 8 h 100
608 10 9 l 100
607 10 9 h 100
1260 10 11 l 100
1261 10 11 h 100
1409 10 12 l 100
1404 10 12 h 100
235 10 13 l 100
236 10 13 h 100
375 10 14 l 100
372 10 14 h 100
883 10 15 l 100
883 10 15 h 100
1170 10 16 l 100
1172 10 16 h 100
261 11 0 l 100
259 11 0 h 100
1419 11 1 l 100
1416 11 1 h 100
1284 11 2 l 100
1285 11 2 h 100
774 11 3 l 100
774 11 3 h 100
630 11 4 l 100
632 11 4 h 100
129 11 5 l 100
126 11 5 h 100
1625 11 6 l 100
1621 11 6 h 100
1128 11 7 l 100
1128 11 7 h 100
1164 11 8 l 100
1164 11 8 h 100
661 11 9 l 100
662 11 9 h 100
516 11 10 l 100
518 11 10 h 100
1518 11 12 l 100
1519 11 12 h 100
1015 11 13 l 100
1016 11 13 h 100
896 11 14 l 100
894 11 14 h 100
386 11 15 l 100
386 11 15 h 100
415 11 16 l 100
415 11 16 h 100
1161 12 0 l 100
1160 12 0 h 100
15 12 1 l 100
12 12 1 h 100
511 12 2 l 100
510 12 2 h 100
1011 12 3 l 100
1008 12 3 h 100
798 12 4 l 100
800 12 4 h 100
1310 12 5 l 100
1310 12 5 h 100
150 12 6 l 78
153 12 6 l 21
152 12 6 h 100
throttle 12 7 l 0.782200
657 12 7 l 100
655 12 7 h 100
408 12 8 l 100
410 12 8 h 100
915 12 9 l 100
913 12 9 h 100
1434 12 10 l 100
1434 12 10 h 100
282 12 11 l 100
284 12 11 h 100
543 12 13 l 100
541 12 13 h 100
1045 12 14 l 100
1044 12 14 h 100
1543 12 15 l 100
1543 12 15 h 100
1339 12 16 l 100
1339 12 16 h 100
404 13 0 l 100
404 13 0 h 100
1537 13 1 l 100
1538 13 1 h 100
1038 13 2 l 100
1038 13 2 h 100
534 13 3 l 100
534 13 3 h 100
36 13 4 l 100
36 13 4 h 100
1188 13 5 l 100
1190 13 5 h 100
679 13 6 l 100
680 13 6 h 100
169 13 7 l 100
169 13 7 h 100
1334 13 8 l 100
1334 13 8 h 100
816 13 9 l 100
818 13 9 h 100
313 13 10 l 100
312 13 10 h 100
1440 13 11 l 100
1440 13 11 h 100
924 13 12 l 100
924 13 12 h 100
1554 13 14 l 100
1555 13 14 h 100
1058 13 15 l 100
1057 13 15 h 100
564 13 16 l 100
565 13 16 h 100
1330 14 0 l 100
1326 14 0 h 100
162 14 1 l 100
162 14 1 h 100
306 14 2 l 100
306 14 2 h 100
810 14 3 l 100
811 14 3 h 100
30 14 4 l 100
30 14 4 h 100
528 14 5 l 100
528 14 5 h 100
672 14 6 l 100
673 14 6 h 100
1182 14 7 l 100
1183 14 7 h 100
780 14 8 l 100
781 14 8 h 100
908 14 9 l 100
907 14 9 h 100
1035 14 10 l 100
1033 14 10 h 100
1530 14 11 l 100
1530 14 11 h 100
792 14 12 l 100
794 14 12 h 100
1302 14 13 l 100
1304 14 13 h 100
277 14 15 l 100
277 14 15 h 100
319 14 16 l 100
320 14 16 h 100
558 15 0 l 100
558 15 0 h 100
53 15 1 l 100
48 15 1 h 100
1553 15 2 l 100
1549 15 2 h 100
1051 15 3 l 100
1051 15 3 h 100
181 15 4 l 100
182 15 4 h 100
1352 15 5 l 100
1351 15 5 h 100
1200 15 6 l 100
1200 15 6 h 100
690 15 7 l 100
690 15 7 h 100
1219 15 8 l 100
1219 15 8 h 100
806 15 9 l 100
806 15 9 h 100
671 15 10 l 100
667 15 10 h 100
158 15 11 l 100
158 15 11 h 100
923 15 12 l 100
919 15 12 h 100
422 15 13 l 100
422 15 13 h 100
301 15 14 l 100
301 15 14 h 100
756 15 16 l 100
756 15 16 h 100
1589 16 0 l 100
1585 16 0 h 100
288 16 1 l 100
290 16 1 h 100
1296 16 2 l 100
1298 16 2 h 100
114 16 3 l 100
115 16 3 h 100
554 16 4 l 100
554 16 4 h 100
294 16 5 l 100
296 16 5 h 100
18 16 6 l 100
19 16 6 h 100
1422 16 7 l 100
1423 16 7 h 100
1275 16 8 l 100
1273 16 8 h 100
1002 16 9 l 100
1002 16 9 h 100
1020 16 10 l 100
1022 16 10 h 100
1477 16 11 l 100
1478 16 11 h 100
1446 16 12 l 100
1447 16 12 h 100
480 16 13 l 100
480 16 13 h 100
475 16 14 l 100
474 16 14 h 100
1599 16 15 l 100
1596 16 15 h 100
