tunnel_num s t prio weight
324 0 1 l 100
324 0 1 h 100
throttle 0 2 l 0.587929
824 0 2 l 100
823 0 2 h 100
1344 0 3 l 100
1344 0 3 h 100
175 0 4 l 100
176 0 4 h 100
684 0 5 l 100
684 0 5 h 100
1194 0 6 l 100
1194 0 6 h 100
throttle 0 7 l 0.039827
42 0 7 l 100
42 0 7 h 100
703 0 8 l 100
703 0 8 h 100
throttle 0 9 l 0.680596
1217 0 9 l 100
1214 0 9 h 100
throttle 0 10 l 0.124342
64 0 10 l 100
shutdown 0 10 h
580 0 11 l 100
577 0 11 h 100
1070 0 12 l 100
1070 0 12 h 100
1565 0 13 l 100
1561 0 13 h 100
throttle 0 14 l 0.885118
428 0 14 l 100
428 0 14 h 100
931 0 15 l 100
931 0 15 h 100
1319 0 16 l 100
shutdown 0 16 h
696 1 0 l 100
696 1 0 h 100
1363 1 2 l 100
1362 1 2 h 100
836 1 3 l 100
836 1 3 h 100
1062 1 4 l 100
1062 1 4 h 100
570 1 5 l 100
571 1 5 h 100
54 1 6 l 100
54 1 6 h 100
1206 1 7 l 100
1207 1 7 h 100
1578 1 8 l 100
1580 1 8 h 100
1091 1 9 l 100
1088 1 9 h 100
589 1 10 l 100
590 1 10 h 100
78 1 11 l 100
79 1 11 h 100
341 1 12 l 100
338 1 12 h 100
1469 1 13 l 100
1464 1 13 h 100
944 1 14 l 100
944 1 14 h 100
444 1 15 l 100
445 1 15 h 100
550 1 16 l 100
548 1 16 h 100
1573 2 0 l 100
1573 2 0 h 100
438 2 1 l 100
438 2 1 h 100
throttle 2 3 l 0.535060
1081 2 3 l 100
1082 2 3 h 100
1234 2 4 l 100
1230 2 4 h 100
72 2 5 l 100
73 2 5 h 100
208 2 6 l 100
204 2 6 h 100
720 2 7 l 100
721 2 7 h 100
858 2 8 l 100
860 2 8 h 100
1380 2 9 l 100
1380 2 9 h 100
1489 2 10 l 100
1489 2 10 h 100
360 2 11 l 100
361 2 11 h 100
462 2 12 l 100
462 2 12 h 100
960 2 13 l 100
960 2 13 h 100
1106 2 14 l 100
1104 2 14 h 100
1602 2 15 l 100
1602 2 15 h 100
1452 2 16 l 100
1452 2 16 h 100
852 3 0 l 100
852 3 0 h 100
358 3 1 l 100
356 3 1 h 100
199 3 2 l 100
200 3 2 h 100
1225 3 4 l 100
1225 3 4 h 100
718 3 5 l 100
716 3 5 h 100
584 3 6 l 100
584 3 6 h 100
68 3 7 l 100
68 3 7 h 100
1571 3 8 l 100
1567 3 8 h 100
1078 3 9 l 100
shutdown 3 9 h
940 3 10 l 100
shutdown 3 10 h
434 3 11 l 100
434 3 11 h 100
334 3 12 l 100
332 3 12 h 100
1460 3 13 l 100
1460 3 13 h 100
1358 3 14 l 100
1358 3 14 h 100
832 3 15 l 100
830 3 15 h 100
shutdown 3 16 l
shutdown 3 16 h
throttle 4 0 l 0.769859
97 4 0 l 100
97 4 0 h 100
601 4 1 l 100
600 4 1 h 100
1098 4 2 l 100
1098 4 2 h 100
throttle 4 3 l 0.773889
1593 4 3 l 100
1591 4 3 h 100
228 4 5 l 100
228 4 5 h 100
744 4 6 l 100
744 4 6 h 100
throttle 4 7 l 0.933895
1254 4 7 l 100
1254 4 7 h 100
846 4 8 l 100
847 4 8 h 100
1374 4 9 l 100
1374 4 9 h 100
192 4 10 l 100
192 4 10 h 100
708 4 11 l 54
713 4 11 l 45
710 4 11 h 100
456 4 12 l 100
456 4 12 h 100
956 4 13 l 100
956 4 13 h 100
1482 4 14 l 100
1484 4 14 h 100
349 4 15 l 100
349 4 15 h 100
257 4 16 l 100
252 4 16 h 100
throttle 5 0 l 0.123200
972 5 0 l 100
972 5 0 h 100
486 5 1 l 100
486 5 1 h 100
1618 5 2 l 100
1614 5 2 h 100
throttle 5 3 l 0.735307
1126 5 3 l 100
1124 5 3 h 100
624 5 4 l 100
625 5 4 h 100
1278 5 6 l 100
1278 5 6 h 100
throttle 5 7 l 0.584861
769 5 7 l 100
768 5 7 h 100
90 5 8 l 100
90 5 8 h 100
1248 5 9 l 100
1248 5 9 h 100
738 5 10 l 100
740 5 10 h 100
222 5 11 l 100
223 5 11 h 100
1402 5 12 l 100
1400 5 12 h 100
880 5 13 l 100
878 5 13 h 100
367 5 14 l 100
366 5 14 h 100
1500 5 15 l 100
1500 5 15 h 100
1156 5 16 l 100
1153 5 16 h 100
246 6 0 l 100
246 6 0 h 100
762 6 1 l 100
762 6 1 h 100
888 6 2 l 100
888 6 2 h 100
1412 6 3 l 100
1412 6 3 h 100
618 6 4 l 100
618 6 4 h 100
1116 6 5 l 100
1117 6 5 h 100
120 6 7 l 100
120 6 7 h 100
1146 6 8 l 100
1147 6 8 h 100
9 6 9 l 100
8 6 9 h 100
145 6 10 l 100
146 6 10 h 100
648 6 11 l 100
649 6 11 h 100
1516 6 12 l 100
1512 6 12 h 100
383 6 13 l 100
380 6 13 h 100
506 6 14 l 100
504 6 14 h 100
996 6 15 l 100
998 6 15 h 100
397 6 16 l 100
398 6 16 h 100
1140 7 0 l 100
1140 7 0 h 100
642 7 1 l 100
642 7 1 h 100
501 7 2 l 100
498 7 2 h 100
2 7 3 l 100
2 7 3 h 100
throttle 7 4 l 0.259582
786 7 4 l 100
787 7 4 h 100
270 7 5 l 100
271 7 5 h 100
138 7 6 l 100
138 7 6 h 100
390 7 8 l 100
390 7 8 h 100
1525 7 9 l 100
1525 7 9 h 100
1429 7 10 l 100
1429 7 10 h 100
900 7 11 l 100
900 7 11 h 100
24 7 12 l 100
25 7 12 h 100
1179 7 13 l 100
1176 7 13 h 100
throttle 7 14 l 0.509978
1026 7 14 l 100
1026 7 14 h 100
522 7 15 l 100
522 7 15 h 100
1323 7 16 l 100
1321 7 16 h 100
871 8 0 l 100
871 8 0 h 100
1393 8 1 l 100
1394 8 1 h 100
220 8 2 l 100
218 8 2 h 100
733 8 3 l 100
733 8 3 h 100
1247 8 4 l 100
1244 8 4 h 100
84 8 5 l 100
85 8 5 h 100
594 8 6 l 100
595 8 6 h 100
throttle 8 7 l 0.624621
1092 8 7 l 100
1092 8 7 h 100
453 8 9 l 100
450 8 9 h 100
948 8 10 l 100
949 8 10 h 100
1470 8 11 l 100
1471 8 11 h 100
343 8 12 l 100
342 8 12 h 100
842 8 13 l 100
840 8 13 h 100
1369 8 14 l 100
1370 8 14 h 100
186 8 15 l 100
186 8 15 h 100
993 8 16 l 100
990 8 16 h 100
113 9 0 l 100
110 9 0 h 100
1268 9 1 l 100
1267 9 1 h 100
750 9 2 l 100
750 9 2 h 100
throttle 9 3 l 0.594413
244 9 3 l 100
shutdown 9 3 h
468 9 4 l 100
468 9 4 h 100
1608 9 5 l 100
1610 9 5 h 100
1112 9 6 l 41
1115 9 6 l 58
1112 9 6 h 100
throttle 9 7 l 0.435770
615 9 7 l 100
613 9 7 h 100
867 9 8 l 100
864 9 8 h 100
1494 9 10 l 100
1496 9 10 h 100
967 9 11 l 100
966 9 11 h 100
1237 9 12 l 100
1236 9 12 h 100
726 9 13 l 100
727 9 13 h 100
212 9 14 l 100
210 9 14 h 100
1389 9 15 l 100
1386 9 15 h 100
264 9 16 l 100
264 9 16 h 100
987 10 0 l 30
988 10 0 l 69
shutdown 10 0 h
1508 10 1 l 100
1507 10 1 h 100
1627 10 2 l 100
1627 10 2 h 100
throttle 10 3 l 0.547469
496 10 3 l 100
shutdown 10 3 h
636 10 4 l 100
637 10 4 h 100
1134 10 5 l 100
1136 10 5 h 100
1295 10 6 l 100
1292 10 6 h 100
throttle 10 7 l 0.776603
133 10 7 l 100
133 10 7 h 100
102 10 8 l 100
103 10 8 h 100
606 10 9 l 100
607 10 9 h 100
1260 10 11 l 100
1260 10 11 h 100
1406 10 12 l 100
1404 10 12 h 100
238 10 13 l 100
235 10 13 h 100
373 10 14 l 16
375 10 14 l 83
373 10 14 h 100
886 10 15 l 100
884 10 15 h 100
1170 10 16 l 100
1170 10 16 h 100
262 11 0 l 100
259 11 0 h 100
1416 11 1 l 100
1417 11 1 h 100
1286 11 2 l 100
1284 11 2 h 100
776 11 3 l 100
776 11 3 h 100
630 11 4 l 100
632 11 4 h 100
126 11 5 l 100
126 11 5 h 100
1621 11 6 l 100
1622 11 6 h 100
1128 11 7 l 100
1128 11 7 h 100
1164 11 8 l 100
1166 11 8 h 100
661 11 9 l 100
660 11 9 h 100
516 11 10 l 100
518 11 10 h 100
1518 11 12 l 100
1518 11 12 h 100
1015 11 13 l 100
1014 11 13 h 100
894 11 14 l 100
896 11 14 h 100
384 11 15 l 100
386 11 15 h 100
415 11 16 l 100
416 11 16 h 100
throttle 12 0 l 0.001566
1160 12 0 l 100
1160 12 0 h 100
16 12 1 l 100
14 12 1 h 100
512 12 2 l 100
510 12 2 h 100
throttle 12 3 l 0.456251
1010 12 3 l 100
1010 12 3 h 100
798 12 4 l 100
798 12 4 h 100
1310 12 5 l 100
1308 12 5 h 100
153 12 6 l 100
150 12 6 h 100
throttle 12 7 l 0.891100
659 12 7 l 100
654 12 7 h 100
408 12 8 l 100
409 12 8 h 100
912 12 9 l 100
913 12 9 h 100
1434 12 10 l 100
1435 12 10 h 100
282 12 11 l 100
284 12 11 h 100
542 12 13 l 100
540 12 13 h 100
1046 12 14 l 47
1049 12 14 l 52
1044 12 14 h 100
1542 12 15 l 100
1544 12 15 h 100
1339 12 16 l 100
1339 12 16 h 100
throttle 13 0 l 0.076371
407 13 0 l 100
403 13 0 h 100
1536 13 1 l 100
1538 13 1 h 100
1038 13 2 l 100
1039 13 2 h 100
536 13 3 l 100
536 13 3 h 100
37 13 4 l 100
37 13 4 h 100
1190 13 5 l 100
1190 13 5 h 100
682 13 6 l 100
680 13 6 h 100
throttle 13 7 l 0.585262
168 13 7 l 100
168 13 7 h 100
1334 13 8 l 100
1333 13 8 h 100
816 13 9 l 100
817 13 9 h 100
313 13 10 l 100
313 13 10 h 100
1440 13 11 l 100
1441 13 11 h 100
925 13 12 l 100
926 13 12 h 100
1556 13 14 l 100
1554 13 14 h 100
1056 13 15 l 100
1056 13 15 h 100
564 13 16 l 100
566 13 16 h 100
1326 14 0 l 100
1326 14 0 h 100
162 14 1 l 100
163 14 1 h 100
308 14 2 l 100
308 14 2 h 100
812 14 3 l 100
812 14 3 h 100
30 14 4 l 100
32 14 4 h 100
528 14 5 l 100
529 14 5 h 100
674 14 6 l 100
674 14 6 h 100
throttle 14 7 l 0.712899
1182 14 7 l 100
1182 14 7 h 100
780 14 8 l 100
780 14 8 h 100
908 14 9 l 100
908 14 9 h 100
1035 14 10 l 100
1033 14 10 h 100
1533 14 11 l 100
1530 14 11 h 100
795 14 12 l 100
792 14 12 h 100
1302 14 13 l 100
1304 14 13 h 100
276 14 15 l 100
277 14 15 h 100
319 14 16 l 100
320 14 16 h 100
559 15 0 l 100
559 15 0 h 100
48 15 1 l 100
50 15 1 h 100
1553 15 2 l 100
1549 15 2 h 100
throttle 15 3 l 0.580876
1054 15 3 l 100
1052 15 3 h 100
185 15 4 l 100
182 15 4 h 100
1350 15 5 l 100
1351 15 5 h 100
1200 15 6 l 100
1200 15 6 h 100
690 15 7 l 100
690 15 7 h 100
1219 15 8 l 100
1218 15 8 h 100
807 15 9 l 100
804 15 9 h 100
671 15 10 l 100
666 15 10 h 100
156 15 11 l 100
156 15 11 h 100
920 15 12 l 100
919 15 12 h 100
420 15 13 l 100
420 15 13 h 100
300 15 14 l 100
301 15 14 h 100
759 15 16 l 100
758 15 16 h 100
1589 16 0 l 100
shutdown 16 0 h
289 16 1 l 100
289 16 1 h 100
1296 16 2 l 100
1296 16 2 h 100
shutdown 16 3 l
shutdown 16 3 h
557 16 4 l 100
552 16 4 h 100
298 16 5 l 100
295 16 5 h 100
19 16 6 l 100
19 16 6 h 100
1425 16 7 l 100
1423 16 7 h 100
1275 16 8 l 100
1274 16 8 h 100
1007 16 9 l 100
1002 16 9 h 100
1020 16 10 l 100
1021 16 10 h 100
1477 16 11 l 100
1476 16 11 h 100
1446 16 12 l 100
1446 16 12 h 100
480 16 13 l 100
480 16 13 h 100
475 16 14 l 100
476 16 14 h 100
1599 16 15 l 100
1598 16 15 h 100
