tunnel_num s t prio weight
326 0 1 l 100
324 0 1 h 100
822 0 2 l 100
823 0 2 h 100
1344 0 3 l 100
1345 0 3 h 100
175 0 4 l 100
175 0 4 h 100
685 0 5 l 100
684 0 5 h 100
1195 0 6 l 100
1194 0 6 h 100
42 0 7 l 100
42 0 7 h 100
702 0 8 l 100
703 0 8 h 100
1212 0 9 l 100
1214 0 9 h 100
61 0 10 l 100
61 0 10 h 100
576 0 11 l 58
578 0 11 l 41
577 0 11 h 100
1068 0 12 l 100
1068 0 12 h 100
1560 0 13 l 100
1560 0 13 h 100
428 0 14 l 50
429 0 14 l 12
431 0 14 l 37
428 0 14 h 100
930 0 15 l 100
930 0 15 h 100
1317 0 16 l 100
1314 0 16 h 100
696 1 0 l 100
697 1 0 h 100
1362 1 2 l 100
1362 1 2 h 100
834 1 3 l 100
834 1 3 h 100
1062 1 4 l 100
1063 1 4 h 100
570 1 5 l 100
571 1 5 h 100
55 1 6 l 100
55 1 6 h 100
1206 1 7 l 100
1208 1 7 h 100
1578 1 8 l 100
1579 1 8 h 100
1087 1 9 l 100
1087 1 9 h 100
589 1 10 l 100
590 1 10 h 100
78 1 11 l 100
79 1 11 h 100
338 1 12 l 100
338 1 12 h 100
1469 1 13 l 100
shutdown 1 13 h
946 1 14 l 100
944 1 14 h 100
449 1 15 l 100
444 1 15 h 100
547 1 16 l 100
547 1 16 h 100
1572 2 0 l 100
1572 2 0 h 100
439 2 1 l 100
438 2 1 h 100
1080 2 3 l 100
1080 2 3 h 100
1230 2 4 l 100
1230 2 4 h 100
72 2 5 l 100
73 2 5 h 100
205 2 6 l 100
204 2 6 h 100
720 2 7 l 100
722 2 7 h 100
858 2 8 l 100
860 2 8 h 100
1380 2 9 l 100
1380 2 9 h 100
1489 2 10 l 100
1490 2 10 h 100
361 2 11 l 100
361 2 11 h 100
462 2 12 l 100
462 2 12 h 100
960 2 13 l 100
960 2 13 h 100
1106 2 14 l 100
1106 2 14 h 100
1603 2 15 l 100
1603 2 15 h 100
1452 2 16 l 100
1452 2 16 h 100
852 3 0 l 100
852 3 0 h 100
354 3 1 l 100
356 3 1 h 100
198 3 2 l 100
198 3 2 h 100
1224 3 4 l 100
1225 3 4 h 100
714 3 5 l 100
716 3 5 h 100
582 3 6 l 100
584 3 6 h 100
68 3 7 l 100
68 3 7 h 100
1566 3 8 l 100
1567 3 8 h 100
1074 3 9 l 100
1074 3 9 h 100
936 3 10 l 100
937 3 10 h 100
432 3 11 l 100
433 3 11 h 100
331 3 12 l 100
330 3 12 h 100
1458 3 13 l 100
1458 3 13 h 100
1358 3 14 l 100
1358 3 14 h 100
829 3 15 l 100
830 3 15 h 100
982 3 16 l 100
978 3 16 h 100
97 4 0 l 100
97 4 0 h 100
601 4 1 l 100
600 4 1 h 100
1098 4 2 l 100
1098 4 2 h 100
1590 4 3 l 100
1590 4 3 h 100
228 4 5 l 100
228 4 5 h 100
745 4 6 l 100
744 4 6 h 100
1255 4 7 l 100
1254 4 7 h 100
851 4 8 l 100
846 4 8 h 100
1378 4 9 l 100
1374 4 9 h 100
197 4 10 l 100
192 4 10 h 100
708 4 11 l 100
710 4 11 h 100
456 4 12 l 100
458 4 12 h 100
957 4 13 l 25
959 4 13 l 74
955 4 13 h 100
1484 4 14 l 19
1486 4 14 l 80
1484 4 14 h 100
349 4 15 l 100
350 4 15 h 100
255 4 16 l 100
252 4 16 h 100
972 5 0 l 100
974 5 0 h 100
486 5 1 l 100
487 5 1 h 100
1614 5 2 l 100
1614 5 2 h 100
1124 5 3 l 100
1123 5 3 h 100
624 5 4 l 100
625 5 4 h 100
1278 5 6 l 100
1279 5 6 h 100
768 5 7 l 100
768 5 7 h 100
91 5 8 l 100
91 5 8 h 100
1250 5 9 l 100
1248 5 9 h 100
738 5 10 l 100
738 5 10 h 100
222 5 11 l 100
222 5 11 h 100
1400 5 12 l 100
1400 5 12 h 100
880 5 13 l 100
878 5 13 h 100
367 5 14 l 100
368 5 14 h 100
1501 5 15 l 100
1501 5 15 h 100
1156 5 16 l 100
1153 5 16 h 100
246 6 0 l 100
246 6 0 h 100
763 6 1 l 100
762 6 1 h 100
888 6 2 l 100
888 6 2 h 100
1410 6 3 l 100
1410 6 3 h 100
618 6 4 l 100
619 6 4 h 100
1116 6 5 l 100
1117 6 5 h 100
120 6 7 l 100
121 6 7 h 100
1146 6 8 l 100
1147 6 8 h 100
7 6 9 l 100
8 6 9 h 100
145 6 10 l 100
145 6 10 h 100
648 6 11 l 100
648 6 11 h 100
1514 6 12 l 100
1514 6 12 h 100
381 6 13 l 100
shutdown 6 13 h
507 6 14 l 100
506 6 14 h 100
996 6 15 l 100
996 6 15 h 100
397 6 16 l 100
397 6 16 h 100
1140 7 0 l 100
1141 7 0 h 100
642 7 1 l 100
643 7 1 h 100
500 7 2 l 100
498 7 2 h 100
2 7 3 l 100
0 7 3 h 100
788 7 4 l 100
786 7 4 h 100
270 7 5 l 100
271 7 5 h 100
138 7 6 l 100
138 7 6 h 100
390 7 8 l 100
391 7 8 h 100
1526 7 9 l 100
1525 7 9 h 100
1429 7 10 l 100
1429 7 10 h 100
900 7 11 l 100
900 7 11 h 100
25 7 12 l 100
25 7 12 h 100
1180 7 13 l 100
1178 7 13 h 100
1030 7 14 l 100
1028 7 14 h 100
526 7 15 l 100
522 7 15 h 100
1323 7 16 l 100
1321 7 16 h 100
870 8 0 l 100
870 8 0 h 100
1393 8 1 l 100
1392 8 1 h 100
216 8 2 l 100
216 8 2 h 100
732 8 3 l 100
734 8 3 h 100
1242 8 4 l 100
1242 8 4 h 100
85 8 5 l 100
84 8 5 h 100
595 8 6 l 100
594 8 6 h 100
1092 8 7 l 100
1092 8 7 h 100
453 8 9 l 100
450 8 9 h 100
948 8 10 l 100
949 8 10 h 100
1470 8 11 l 100
1472 8 11 h 100
342 8 12 l 100
344 8 12 h 100
842 8 13 l 100
842 8 13 h 100
1370 8 14 l 100
1370 8 14 h 100
187 8 15 l 100
188 8 15 h 100
990 8 16 l 100
992 8 16 h 100
108 9 0 l 100
108 9 0 h 100
1267 9 1 l 100
1268 9 1 h 100
750 9 2 l 100
750 9 2 h 100
240 9 3 l 100
240 9 3 h 100
468 9 4 l 100
468 9 4 h 100
1608 9 5 l 54
1613 9 5 l 45
1610 9 5 h 100
1111 9 6 l 100
1111 9 6 h 100
614 9 7 l 100
614 9 7 h 100
867 9 8 l 100
866 9 8 h 100
1494 9 10 l 100
1494 9 10 h 100
966 9 11 l 100
967 9 11 h 100
1237 9 12 l 100
1236 9 12 h 100
729 9 13 l 100
726 9 13 h 100
212 9 14 l 100
212 9 14 h 100
1388 9 15 l 100
1388 9 15 h 100
264 9 16 l 100
264 9 16 h 100
985 10 0 l 100
985 10 0 h 100
1507 10 1 l 100
1508 10 1 h 100
1627 10 2 l 100
1627 10 2 h 100
493 10 3 l 100
492 10 3 h 100
636 10 4 l 100
636 10 4 h 100
1139 10 5 l 100
1134 10 5 h 100
1292 10 6 l 100
1292 10 6 h 100
133 10 7 l 66
134 10 7 l 33
133 10 7 h 100
102 10 8 l 100
102 10 8 h 100
606 10 9 l 100
607 10 9 h 100
1260 10 11 l 100
1261 10 11 h 100
1405 10 12 l 100
1405 10 12 h 100
235 10 13 l 100
234 10 13 h 100
375 10 14 l 100
372 10 14 h 100
882 10 15 l 100
882 10 15 h 100
1170 10 16 l 100
1170 10 16 h 100
258 11 0 l 100
258 11 0 h 100
1416 11 1 l 100
1417 11 1 h 100
1284 11 2 l 100
1285 11 2 h 100
774 11 3 l 100
775 11 3 h 100
630 11 4 l 100
630 11 4 h 100
126 11 5 l 100
126 11 5 h 100
1620 11 6 l 100
1621 11 6 h 100
1128 11 7 l 100
1128 11 7 h 100
1164 11 8 l 100
1164 11 8 h 100
660 11 9 l 100
662 11 9 h 100
516 11 10 l 100
518 11 10 h 100
1518 11 12 l 100
1518 11 12 h 100
1014 11 13 l 100
1015 11 13 h 100
897 11 14 l 100
894 11 14 h 100
384 11 15 l 100
384 11 15 h 100
414 11 16 l 100
415 11 16 h 100
1162 12 0 l 100
1158 12 0 h 100
17 12 1 l 100
14 12 1 h 100
513 12 2 l 46
511 12 2 l 53
510 12 2 h 100
1011 12 3 l 100
1008 12 3 h 100
798 12 4 l 100
798 12 4 h 100
1310 12 5 l 100
1310 12 5 h 100
152 12 6 l 100
152 12 6 h 100
656 12 7 l 7
658 12 7 l 92
656 12 7 h 100
408 12 8 l 100
408 12 8 h 100
913 12 9 l 100
913 12 9 h 100
1434 12 10 l 100
1435 12 10 h 100
282 12 11 l 100
282 12 11 h 100
541 12 13 l 100
540 12 13 h 100
1047 12 14 l 100
1044 12 14 h 100
1542 12 15 l 100
1542 12 15 h 100
1338 12 16 l 100
1338 12 16 h 100
402 13 0 l 100
402 13 0 h 100
1541 13 1 l 100
shutdown 13 1 h
1038 13 2 l 100
1038 13 2 h 100
534 13 3 l 100
534 13 3 h 100
37 13 4 l 100
37 13 4 h 100
1192 13 5 l 100
1190 13 5 h 100
683 13 6 l 100
shutdown 13 6 h
170 13 7 l 100
170 13 7 h 100
1333 13 8 l 100
1334 13 8 h 100
816 13 9 l 100
816 13 9 h 100
312 13 10 l 100
313 13 10 h 100
1440 13 11 l 100
1440 13 11 h 100
924 13 12 l 100
924 13 12 h 100
1554 13 14 l 93
1559 13 14 l 6
1554 13 14 h 100
1060 13 15 l 100
1056 13 15 h 100
564 13 16 l 100
564 13 16 h 100
1328 14 0 l 100
1328 14 0 h 100
166 14 1 l 100
164 14 1 h 100
308 14 2 l 100
308 14 2 h 100
813 14 3 l 100
812 14 3 h 100
33 14 4 l 100
32 14 4 h 100
529 14 5 l 100
529 14 5 h 100
674 14 6 l 100
674 14 6 h 100
1186 14 7 l 100
1184 14 7 h 100
782 14 8 l 100
782 14 8 h 100
908 14 9 l 24
909 14 9 l 75
908 14 9 h 100
1035 14 10 l 100
1032 14 10 h 100
1533 14 11 l 100
1530 14 11 h 100
792 14 12 l 100
792 14 12 h 100
1302 14 13 l 100
1302 14 13 h 100
276 14 15 l 100
276 14 15 h 100
319 14 16 l 100
319 14 16 h 100
558 15 0 l 100
558 15 0 h 100
53 15 1 l 100
48 15 1 h 100
1549 15 2 l 100
1549 15 2 h 100
1052 15 3 l 100
1051 15 3 h 100
181 15 4 l 100
181 15 4 h 100
1351 15 5 l 100
1351 15 5 h 100
1200 15 6 l 100
1200 15 6 h 100
694 15 7 l 100
690 15 7 h 100
1219 15 8 l 100
1219 15 8 h 100
806 15 9 l 100
806 15 9 h 100
670 15 10 l 100
666 15 10 h 100
156 15 11 l 100
156 15 11 h 100
918 15 12 l 100
918 15 12 h 100
420 15 13 l 100
420 15 13 h 100
300 15 14 l 100
300 15 14 h 100
760 15 16 l 100
758 15 16 h 100
1587 16 0 l 100
1584 16 0 h 100
289 16 1 l 100
289 16 1 h 100
1296 16 2 l 100
1296 16 2 h 100
118 16 3 l 100
114 16 3 h 100
552 16 4 l 100
552 16 4 h 100
298 16 5 l 100
295 16 5 h 100
19 16 6 l 100
20 16 6 h 100
1424 16 7 l 100
1424 16 7 h 100
1272 16 8 l 100
1274 16 8 h 100
1002 16 9 l 100
1002 16 9 h 100
1020 16 10 l 100
1020 16 10 h 100
1476 16 11 l 100
1476 16 11 h 100
1446 16 12 l 100
1446 16 12 h 100
480 16 13 l 100
480 16 13 h 100
475 16 14 l 100
475 16 14 h 100
1598 16 15 l 100
1598 16 15 h 100
