tunnel_num s t prio weight
324 0 1 l 100
324 0 1 h 100
822 0 2 l 100
824 0 2 h 100
1344 0 3 l 100
1346 0 3 h 100
174 0 4 l 100
174 0 4 h 100
684 0 5 l 100
684 0 5 h 100
1194 0 6 l 100
1194 0 6 h 100
42 0 7 l 45
45 0 7 l 4
46 0 7 l 49
42 0 7 h 100
704 0 8 l 100
704 0 8 h 100
1212 0 9 l 100
1212 0 9 h 100
62 0 10 l 100
62 0 10 h 100
581 0 11 l 100
578 0 11 h 100
1068 0 12 l 100
1070 0 12 h 100
1560 0 13 l 100
1561 0 13 h 100
428 0 14 l 100
428 0 14 h 100
930 0 15 l 100
930 0 15 h 100
1314 0 16 l 100
1314 0 16 h 100
696 1 0 l 100
698 1 0 h 100
1363 1 2 l 100
1364 1 2 h 100
835 1 3 l 100
835 1 3 h 100
1063 1 4 l 100
1064 1 4 h 100
570 1 5 l 100
572 1 5 h 100
54 1 6 l 100
54 1 6 h 100
1211 1 7 l 100
1206 1 7 h 100
1581 1 8 l 100
1580 1 8 h 100
1086 1 9 l 100
1088 1 9 h 100
588 1 10 l 100
588 1 10 h 100
80 1 11 l 100
80 1 11 h 100
336 1 12 l 100
337 1 12 h 100
1464 1 13 l 100
1464 1 13 h 100
942 1 14 l 100
942 1 14 h 100
444 1 15 l 100
445 1 15 h 100
546 1 16 l 100
546 1 16 h 100
1572 2 0 l 100
1572 2 0 h 100
439 2 1 l 100
440 2 1 h 100
1080 2 3 l 100
1080 2 3 h 100
1230 2 4 l 100
1232 2 4 h 100
72 2 5 l 100
72 2 5 h 100
206 2 6 l 100
206 2 6 h 100
721 2 7 l 100
722 2 7 h 100
860 2 8 l 100
860 2 8 h 100
1380 2 9 l 100
1380 2 9 h 100
1489 2 10 l 100
1490 2 10 h 100
362 2 11 l 100
361 2 11 h 100
462 2 12 l 100
464 2 12 h 100
963 2 13 l 100
960 2 13 h 100
1109 2 14 l 100
1104 2 14 h 100
1602 2 15 l 100
1604 2 15 h 100
1452 2 16 l 100
1454 2 16 h 100
852 3 0 l 100
852 3 0 h 100
355 3 1 l 100
355 3 1 h 100
198 3 2 l 100
198 3 2 h 100
1224 3 4 l 100
1224 3 4 h 100
714 3 5 l 100
716 3 5 h 100
583 3 6 l 100
583 3 6 h 100
69 3 7 l 100
68 3 7 h 100
1569 3 8 l 100
1568 3 8 h 100
1074 3 9 l 100
1076 3 9 h 100
937 3 10 l 100
937 3 10 h 100
433 3 11 l 100
433 3 11 h 100
333 3 12 l 100
330 3 12 h 100
1458 3 13 l 100
1460 3 13 h 100
1359 3 14 l 100
1356 3 14 h 100
828 3 15 l 100
828 3 15 h 100
978 3 16 l 100
978 3 16 h 100
96 4 0 l 100
98 4 0 h 100
601 4 1 l 100
602 4 1 h 100
1098 4 2 l 100
1098 4 2 h 100
1590 4 3 l 100
1590 4 3 h 100
228 4 5 l 100
230 4 5 h 100
745 4 6 l 100
746 4 6 h 100
1255 4 7 l 100
1256 4 7 h 100
850 4 8 l 100
848 4 8 h 100
1374 4 9 l 100
1376 4 9 h 100
196 4 10 l 100
193 4 10 h 100
712 4 11 l 100
709 4 11 h 100
457 4 12 l 100
458 4 12 h 100
954 4 13 l 62
955 4 13 l 37
954 4 13 h 100
1482 4 14 l 77
1487 4 14 l 22
1482 4 14 h 100
348 4 15 l 100
350 4 15 h 100
252 4 16 l 100
252 4 16 h 100
973 5 0 l 100
973 5 0 h 100
486 5 1 l 100
486 5 1 h 100
1614 5 2 l 100
1616 5 2 h 100
1122 5 3 l 100
1122 5 3 h 100
624 5 4 l 100
626 5 4 h 100
1281 5 6 l 100
1278 5 6 h 100
768 5 7 l 100
770 5 7 h 100
93 5 8 l 100
92 5 8 h 100
1249 5 9 l 100
1249 5 9 h 100
739 5 10 l 100
740 5 10 h 100
223 5 11 l 100
223 5 11 h 100
1399 5 12 l 100
1398 5 12 h 100
877 5 13 l 100
877 5 13 h 100
366 5 14 l 100
366 5 14 h 100
1500 5 15 l 100
1500 5 15 h 100
1152 5 16 l 100
1152 5 16 h 100
246 6 0 l 100
248 6 0 h 100
762 6 1 l 100
762 6 1 h 100
889 6 2 l 100
889 6 2 h 100
1411 6 3 l 100
1411 6 3 h 100
619 6 4 l 100
619 6 4 h 100
1116 6 5 l 100
1118 6 5 h 100
120 6 7 l 100
120 6 7 h 100
1150 6 8 l 100
1148 6 8 h 100
6 6 9 l 100
6 6 9 h 100
144 6 10 l 100
144 6 10 h 100
650 6 11 l 100
650 6 11 h 100
1512 6 12 l 100
1513 6 12 h 100
378 6 13 l 100
379 6 13 h 100
504 6 14 l 100
506 6 14 h 100
996 6 15 l 100
996 6 15 h 100
396 6 16 l 100
396 6 16 h 100
1140 7 0 l 100
1140 7 0 h 100
642 7 1 l 100
642 7 1 h 100
500 7 2 l 100
500 7 2 h 100
1 7 3 l 100
2 7 3 h 100
789 7 4 l 100
788 7 4 h 100
273 7 5 l 100
270 7 5 h 100
138 7 6 l 100
138 7 6 h 100
393 7 8 l 100
392 7 8 h 100
1526 7 9 l 100
1526 7 9 h 100
1431 7 10 l 100
1428 7 10 h 100
902 7 11 l 100
902 7 11 h 100
24 7 12 l 100
24 7 12 h 100
1180 7 13 l 100
1178 7 13 h 100
1030 7 14 l 100
1026 7 14 h 100
525 7 15 l 100
522 7 15 h 100
1320 7 16 l 100
1322 7 16 h 100
872 8 0 l 100
872 8 0 h 100
1395 8 1 l 100
1394 8 1 h 100
220 8 2 l 100
218 8 2 h 100
735 8 3 l 100
734 8 3 h 100
1244 8 4 l 24
1246 8 4 l 75
1244 8 4 h 100
87 8 5 l 100
86 8 5 h 100
598 8 6 l 100
596 8 6 h 100
1095 8 7 l 100
1094 8 7 h 100
453 8 9 l 100
452 8 9 h 100
948 8 10 l 100
948 8 10 h 100
1470 8 11 l 100
1470 8 11 h 100
342 8 12 l 100
342 8 12 h 100
842 8 13 l 100
842 8 13 h 100
1370 8 14 l 100
1370 8 14 h 100
188 8 15 l 100
188 8 15 h 100
993 8 16 l 100
992 8 16 h 100
108 9 0 l 100
109 9 0 h 100
1266 9 1 l 100
1266 9 1 h 100
750 9 2 l 100
750 9 2 h 100
240 9 3 l 100
240 9 3 h 100
468 9 4 l 100
470 9 4 h 100
1608 9 5 l 57
1612 9 5 l 42
1608 9 5 h 100
1113 9 6 l 45
1114 9 6 l 54
1112 9 6 h 100
614 9 7 l 100
612 9 7 h 100
867 9 8 l 100
866 9 8 h 100
1494 9 10 l 100
1495 9 10 h 100
966 9 11 l 100
967 9 11 h 100
1237 9 12 l 100
1236 9 12 h 100
726 9 13 l 100
728 9 13 h 100
212 9 14 l 100
210 9 14 h 100
1386 9 15 l 100
1387 9 15 h 100
264 9 16 l 100
264 9 16 h 100
985 10 0 l 100
985 10 0 h 100
1509 10 1 l 100
1506 10 1 h 100
1627 10 2 l 100
1628 10 2 h 100
493 10 3 l 100
494 10 3 h 100
637 10 4 l 100
637 10 4 h 100
1136 10 5 l 100
1136 10 5 h 100
1294 10 6 l 100
1290 10 6 h 100
throttle 10 7 l 0.106410
132 10 7 l 84
135 10 7 l 15
132 10 7 h 100
102 10 8 l 100
102 10 8 h 100
606 10 9 l 100
607 10 9 h 100
1260 10 11 l 100
1260 10 11 h 100
1404 10 12 l 100
1405 10 12 h 100
235 10 13 l 100
234 10 13 h 100
throttle 10 14 l 0.240290
374 10 14 l 100
374 10 14 h 100
882 10 15 l 100
883 10 15 h 100
1174 10 16 l 100
1171 10 16 h 100
260 11 0 l 100
260 11 0 h 100
1418 11 1 l 100
1418 11 1 h 100
1285 11 2 l 100
1285 11 2 h 100
777 11 3 l 100
775 11 3 h 100
631 11 4 l 100
632 11 4 h 100
127 11 5 l 100
127 11 5 h 100
1622 11 6 l 100
1622 11 6 h 100
1131 11 7 l 100
1129 11 7 h 100
1164 11 8 l 100
1164 11 8 h 100
660 11 9 l 100
660 11 9 h 100
516 11 10 l 100
517 11 10 h 100
1518 11 12 l 100
1518 11 12 h 100
1014 11 13 l 100
1014 11 13 h 100
897 11 14 l 100
894 11 14 h 100
384 11 15 l 100
384 11 15 h 100
414 11 16 l 100
414 11 16 h 100
1163 12 0 l 100
1158 12 0 h 100
15 12 1 l 100
12 12 1 h 100
512 12 2 l 100
510 12 2 h 100
1011 12 3 l 100
1008 12 3 h 100
throttle 12 4 l 0.047114
800 12 4 l 100
799 12 4 h 100
1312 12 5 l 100
1309 12 5 h 100
154 12 6 l 100
150 12 6 h 100
throttle 12 7 l 0.564401
654 12 7 l 57
658 12 7 l 42
655 12 7 h 100
408 12 8 l 100
408 12 8 h 100
913 12 9 l 100
913 12 9 h 100
1434 12 10 l 100
1435 12 10 h 100
282 12 11 l 100
282 12 11 h 100
541 12 13 l 100
541 12 13 h 100
1044 12 14 l 100
1044 12 14 h 100
1542 12 15 l 100
1542 12 15 h 100
1339 12 16 l 100
1340 12 16 h 100
403 13 0 l 100
402 13 0 h 100
1536 13 1 l 100
1536 13 1 h 100
1038 13 2 l 100
1038 13 2 h 100
534 13 3 l 100
536 13 3 h 100
37 13 4 l 100
37 13 4 h 100
1188 13 5 l 100
1188 13 5 h 100
679 13 6 l 100
679 13 6 h 100
172 13 7 l 53
173 13 7 l 46
170 13 7 h 100
1334 13 8 l 100
1334 13 8 h 100
816 13 9 l 100
817 13 9 h 100
312 13 10 l 100
312 13 10 h 100
1440 13 11 l 100
1441 13 11 h 100
924 13 12 l 100
924 13 12 h 100
1554 13 14 l 100
1554 13 14 h 100
1056 13 15 l 100
1057 13 15 h 100
564 13 16 l 100
564 13 16 h 100
1326 14 0 l 100
1328 14 0 h 100
162 14 1 l 100
162 14 1 h 100
308 14 2 l 100
306 14 2 h 100
810 14 3 l 100
810 14 3 h 100
35 14 4 l 100
30 14 4 h 100
528 14 5 l 100
529 14 5 h 100
672 14 6 l 100
674 14 6 h 100
1186 14 7 l 100
1182 14 7 h 100
782 14 8 l 100
782 14 8 h 100
906 14 9 l 100
906 14 9 h 100
1032 14 10 l 100
1034 14 10 h 100
1530 14 11 l 100
1530 14 11 h 100
792 14 12 l 100
792 14 12 h 100
1303 14 13 l 100
1304 14 13 h 100
276 14 15 l 100
276 14 15 h 100
318 14 16 l 100
320 14 16 h 100
558 15 0 l 100
559 15 0 h 100
48 15 1 l 100
49 15 1 h 100
1550 15 2 l 100
1550 15 2 h 100
1055 15 3 l 100
1052 15 3 h 100
180 15 4 l 100
180 15 4 h 100
1350 15 5 l 100
1351 15 5 h 100
1200 15 6 l 100
1200 15 6 h 100
690 15 7 l 100
692 15 7 h 100
1220 15 8 l 100
1220 15 8 h 100
808 15 9 l 100
805 15 9 h 100
667 15 10 l 100
667 15 10 h 100
156 15 11 l 100
156 15 11 h 100
922 15 12 l 100
919 15 12 h 100
420 15 13 l 100
421 15 13 h 100
301 15 14 l 100
301 15 14 h 100
757 15 16 l 100
757 15 16 h 100
1584 16 0 l 100
1585 16 0 h 100
288 16 1 l 100
290 16 1 h 100
1296 16 2 l 100
1298 16 2 h 100
114 16 3 l 100
116 16 3 h 100
552 16 4 l 100
552 16 4 h 100
294 16 5 l 100
295 16 5 h 100
18 16 6 l 100
18 16 6 h 100
1425 16 7 l 100
1424 16 7 h 100
1275 16 8 l 100
1274 16 8 h 100
1002 16 9 l 100
1002 16 9 h 100
1020 16 10 l 100
1020 16 10 h 100
1476 16 11 l 100
1476 16 11 h 100
1446 16 12 l 100
1447 16 12 h 100
480 16 13 l 100
480 16 13 h 100
475 16 14 l 100
474 16 14 h 100
1596 16 15 l 100
1597 16 15 h 100
