tunnel_num s t prio weight
324 0 1 l 100
324 0 1 h 100
throttle 0 2 l 0.757134
826 0 2 l 100
823 0 2 h 100
throttle 0 3 l 0.837267
1348 0 3 l 100
1345 0 3 h 100
175 0 4 l 100
175 0 4 h 100
684 0 5 l 100
684 0 5 h 100
1194 0 6 l 100
1194 0 6 h 100
42 0 7 l 100
42 0 7 h 100
703 0 8 l 100
703 0 8 h 100
throttle 0 9 l 0.680596
1213 0 9 l 100
1214 0 9 h 100
throttle 0 10 l 0.562171
62 0 10 l 100
62 0 10 h 100
throttle 0 11 l 0.238181
580 0 11 l 100
577 0 11 h 100
1070 0 12 l 100
1070 0 12 h 100
1561 0 13 l 100
1561 0 13 h 100
throttle 0 14 l 0.770235
428 0 14 l 100
428 0 14 h 100
930 0 15 l 100
930 0 15 h 100
1315 0 16 l 100
1315 0 16 h 100
696 1 0 l 100
696 1 0 h 100
1362 1 2 l 100
1362 1 2 h 100
834 1 3 l 100
835 1 3 h 100
1063 1 4 l 100
1063 1 4 h 100
570 1 5 l 100
570 1 5 h 100
54 1 6 l 100
56 1 6 h 100
1206 1 7 l 100
1207 1 7 h 100
1578 1 8 l 100
1579 1 8 h 100
1086 1 9 l 100
1087 1 9 h 100
591 1 10 l 100
588 1 10 h 100
78 1 11 l 100
78 1 11 h 100
337 1 12 l 100
336 1 12 h 100
1465 1 13 l 100
1464 1 13 h 100
944 1 14 l 100
943 1 14 h 100
444 1 15 l 100
446 1 15 h 100
546 1 16 l 100
548 1 16 h 100
1573 2 0 l 100
1574 2 0 h 100
438 2 1 l 100
440 2 1 h 100
1080 2 3 l 100
1080 2 3 h 100
1230 2 4 l 100
1230 2 4 h 100
73 2 5 l 100
72 2 5 h 100
204 2 6 l 100
205 2 6 h 100
720 2 7 l 100
721 2 7 h 100
858 2 8 l 100
860 2 8 h 100
1380 2 9 l 100
1382 2 9 h 100
1492 2 10 l 100
1489 2 10 h 100
360 2 11 l 100
361 2 11 h 100
462 2 12 l 100
464 2 12 h 100
960 2 13 l 100
961 2 13 h 100
1106 2 14 l 100
1104 2 14 h 100
1603 2 15 l 100
1602 2 15 h 100
1452 2 16 l 100
1452 2 16 h 100
853 3 0 l 100
854 3 0 h 100
354 3 1 l 100
355 3 1 h 100
198 3 2 l 100
198 3 2 h 100
1224 3 4 l 100
1226 3 4 h 100
715 3 5 l 100
714 3 5 h 100
582 3 6 l 100
583 3 6 h 100
66 3 7 l 100
67 3 7 h 100
1566 3 8 l 100
1568 3 8 h 100
1074 3 9 l 100
1074 3 9 h 100
941 3 10 l 100
937 3 10 h 100
432 3 11 l 100
432 3 11 h 100
331 3 12 l 100
330 3 12 h 100
1458 3 13 l 100
1458 3 13 h 100
1361 3 14 l 100
1356 3 14 h 100
829 3 15 l 100
828 3 15 h 100
978 3 16 l 100
978 3 16 h 100
throttle 4 0 l 0.079435
97 4 0 l 100
97 4 0 h 100
603 4 1 l 100
602 4 1 h 100
1100 4 2 l 100
1098 4 2 h 100
1590 4 3 l 100
1590 4 3 h 100
231 4 5 l 100
230 4 5 h 100
744 4 6 l 100
746 4 6 h 100
throttle 4 7 l 0.735582
1254 4 7 l 100
1255 4 7 h 100
846 4 8 l 100
848 4 8 h 100
1376 4 9 l 47
1374 4 9 l 52
1374 4 9 h 100
196 4 10 l 100
193 4 10 h 100
708 4 11 l 100
708 4 11 h 100
456 4 12 l 100
456 4 12 h 100
957 4 13 l 100
955 4 13 h 100
1484 4 14 l 100
1484 4 14 h 100
349 4 15 l 100
350 4 15 h 100
254 4 16 l 100
252 4 16 h 100
972 5 0 l 100
972 5 0 h 100
486 5 1 l 100
488 5 1 h 100
1614 5 2 l 100
1615 5 2 h 100
1122 5 3 l 100
1122 5 3 h 100
624 5 4 l 100
624 5 4 h 100
1278 5 6 l 100
1279 5 6 h 100
throttle 5 7 l 0.169723
768 5 7 l 100
769 5 7 h 100
90 5 8 l 100
92 5 8 h 100
1248 5 9 l 100
1249 5 9 h 100
739 5 10 l 100
739 5 10 h 100
222 5 11 l 100
224 5 11 h 100
1400 5 12 l 100
1400 5 12 h 100
877 5 13 l 100
876 5 13 h 100
368 5 14 l 100
366 5 14 h 100
1501 5 15 l 100
1500 5 15 h 100
1152 5 16 l 100
1153 5 16 h 100
246 6 0 l 100
246 6 0 h 100
762 6 1 l 100
763 6 1 h 100
888 6 2 l 100
888 6 2 h 100
1410 6 3 l 100
1410 6 3 h 100
618 6 4 l 100
618 6 4 h 100
1116 6 5 l 100
1117 6 5 h 100
120 6 7 l 100
120 6 7 h 100
1146 6 8 l 100
1146 6 8 h 100
7 6 9 l 100
7 6 9 h 100
144 6 10 l 100
144 6 10 h 100
648 6 11 l 100
648 6 11 h 100
1514 6 12 l 100
1514 6 12 h 100
379 6 13 l 100
380 6 13 h 100
506 6 14 l 100
506 6 14 h 100
996 6 15 l 100
998 6 15 h 100
396 6 16 l 100
397 6 16 h 100
1140 7 0 l 100
1140 7 0 h 100
642 7 1 l 100
643 7 1 h 100
498 7 2 l 100
498 7 2 h 100
0 7 3 l 100
0 7 3 h 100
throttle 7 4 l 0.259582
786 7 4 l 100
786 7 4 h 100
270 7 5 l 100
271 7 5 h 100
138 7 6 l 100
138 7 6 h 100
390 7 8 l 100
390 7 8 h 100
1524 7 9 l 18
1529 7 9 l 81
1525 7 9 h 100
1428 7 10 l 100
1428 7 10 h 100
900 7 11 l 100
900 7 11 h 100
24 7 12 l 100
25 7 12 h 100
1177 7 13 l 100
1177 7 13 h 100
throttle 7 14 l 0.102372
1030 7 14 l 100
1027 7 14 h 100
522 7 15 l 100
522 7 15 h 100
1320 7 16 l 100
1321 7 16 h 100
871 8 0 l 100
871 8 0 h 100
1393 8 1 l 100
1393 8 1 h 100
216 8 2 l 100
218 8 2 h 100
732 8 3 l 100
732 8 3 h 100
1242 8 4 l 100
1244 8 4 h 100
85 8 5 l 100
84 8 5 h 100
594 8 6 l 100
594 8 6 h 100
throttle 8 7 l 0.249242
1092 8 7 l 100
1092 8 7 h 100
450 8 9 l 100
450 8 9 h 100
949 8 10 l 100
949 8 10 h 100
1470 8 11 l 100
1472 8 11 h 100
342 8 12 l 100
344 8 12 h 100
842 8 13 l 100
840 8 13 h 100
1370 8 14 l 100
1368 8 14 h 100
186 8 15 l 100
187 8 15 h 100
990 8 16 l 100
990 8 16 h 100
109 9 0 l 100
109 9 0 h 100
1267 9 1 l 100
1266 9 1 h 100
750 9 2 l 100
750 9 2 h 100
240 9 3 l 100
241 9 3 h 100
468 9 4 l 100
468 9 4 h 100
1611 9 5 l 100
1609 9 5 h 100
1113 9 6 l 100
1112 9 6 h 100
615 9 7 l 100
613 9 7 h 100
866 9 8 l 100
865 9 8 h 100
1494 9 10 l 100
1494 9 10 h 100
966 9 11 l 100
968 9 11 h 100
1238 9 12 l 100
1238 9 12 h 100
726 9 13 l 100
727 9 13 h 100
215 9 14 l 100
212 9 14 h 100
1389 9 15 l 100
1387 9 15 h 100
264 9 16 l 100
264 9 16 h 100
986 10 0 l 100
986 10 0 h 100
1509 10 1 l 100
1506 10 1 h 100
1627 10 2 l 100
1627 10 2 h 100
493 10 3 l 100
493 10 3 h 100
640 10 4 l 100
638 10 4 h 100
1135 10 5 l 100
1135 10 5 h 100
1290 10 6 l 100
1290 10 6 h 100
throttle 10 7 l 0.106410
132 10 7 l 100
132 10 7 h 100
106 10 8 l 100
103 10 8 h 100
606 10 9 l 100
606 10 9 h 100
1261 10 11 l 100
1261 10 11 h 100
1405 10 12 l 16
1407 10 12 l 83
1405 10 12 h 100
235 10 13 l 100
235 10 13 h 100
375 10 14 l 100
374 10 14 h 100
886 10 15 l 100
883 10 15 h 100
1170 10 16 l 100
1170 10 16 h 100
262 11 0 l 100
259 11 0 h 100
1416 11 1 l 100
1417 11 1 h 100
1284 11 2 l 100
1285 11 2 h 100
774 11 3 l 100
774 11 3 h 100
630 11 4 l 100
632 11 4 h 100
128 11 5 l 100
126 11 5 h 100
1620 11 6 l 100
1620 11 6 h 100
1128 11 7 l 100
1128 11 7 h 100
1164 11 8 l 100
1164 11 8 h 100
660 11 9 l 100
660 11 9 h 100
517 11 10 l 100
517 11 10 h 100
1518 11 12 l 100
1518 11 12 h 100
1014 11 13 l 100
1014 11 13 h 100
894 11 14 l 100
894 11 14 h 100
384 11 15 l 100
385 11 15 h 100
414 11 16 l 100
414 11 16 h 100
1160 12 0 l 100
1160 12 0 h 100
17 12 1 l 100
13 12 1 h 100
510 12 2 l 100
511 12 2 h 100
1009 12 3 l 100
1008 12 3 h 100
798 12 4 l 100
798 12 4 h 100
1308 12 5 l 100
1310 12 5 h 100
152 12 6 l 100
152 12 6 h 100
throttle 12 7 l 0.661160
654 12 7 l 75
659 12 7 l 24
655 12 7 h 100
408 12 8 l 100
408 12 8 h 100
912 12 9 l 100
912 12 9 h 100
1435 12 10 l 100
1435 12 10 h 100
282 12 11 l 100
282 12 11 h 100
540 12 13 l 100
540 12 13 h 100
1044 12 14 l 100
1044 12 14 h 100
1542 12 15 l 100
1544 12 15 h 100
1338 12 16 l 100
1338 12 16 h 100
407 13 0 l 100
404 13 0 h 100
1536 13 1 l 100
1537 13 1 h 100
1042 13 2 l 100
1038 13 2 h 100
534 13 3 l 100
534 13 3 h 100
39 13 4 l 100
37 13 4 h 100
1188 13 5 l 100
1189 13 5 h 100
683 13 6 l 100
679 13 6 h 100
172 13 7 l 100
169 13 7 h 100
1334 13 8 l 100
1333 13 8 h 100
816 13 9 l 100
816 13 9 h 100
313 13 10 l 100
313 13 10 h 100
1443 13 11 l 100
1440 13 11 h 100
926 13 12 l 100
924 13 12 h 100
1557 13 14 l 100
1556 13 14 h 100
1056 13 15 l 100
1058 13 15 h 100
564 13 16 l 100
564 13 16 h 100
1326 14 0 l 100
1328 14 0 h 100
162 14 1 l 100
162 14 1 h 100
306 14 2 l 100
308 14 2 h 100
810 14 3 l 100
811 14 3 h 100
30 14 4 l 100
32 14 4 h 100
528 14 5 l 100
530 14 5 h 100
674 14 6 l 100
674 14 6 h 100
1186 14 7 l 100
1183 14 7 h 100
780 14 8 l 100
782 14 8 h 100
908 14 9 l 100
908 14 9 h 100
1035 14 10 l 100
1034 14 10 h 100
1530 14 11 l 100
1530 14 11 h 100
794 14 12 l 100
792 14 12 h 100
1302 14 13 l 100
1302 14 13 h 100
276 14 15 l 100
276 14 15 h 100
319 14 16 l 100
319 14 16 h 100
558 15 0 l 100
558 15 0 h 100
48 15 1 l 100
48 15 1 h 100
1550 15 2 l 100
1549 15 2 h 100
1051 15 3 l 100
1051 15 3 h 100
181 15 4 l 100
181 15 4 h 100
1350 15 5 l 100
1352 15 5 h 100
1200 15 6 l 100
1200 15 6 h 100
690 15 7 l 100
690 15 7 h 100
1219 15 8 l 100
1219 15 8 h 100
805 15 9 l 100
806 15 9 h 100
667 15 10 l 100
667 15 10 h 100
158 15 11 l 100
158 15 11 h 100
918 15 12 l 100
918 15 12 h 100
420 15 13 l 100
420 15 13 h 100
302 15 14 l 100
302 15 14 h 100
758 15 16 l 100
758 15 16 h 100
1585 16 0 l 100
1585 16 0 h 100
293 16 1 l 100
290 16 1 h 100
1296 16 2 l 100
1298 16 2 h 100
118 16 3 l 100
114 16 3 h 100
555 16 4 l 100
552 16 4 h 100
297 16 5 l 100
294 16 5 h 100
21 16 6 l 100
19 16 6 h 100
1422 16 7 l 100
1423 16 7 h 100
1274 16 8 l 100
1274 16 8 h 100
1002 16 9 l 100
1004 16 9 h 100
1020 16 10 l 100
1020 16 10 h 100
1476 16 11 l 100
1476 16 11 h 100
1446 16 12 l 100
1448 16 12 h 100
480 16 13 l 100
481 16 13 h 100
475 16 14 l 100
475 16 14 h 100
1596 16 15 l 100
1598 16 15 h 100
