tunnel_num s t prio weight
324 0 1 l 100
324 0 1 h 100
822 0 2 l 100
822 0 2 h 100
1344 0 3 l 100
1344 0 3 h 100
174 0 4 l 100
176 0 4 h 100
684 0 5 l 100
684 0 5 h 100
1194 0 6 l 100
1194 0 6 h 100
42 0 7 l 100
42 0 7 h 100
702 0 8 l 100
704 0 8 h 100
1212 0 9 l 100
1212 0 9 h 100
61 0 10 l 100
61 0 10 h 100
581 0 11 l 100
577 0 11 h 100
1073 0 12 l 100
1070 0 12 h 100
1561 0 13 l 100
1561 0 13 h 100
427 0 14 l 25
428 0 14 l 10
431 0 14 l 63
426 0 14 h 100
930 0 15 l 100
930 0 15 h 100
1314 0 16 l 100
1314 0 16 h 100
696 1 0 l 100
696 1 0 h 100
1362 1 2 l 100
1363 1 2 h 100
835 1 3 l 100
836 1 3 h 100
1062 1 4 l 100
1063 1 4 h 100
570 1 5 l 100
570 1 5 h 100
54 1 6 l 100
55 1 6 h 100
1206 1 7 l 100
1206 1 7 h 100
1578 1 8 l 100
1578 1 8 h 100
1087 1 9 l 100
1087 1 9 h 100
589 1 10 l 100
590 1 10 h 100
78 1 11 l 100
79 1 11 h 100
336 1 12 l 100
336 1 12 h 100
1464 1 13 l 100
1466 1 13 h 100
944 1 14 l 100
943 1 14 h 100
444 1 15 l 100
445 1 15 h 100
548 1 16 l 100
547 1 16 h 100
1572 2 0 l 100
1572 2 0 h 100
439 2 1 l 100
438 2 1 h 100
1080 2 3 l 100
1080 2 3 h 100
1230 2 4 l 100
1230 2 4 h 100
72 2 5 l 100
72 2 5 h 100
204 2 6 l 100
205 2 6 h 100
722 2 7 l 100
722 2 7 h 100
858 2 8 l 100
858 2 8 h 100
1384 2 9 l 100
1380 2 9 h 100
1489 2 10 l 100
1489 2 10 h 100
362 2 11 l 100
362 2 11 h 100
463 2 12 l 100
463 2 12 h 100
961 2 13 l 100
962 2 13 h 100
1108 2 14 l 100
1104 2 14 h 100
1602 2 15 l 100
1603 2 15 h 100
1456 2 16 l 100
1452 2 16 h 100
852 3 0 l 100
852 3 0 h 100
354 3 1 l 100
356 3 1 h 100
198 3 2 l 100
198 3 2 h 100
1224 3 4 l 100
1225 3 4 h 100
714 3 5 l 100
716 3 5 h 100
582 3 6 l 100
584 3 6 h 100
68 3 7 l 100
68 3 7 h 100
1566 3 8 l 100
1567 3 8 h 100
1074 3 9 l 100
1074 3 9 h 100
936 3 10 l 100
937 3 10 h 100
432 3 11 l 100
434 3 11 h 100
331 3 12 l 100
332 3 12 h 100
1459 3 13 l 100
1460 3 13 h 100
1361 3 14 l 100
1358 3 14 h 100
828 3 15 l 100
830 3 15 h 100
978 3 16 l 100
978 3 16 h 100
96 4 0 l 100
98 4 0 h 100
601 4 1 l 100
601 4 1 h 100
1098 4 2 l 100
1098 4 2 h 100
1590 4 3 l 100
1591 4 3 h 100
228 4 5 l 100
229 4 5 h 100
745 4 6 l 100
744 4 6 h 100
throttle 4 7 l 0.313819
1254 4 7 l 92
1255 4 7 l 7
1254 4 7 h 100
846 4 8 l 100
846 4 8 h 100
1374 4 9 l 100
1374 4 9 h 100
192 4 10 l 77
197 4 10 l 22
192 4 10 h 100
708 4 11 l 100
709 4 11 h 100
456 4 12 l 100
456 4 12 h 100
957 4 13 l 100
956 4 13 h 100
1482 4 14 l 100
1483 4 14 h 100
348 4 15 l 100
350 4 15 h 100
257 4 16 l 100
252 4 16 h 100
973 5 0 l 100
972 5 0 h 100
486 5 1 l 100
487 5 1 h 100
1614 5 2 l 100
1614 5 2 h 100
1122 5 3 l 100
1124 5 3 h 100
624 5 4 l 100
625 5 4 h 100
1278 5 6 l 100
1279 5 6 h 100
768 5 7 l 100
768 5 7 h 100
90 5 8 l 100
90 5 8 h 100
1248 5 9 l 100
1250 5 9 h 100
738 5 10 l 100
738 5 10 h 100
223 5 11 l 100
223 5 11 h 100
1400 5 12 l 100
1398 5 12 h 100
880 5 13 l 100
876 5 13 h 100
367 5 14 l 100
367 5 14 h 100
1500 5 15 l 100
1500 5 15 h 100
1156 5 16 l 100
1153 5 16 h 100
246 6 0 l 100
246 6 0 h 100
762 6 1 l 100
763 6 1 h 100
888 6 2 l 100
888 6 2 h 100
1410 6 3 l 100
1412 6 3 h 100
618 6 4 l 100
618 6 4 h 100
1116 6 5 l 100
1117 6 5 h 100
120 6 7 l 100
120 6 7 h 100
1146 6 8 l 100
1148 6 8 h 100
7 6 9 l 100
7 6 9 h 100
145 6 10 l 100
146 6 10 h 100
648 6 11 l 100
649 6 11 h 100
1512 6 12 l 100
1512 6 12 h 100
378 6 13 l 100
380 6 13 h 100
504 6 14 l 100
505 6 14 h 100
996 6 15 l 100
996 6 15 h 100
400 6 16 l 100
397 6 16 h 100
1140 7 0 l 100
1140 7 0 h 100
642 7 1 l 100
643 7 1 h 100
500 7 2 l 100
500 7 2 h 100
2 7 3 l 100
2 7 3 h 100
786 7 4 l 100
786 7 4 h 100
270 7 5 l 100
271 7 5 h 100
138 7 6 l 100
138 7 6 h 100
390 7 8 l 100
390 7 8 h 100
1526 7 9 l 100
1526 7 9 h 100
1429 7 10 l 100
1429 7 10 h 100
900 7 11 l 100
901 7 11 h 100
24 7 12 l 100
24 7 12 h 100
1180 7 13 l 100
1176 7 13 h 100
1026 7 14 l 100
1027 7 14 h 100
522 7 15 l 100
523 7 15 h 100
1322 7 16 l 100
1322 7 16 h 100
870 8 0 l 100
871 8 0 h 100
1393 8 1 l 100
1393 8 1 h 100
220 8 2 l 100
216 8 2 h 100
732 8 3 l 100
733 8 3 h 100
1242 8 4 l 10
1247 8 4 l 89
1242 8 4 h 100
84 8 5 l 100
84 8 5 h 100
596 8 6 l 100
595 8 6 h 100
1092 8 7 l 100
1092 8 7 h 100
453 8 9 l 100
450 8 9 h 100
948 8 10 l 100
948 8 10 h 100
1470 8 11 l 100
1471 8 11 h 100
342 8 12 l 100
343 8 12 h 100
842 8 13 l 100
842 8 13 h 100
1370 8 14 l 100
1369 8 14 h 100
186 8 15 l 100
188 8 15 h 100
993 8 16 l 100
990 8 16 h 100
108 9 0 l 100
108 9 0 h 100
1267 9 1 l 100
1268 9 1 h 100
750 9 2 l 100
750 9 2 h 100
240 9 3 l 100
240 9 3 h 100
468 9 4 l 100
468 9 4 h 100
1608 9 5 l 100
1608 9 5 h 100
1112 9 6 l 100
1112 9 6 h 100
614 9 7 l 100
614 9 7 h 100
867 9 8 l 100
864 9 8 h 100
1494 9 10 l 100
1494 9 10 h 100
967 9 11 l 100
967 9 11 h 100
1237 9 12 l 100
1237 9 12 h 100
729 9 13 l 100
727 9 13 h 100
210 9 14 l 100
210 9 14 h 100
1386 9 15 l 100
1388 9 15 h 100
264 9 16 l 100
264 9 16 h 100
985 10 0 l 100
985 10 0 h 100
1508 10 1 l 100
1507 10 1 h 100
1627 10 2 l 100
1627 10 2 h 100
493 10 3 l 100
493 10 3 h 100
637 10 4 l 100
636 10 4 h 100
1137 10 5 l 100
1134 10 5 h 100
1292 10 6 l 100
1292 10 6 h 100
throttle 10 7 l 0.055542
134 10 7 l 93
135 10 7 l 6
133 10 7 h 100
102 10 8 l 100
102 10 8 h 100
606 10 9 l 100
606 10 9 h 100
1262 10 11 l 100
1260 10 11 h 100
1404 10 12 l 100
1406 10 12 h 100
234 10 13 l 100
236 10 13 h 100
372 10 14 l 65
377 10 14 l 34
373 10 14 h 100
882 10 15 l 100
884 10 15 h 100
1170 10 16 l 100
1170 10 16 h 100
263 11 0 l 100
259 11 0 h 100
1416 11 1 l 100
1416 11 1 h 100
1286 11 2 l 100
1286 11 2 h 100
774 11 3 l 100
776 11 3 h 100
630 11 4 l 100
630 11 4 h 100
126 11 5 l 100
126 11 5 h 100
1620 11 6 l 100
1621 11 6 h 100
1128 11 7 l 100
1128 11 7 h 100
1164 11 8 l 100
1164 11 8 h 100
661 11 9 l 100
661 11 9 h 100
516 11 10 l 100
516 11 10 h 100
1518 11 12 l 100
1518 11 12 h 100
1014 11 13 l 100
1014 11 13 h 100
894 11 14 l 100
896 11 14 h 100
384 11 15 l 100
384 11 15 h 100
415 11 16 l 100
415 11 16 h 100
1163 12 0 l 100
1159 12 0 h 100
16 12 1 l 100
14 12 1 h 100
513 12 2 l 100
511 12 2 h 100
1011 12 3 l 100
1009 12 3 h 100
798 12 4 l 100
798 12 4 h 100
1308 12 5 l 100
1310 12 5 h 100
154 12 6 l 100
152 12 6 h 100
throttle 12 7 l 0.079209
658 12 7 l 100
654 12 7 h 100
408 12 8 l 100
408 12 8 h 100
913 12 9 l 100
913 12 9 h 100
1434 12 10 l 100
1434 12 10 h 100
284 12 11 l 100
282 12 11 h 100
540 12 13 l 100
540 12 13 h 100
1044 12 14 l 100
1046 12 14 h 100
1542 12 15 l 100
1542 12 15 h 100
1339 12 16 l 100
1339 12 16 h 100
406 13 0 l 100
403 13 0 h 100
1536 13 1 l 100
1536 13 1 h 100
1040 13 2 l 100
1039 13 2 h 100
537 13 3 l 100
536 13 3 h 100
36 13 4 l 100
38 13 4 h 100
1188 13 5 l 100
1188 13 5 h 100
683 13 6 l 100
678 13 6 h 100
172 13 7 l 100
168 13 7 h 100
1332 13 8 l 100
1334 13 8 h 100
819 13 9 l 100
817 13 9 h 100
312 13 10 l 100
312 13 10 h 100
1440 13 11 l 100
1440 13 11 h 100
924 13 12 l 100
924 13 12 h 100
1554 13 14 l 33
1558 13 14 l 66
1554 13 14 h 100
1056 13 15 l 100
1056 13 15 h 100
567 13 16 l 100
566 13 16 h 100
1326 14 0 l 100
1328 14 0 h 100
162 14 1 l 100
164 14 1 h 100
306 14 2 l 100
306 14 2 h 100
810 14 3 l 100
812 14 3 h 100
30 14 4 l 100
32 14 4 h 100
528 14 5 l 100
530 14 5 h 100
672 14 6 l 100
674 14 6 h 100
1186 14 7 l 100
1182 14 7 h 100
780 14 8 l 100
782 14 8 h 100
906 14 9 l 100
906 14 9 h 100
1032 14 10 l 100
1032 14 10 h 100
1530 14 11 l 100
1530 14 11 h 100
792 14 12 l 100
792 14 12 h 100
1306 14 13 l 100
1302 14 13 h 100
276 14 15 l 100
276 14 15 h 100
322 14 16 l 100
320 14 16 h 100
558 15 0 l 100
558 15 0 h 100
48 15 1 l 100
48 15 1 h 100
1549 15 2 l 100
1549 15 2 h 100
1051 15 3 l 100
1052 15 3 h 100
181 15 4 l 100
181 15 4 h 100
1350 15 5 l 100
1351 15 5 h 100
1200 15 6 l 100
1200 15 6 h 100
690 15 7 l 100
690 15 7 h 100
1218 15 8 l 100
1219 15 8 h 100
806 15 9 l 100
806 15 9 h 100
666 15 10 l 100
666 15 10 h 100
156 15 11 l 100
156 15 11 h 100
918 15 12 l 100
919 15 12 h 100
420 15 13 l 100
421 15 13 h 100
300 15 14 l 100
300 15 14 h 100
759 15 16 l 100
shutdown 15 16 h
1584 16 0 l 100
1584 16 0 h 100
290 16 1 l 100
289 16 1 h 100
1296 16 2 l 100
1296 16 2 h 100
114 16 3 l 100
114 16 3 h 100
557 16 4 l 100
552 16 4 h 100
295 16 5 l 100
295 16 5 h 100
19 16 6 l 100
20 16 6 h 100
1424 16 7 l 100
1424 16 7 h 100
1275 16 8 l 100
1272 16 8 h 100
1002 16 9 l 100
1002 16 9 h 100
1020 16 10 l 100
1020 16 10 h 100
1478 16 11 l 100
1477 16 11 h 100
1449 16 12 l 100
1447 16 12 h 100
482 16 13 l 100
482 16 13 h 100
478 16 14 l 100
476 16 14 h 100
1600 16 15 l 100
shutdown 16 15 h
