tunnel_num s t prio weight
324 0 1 l 100
324 0 1 h 100
822 0 2 l 100
822 0 2 h 100
1344 0 3 l 100
1344 0 3 h 100
179 0 4 l 100
176 0 4 h 100
689 0 5 l 100
684 0 5 h 100
1198 0 6 l 100
1194 0 6 h 100
42 0 7 l 100
42 0 7 h 100
703 0 8 l 100
703 0 8 h 100
1212 0 9 l 100
1212 0 9 h 100
61 0 10 l 41
62 0 10 l 58
61 0 10 h 100
577 0 11 l 100
577 0 11 h 100
1071 0 12 l 100
1070 0 12 h 100
1565 0 13 l 100
1560 0 13 h 100
428 0 14 l 72
429 0 14 l 27
428 0 14 h 100
931 0 15 l 100
931 0 15 h 100
1314 0 16 l 100
1314 0 16 h 100
696 1 0 l 100
696 1 0 h 100
1364 1 2 l 100
1364 1 2 h 100
836 1 3 l 100
836 1 3 h 100
1062 1 4 l 100
1063 1 4 h 100
570 1 5 l 100
571 1 5 h 100
54 1 6 l 100
55 1 6 h 100
1209 1 7 l 100
1207 1 7 h 100
1578 1 8 l 100
1578 1 8 h 100
1086 1 9 l 100
1086 1 9 h 100
588 1 10 l 100
588 1 10 h 100
78 1 11 l 100
79 1 11 h 100
336 1 12 l 100
336 1 12 h 100
1464 1 13 l 100
1466 1 13 h 100
942 1 14 l 100
942 1 14 h 100
444 1 15 l 100
444 1 15 h 100
546 1 16 l 100
546 1 16 h 100
1572 2 0 l 100
1572 2 0 h 100
440 2 1 l 100
440 2 1 h 100
1080 2 3 l 100
1080 2 3 h 100
1233 2 4 l 100
1231 2 4 h 100
77 2 5 l 100
74 2 5 h 100
208 2 6 l 100
206 2 6 h 100
722 2 7 l 100
722 2 7 h 100
859 2 8 l 100
860 2 8 h 100
1380 2 9 l 100
1380 2 9 h 100
1489 2 10 l 100
1490 2 10 h 100
362 2 11 l 100
362 2 11 h 100
462 2 12 l 100
462 2 12 h 100
960 2 13 l 100
960 2 13 h 100
1106 2 14 l 100
1106 2 14 h 100
1604 2 15 l 100
1604 2 15 h 100
1452 2 16 l 100
1452 2 16 h 100
852 3 0 l 100
852 3 0 h 100
356 3 1 l 100
356 3 1 h 100
198 3 2 l 100
198 3 2 h 100
1225 3 4 l 100
1225 3 4 h 100
716 3 5 l 100
716 3 5 h 100
584 3 6 l 100
584 3 6 h 100
68 3 7 l 100
68 3 7 h 100
1567 3 8 l 100
1568 3 8 h 100
1074 3 9 l 100
1076 3 9 h 100
937 3 10 l 100
938 3 10 h 100
434 3 11 l 100
433 3 11 h 100
334 3 12 l 100
330 3 12 h 100
1460 3 13 l 100
1458 3 13 h 100
1359 3 14 l 100
1358 3 14 h 100
830 3 15 l 100
830 3 15 h 100
978 3 16 l 100
978 3 16 h 100
throttle 4 0 l 0.079435
97 4 0 l 100
98 4 0 h 100
600 4 1 l 100
601 4 1 h 100
throttle 4 2 l 0.412143
1100 4 2 l 76
1103 4 2 l 23
1100 4 2 h 100
throttle 4 3 l 0.095557
1595 4 3 l 100
1592 4 3 h 100
231 4 5 l 100
229 4 5 h 100
744 4 6 l 100
744 4 6 h 100
throttle 4 7 l 0.735582
1254 4 7 l 100
1255 4 7 h 100
846 4 8 l 100
846 4 8 h 100
throttle 4 9 l 0.570937
1375 4 9 l 100
1376 4 9 h 100
194 4 10 l 100
192 4 10 h 100
708 4 11 l 100
708 4 11 h 100
457 4 12 l 100
457 4 12 h 100
957 4 13 l 25
958 4 13 l 74
954 4 13 h 100
1484 4 14 l 100
1482 4 14 h 100
348 4 15 l 100
348 4 15 h 100
257 4 16 l 100
254 4 16 h 100
972 5 0 l 100
972 5 0 h 100
486 5 1 l 100
487 5 1 h 100
1617 5 2 l 100
1616 5 2 h 100
1125 5 3 l 100
1124 5 3 h 100
624 5 4 l 100
624 5 4 h 100
1281 5 6 l 100
1278 5 6 h 100
throttle 5 7 l 0.169723
773 5 7 l 100
769 5 7 h 100
90 5 8 l 100
90 5 8 h 100
1251 5 9 l 100
1249 5 9 h 100
738 5 10 l 100
739 5 10 h 100
222 5 11 l 100
223 5 11 h 100
1403 5 12 l 100
1399 5 12 h 100
880 5 13 l 100
876 5 13 h 100
366 5 14 l 100
366 5 14 h 100
1500 5 15 l 100
1502 5 15 h 100
1152 5 16 l 100
1152 5 16 h 100
246 6 0 l 100
246 6 0 h 100
762 6 1 l 100
763 6 1 h 100
890 6 2 l 100
890 6 2 h 100
1412 6 3 l 100
1412 6 3 h 100
618 6 4 l 100
619 6 4 h 100
1116 6 5 l 100
1117 6 5 h 100
124 6 7 l 100
120 6 7 h 100
1146 6 8 l 100
1146 6 8 h 100
6 6 9 l 100
6 6 9 h 100
144 6 10 l 100
145 6 10 h 100
648 6 11 l 100
650 6 11 h 100
1512 6 12 l 100
1513 6 12 h 100
378 6 13 l 100
380 6 13 h 100
504 6 14 l 100
506 6 14 h 100
996 6 15 l 100
998 6 15 h 100
396 6 16 l 100
396 6 16 h 100
1140 7 0 l 100
1140 7 0 h 100
642 7 1 l 100
642 7 1 h 100
500 7 2 l 100
500 7 2 h 100
2 7 3 l 100
2 7 3 h 100
789 7 4 l 100
787 7 4 h 100
271 7 5 l 100
271 7 5 h 100
138 7 6 l 100
138 7 6 h 100
390 7 8 l 100
391 7 8 h 100
1526 7 9 l 100
1526 7 9 h 100
1429 7 10 l 100
1428 7 10 h 100
900 7 11 l 100
901 7 11 h 100
25 7 12 l 100
26 7 12 h 100
1180 7 13 l 100
1178 7 13 h 100
1030 7 14 l 100
1027 7 14 h 100
522 7 15 l 100
523 7 15 h 100
1323 7 16 l 100
1322 7 16 h 100
871 8 0 l 100
871 8 0 h 100
1394 8 1 l 100
1392 8 1 h 100
220 8 2 l 100
218 8 2 h 100
734 8 3 l 100
733 8 3 h 100
1246 8 4 l 100
1242 8 4 h 100
84 8 5 l 100
85 8 5 h 100
599 8 6 l 100
594 8 6 h 100
throttle 8 7 l 0.249242
1092 8 7 l 97
1097 8 7 l 2
1094 8 7 h 100
451 8 9 l 100
452 8 9 h 100
948 8 10 l 100
948 8 10 h 100
1470 8 11 l 100
1470 8 11 h 100
346 8 12 l 100
343 8 12 h 100
842 8 13 l 100
842 8 13 h 100
1368 8 14 l 100
1368 8 14 h 100
186 8 15 l 100
187 8 15 h 100
991 8 16 l 100
992 8 16 h 100
108 9 0 l 100
108 9 0 h 100
1266 9 1 l 100
1266 9 1 h 100
750 9 2 l 100
750 9 2 h 100
240 9 3 l 100
242 9 3 h 100
469 9 4 l 100
469 9 4 h 100
1609 9 5 l 100
1609 9 5 h 100
1113 9 6 l 100
1110 9 6 h 100
614 9 7 l 100
614 9 7 h 100
867 9 8 l 59
868 9 8 l 40
866 9 8 h 100
1499 9 10 l 100
1495 9 10 h 100
966 9 11 l 100
967 9 11 h 100
1241 9 12 l 100
1236 9 12 h 100
728 9 13 l 100
726 9 13 h 100
214 9 14 l 100
212 9 14 h 100
1387 9 15 l 100
1387 9 15 h 100
264 9 16 l 100
264 9 16 h 100
988 10 0 l 100
985 10 0 h 100
1506 10 1 l 100
1507 10 1 h 100
1627 10 2 l 100
1628 10 2 h 100
493 10 3 l 100
493 10 3 h 100
641 10 4 l 100
638 10 4 h 100
1135 10 5 l 100
1134 10 5 h 100
1291 10 6 l 100
1291 10 6 h 100
throttle 10 7 l 0.553205
137 10 7 l 100
132 10 7 h 100
102 10 8 l 100
104 10 8 h 100
611 10 9 l 100
607 10 9 h 100
1265 10 11 l 100
1260 10 11 h 100
1404 10 12 l 100
1406 10 12 h 100
235 10 13 l 100
234 10 13 h 100
374 10 14 l 100
372 10 14 h 100
882 10 15 l 100
884 10 15 h 100
1170 10 16 l 100
1170 10 16 h 100
259 11 0 l 100
259 11 0 h 100
1416 11 1 l 100
1418 11 1 h 100
1285 11 2 l 100
1285 11 2 h 100
775 11 3 l 100
775 11 3 h 100
630 11 4 l 100
630 11 4 h 100
126 11 5 l 100
127 11 5 h 100
1620 11 6 l 100
1620 11 6 h 100
1129 11 7 l 100
1128 11 7 h 100
1164 11 8 l 100
1164 11 8 h 100
660 11 9 l 100
660 11 9 h 100
516 11 10 l 100
516 11 10 h 100
1518 11 12 l 100
1520 11 12 h 100
1014 11 13 l 100
1015 11 13 h 100
895 11 14 l 100
894 11 14 h 100
384 11 15 l 100
385 11 15 h 100
414 11 16 l 100
415 11 16 h 100
1158 12 0 l 100
1158 12 0 h 100
15 12 1 l 100
12 12 1 h 100
throttle 12 2 l 0.141638
513 12 2 l 100
510 12 2 h 100
1010 12 3 l 9
1011 12 3 l 90
1010 12 3 h 100
799 12 4 l 100
798 12 4 h 100
1312 12 5 l 100
1308 12 5 h 100
152 12 6 l 100
151 12 6 h 100
throttle 12 7 l 0.782200
654 12 7 l 100
654 12 7 h 100
408 12 8 l 100
409 12 8 h 100
916 12 9 l 100
913 12 9 h 100
1436 12 10 l 100
1435 12 10 h 100
282 12 11 l 100
282 12 11 h 100
540 12 13 l 100
541 12 13 h 100
1044 12 14 l 100
1046 12 14 h 100
1542 12 15 l 100
1542 12 15 h 100
1339 12 16 l 100
1338 12 16 h 100
402 13 0 l 100
402 13 0 h 100
1536 13 1 l 100
1538 13 1 h 100
1038 13 2 l 47
1041 13 2 l 52
1038 13 2 h 100
534 13 3 l 100
534 13 3 h 100
36 13 4 l 100
38 13 4 h 100
1191 13 5 l 100
1188 13 5 h 100
679 13 6 l 100
680 13 6 h 100
169 13 7 l 100
169 13 7 h 100
1334 13 8 l 100
1334 13 8 h 100
819 13 9 l 100
816 13 9 h 100
313 13 10 l 100
313 13 10 h 100
1440 13 11 l 100
1440 13 11 h 100
925 13 12 l 100
924 13 12 h 100
1557 13 14 l 100
1554 13 14 h 100
1056 13 15 l 100
1057 13 15 h 100
564 13 16 l 100
565 13 16 h 100
1326 14 0 l 100
1328 14 0 h 100
162 14 1 l 100
163 14 1 h 100
311 14 2 l 100
308 14 2 h 100
814 14 3 l 100
812 14 3 h 100
32 14 4 l 100
30 14 4 h 100
528 14 5 l 100
530 14 5 h 100
674 14 6 l 100
673 14 6 h 100
1186 14 7 l 100
1182 14 7 h 100
780 14 8 l 100
781 14 8 h 100
907 14 9 l 100
908 14 9 h 100
1032 14 10 l 100
1032 14 10 h 100
1530 14 11 l 100
1530 14 11 h 100
796 14 12 l 100
793 14 12 h 100
1302 14 13 l 100
1302 14 13 h 100
276 14 15 l 100
278 14 15 h 100
319 14 16 l 100
319 14 16 h 100
558 15 0 l 100
559 15 0 h 100
48 15 1 l 100
49 15 1 h 100
1551 15 2 l 100
1550 15 2 h 100
1054 15 3 l 100
1052 15 3 h 100
181 15 4 l 100
181 15 4 h 100
1350 15 5 l 100
1351 15 5 h 100
1200 15 6 l 100
1202 15 6 h 100
690 15 7 l 100
690 15 7 h 100
1218 15 8 l 100
1219 15 8 h 100
805 15 9 l 100
805 15 9 h 100
670 15 10 l 100
668 15 10 h 100
156 15 11 l 100
158 15 11 h 100
918 15 12 l 100
919 15 12 h 100
420 15 13 l 100
422 15 13 h 100
304 15 14 l 100
300 15 14 h 100
761 15 16 l 100
756 15 16 h 100
1585 16 0 l 100
1585 16 0 h 100
288 16 1 l 100
288 16 1 h 100
1299 16 2 l 100
1296 16 2 h 100
114 16 3 l 100
116 16 3 h 100
557 16 4 l 100
554 16 4 h 100
294 16 5 l 100
294 16 5 h 100
18 16 6 l 100
18 16 6 h 100
1422 16 7 l 100
1424 16 7 h 100
1273 16 8 l 100
1274 16 8 h 100
1002 16 9 l 95
1005 16 9 l 4
1002 16 9 h 100
1020 16 10 l 100
1021 16 10 h 100
1476 16 11 l 100
1476 16 11 h 100
1446 16 12 l 100
1446 16 12 h 100
480 16 13 l 100
481 16 13 h 100
475 16 14 l 100
474 16 14 h 100
1596 16 15 l 100
1598 16 15 h 100
