tunnel_num s t prio weight
324 0 1 l 100
324 0 1 h 100
822 0 2 l 100
822 0 2 h 100
1344 0 3 l 69
1345 0 3 l 30
1344 0 3 h 100
179 0 4 l 100
176 0 4 h 100
684 0 5 l 100
684 0 5 h 100
1198 0 6 l 100
1194 0 6 h 100
42 0 7 l 66
43 0 7 l 11
46 0 7 l 21
42 0 7 h 100
702 0 8 l 100
704 0 8 h 100
1213 0 9 l 100
1213 0 9 h 100
65 0 10 l 100
62 0 10 h 100
579 0 11 l 100
577 0 11 h 100
1069 0 12 l 100
1069 0 12 h 100
1560 0 13 l 100
1562 0 13 h 100
429 0 14 l 100
426 0 14 h 100
933 0 15 l 100
930 0 15 h 100
1316 0 16 l 100
1314 0 16 h 100
696 1 0 l 100
698 1 0 h 100
1362 1 2 l 100
1364 1 2 h 100
834 1 3 l 100
835 1 3 h 100
1062 1 4 l 100
1063 1 4 h 100
570 1 5 l 100
570 1 5 h 100
54 1 6 l 100
56 1 6 h 100
1206 1 7 l 100
1207 1 7 h 100
1578 1 8 l 100
1579 1 8 h 100
1087 1 9 l 100
1086 1 9 h 100
588 1 10 l 100
588 1 10 h 100
78 1 11 l 100
79 1 11 h 100
338 1 12 l 100
338 1 12 h 100
1464 1 13 l 100
1464 1 13 h 100
945 1 14 l 100
942 1 14 h 100
444 1 15 l 100
444 1 15 h 100
546 1 16 l 100
546 1 16 h 100
1572 2 0 l 100
1572 2 0 h 100
438 2 1 l 100
440 2 1 h 100
1082 2 3 l 100
1080 2 3 h 100
1230 2 4 l 100
1232 2 4 h 100
72 2 5 l 100
74 2 5 h 100
204 2 6 l 100
204 2 6 h 100
720 2 7 l 100
722 2 7 h 100
858 2 8 l 100
858 2 8 h 100
1380 2 9 l 100
1380 2 9 h 100
1488 2 10 l 100
1489 2 10 h 100
360 2 11 l 100
362 2 11 h 100
465 2 12 l 100
463 2 12 h 100
963 2 13 l 100
960 2 13 h 100
1106 2 14 l 100
1106 2 14 h 100
1603 2 15 l 100
1603 2 15 h 100
1452 2 16 l 100
1452 2 16 h 100
852 3 0 l 100
852 3 0 h 100
354 3 1 l 100
356 3 1 h 100
198 3 2 l 100
198 3 2 h 100
1224 3 4 l 100
1225 3 4 h 100
714 3 5 l 100
716 3 5 h 100
582 3 6 l 100
584 3 6 h 100
66 3 7 l 100
68 3 7 h 100
1570 3 8 l 100
1567 3 8 h 100
1074 3 9 l 100
1076 3 9 h 100
940 3 10 l 100
938 3 10 h 100
432 3 11 l 100
434 3 11 h 100
333 3 12 l 100
331 3 12 h 100
1458 3 13 l 100
1458 3 13 h 100
1359 3 14 l 100
1356 3 14 h 100
829 3 15 l 100
830 3 15 h 100
978 3 16 l 100
978 3 16 h 100
97 4 0 l 45
101 4 0 l 54
97 4 0 h 100
600 4 1 l 100
601 4 1 h 100
1098 4 2 l 100
1100 4 2 h 100
1591 4 3 l 100
1590 4 3 h 100
228 4 5 l 100
228 4 5 h 100
745 4 6 l 100
746 4 6 h 100
1254 4 7 l 81
1255 4 7 l 18
1256 4 7 h 100
846 4 8 l 100
846 4 8 h 100
1376 4 9 l 27
1374 4 9 l 72
1376 4 9 h 100
192 4 10 l 100
192 4 10 h 100
711 4 11 l 100
708 4 11 h 100
456 4 12 l 100
456 4 12 h 100
954 4 13 l 41
958 4 13 l 58
954 4 13 h 100
1482 4 14 l 100
1482 4 14 h 100
349 4 15 l 100
349 4 15 h 100
254 4 16 l 100
254 4 16 h 100
972 5 0 l 100
973 5 0 h 100
486 5 1 l 100
486 5 1 h 100
1614 5 2 l 100
1616 5 2 h 100
1125 5 3 l 100
1123 5 3 h 100
624 5 4 l 57
629 5 4 l 42
624 5 4 h 100
1278 5 6 l 100
1280 5 6 h 100
768 5 7 l 100
769 5 7 h 100
90 5 8 l 100
90 5 8 h 100
1249 5 9 l 100
1249 5 9 h 100
738 5 10 l 100
739 5 10 h 100
227 5 11 l 100
222 5 11 h 100
1400 5 12 l 100
1400 5 12 h 100
877 5 13 l 100
877 5 13 h 100
369 5 14 l 100
366 5 14 h 100
1501 5 15 l 100
1501 5 15 h 100
1152 5 16 l 100
1152 5 16 h 100
246 6 0 l 100
246 6 0 h 100
762 6 1 l 100
763 6 1 h 100
888 6 2 l 100
890 6 2 h 100
1410 6 3 l 100
1412 6 3 h 100
618 6 4 l 100
618 6 4 h 100
1116 6 5 l 100
1116 6 5 h 100
120 6 7 l 100
120 6 7 h 100
1146 6 8 l 100
1146 6 8 h 100
6 6 9 l 100
6 6 9 h 100
144 6 10 l 100
145 6 10 h 100
648 6 11 l 100
648 6 11 h 100
1515 6 12 l 100
1514 6 12 h 100
378 6 13 l 100
378 6 13 h 100
504 6 14 l 100
505 6 14 h 100
996 6 15 l 100
996 6 15 h 100
396 6 16 l 100
396 6 16 h 100
1140 7 0 l 100
1140 7 0 h 100
643 7 1 l 100
642 7 1 h 100
499 7 2 l 100
500 7 2 h 100
0 7 3 l 100
2 7 3 h 100
788 7 4 l 100
786 7 4 h 100
270 7 5 l 100
270 7 5 h 100
138 7 6 l 100
138 7 6 h 100
390 7 8 l 100
391 7 8 h 100
1526 7 9 l 100
1526 7 9 h 100
1428 7 10 l 100
1428 7 10 h 100
900 7 11 l 100
902 7 11 h 100
25 7 12 l 100
25 7 12 h 100
1177 7 13 l 100
1178 7 13 h 100
1026 7 14 l 100
1027 7 14 h 100
526 7 15 l 100
522 7 15 h 100
1320 7 16 l 100
1320 7 16 h 100
870 8 0 l 100
870 8 0 h 100
1393 8 1 l 100
1393 8 1 h 100
217 8 2 l 100
216 8 2 h 100
732 8 3 l 100
732 8 3 h 100
1246 8 4 l 100
1242 8 4 h 100
87 8 5 l 100
84 8 5 h 100
594 8 6 l 100
594 8 6 h 100
1095 8 7 l 100
1092 8 7 h 100
453 8 9 l 100
450 8 9 h 100
948 8 10 l 100
948 8 10 h 100
1470 8 11 l 100
1470 8 11 h 100
342 8 12 l 100
342 8 12 h 100
845 8 13 l 100
840 8 13 h 100
1368 8 14 l 100
1368 8 14 h 100
187 8 15 l 100
187 8 15 h 100
990 8 16 l 100
990 8 16 h 100
108 9 0 l 100
108 9 0 h 100
1266 9 1 l 100
1266 9 1 h 100
750 9 2 l 94
753 9 2 l 5
750 9 2 h 100
241 9 3 l 100
240 9 3 h 100
468 9 4 l 100
470 9 4 h 100
1609 9 5 l 100
1609 9 5 h 100
1114 9 6 l 100
1112 9 6 h 100
612 9 7 l 100
614 9 7 h 100
864 9 8 l 100
864 9 8 h 100
1494 9 10 l 100
1494 9 10 h 100
967 9 11 l 100
967 9 11 h 100
1237 9 12 l 100
1237 9 12 h 100
728 9 13 l 100
728 9 13 h 100
210 9 14 l 100
211 9 14 h 100
1387 9 15 l 100
1387 9 15 h 100
264 9 16 l 100
264 9 16 h 100
986 10 0 l 100
985 10 0 h 100
1507 10 1 l 100
1506 10 1 h 100
1627 10 2 l 100
1627 10 2 h 100
493 10 3 l 100
493 10 3 h 100
638 10 4 l 100
636 10 4 h 100
1135 10 5 l 100
1135 10 5 h 100
1290 10 6 l 100
1291 10 6 h 100
133 10 7 l 100
132 10 7 h 100
102 10 8 l 100
102 10 8 h 100
606 10 9 l 100
606 10 9 h 100
1260 10 11 l 100
1260 10 11 h 100
1404 10 12 l 100
1404 10 12 h 100
235 10 13 l 100
235 10 13 h 100
throttle 10 14 l 0.137166
375 10 14 l 100
373 10 14 h 100
883 10 15 l 100
883 10 15 h 100
1170 10 16 l 100
1170 10 16 h 100
258 11 0 l 100
258 11 0 h 100
1416 11 1 l 100
1417 11 1 h 100
1284 11 2 l 100
1286 11 2 h 100
778 11 3 l 100
774 11 3 h 100
630 11 4 l 100
630 11 4 h 100
126 11 5 l 100
126 11 5 h 100
1620 11 6 l 100
1620 11 6 h 100
1128 11 7 l 100
1128 11 7 h 100
1164 11 8 l 100
1164 11 8 h 100
661 11 9 l 100
661 11 9 h 100
516 11 10 l 100
516 11 10 h 100
1518 11 12 l 100
1518 11 12 h 100
1015 11 13 l 100
1015 11 13 h 100
897 11 14 l 100
895 11 14 h 100
386 11 15 l 100
386 11 15 h 100
415 11 16 l 100
415 11 16 h 100
1161 12 0 l 100
1159 12 0 h 100
15 12 1 l 100
14 12 1 h 100
throttle 12 2 l 0.244462
513 12 2 l 100
511 12 2 h 100
1011 12 3 l 100
1009 12 3 h 100
throttle 12 4 l 0.554339
801 12 4 l 100
798 12 4 h 100
1311 12 5 l 100
1310 12 5 h 100
152 12 6 l 100
152 12 6 h 100
throttle 12 7 l 0.634456
656 12 7 l 94
657 12 7 l 5
656 12 7 h 100
408 12 8 l 100
408 12 8 h 100
917 12 9 l 100
913 12 9 h 100
1434 12 10 l 100
1434 12 10 h 100
282 12 11 l 100
282 12 11 h 100
543 12 13 l 100
541 12 13 h 100
1046 12 14 l 62
1047 12 14 l 37
1046 12 14 h 100
1547 12 15 l 100
shutdown 12 15 h
1339 12 16 l 99
1341 12 16 l 0
1339 12 16 h 100
403 13 0 l 100
402 13 0 h 100
1536 13 1 l 100
1536 13 1 h 100
1038 13 2 l 100
1038 13 2 h 100
534 13 3 l 100
534 13 3 h 100
36 13 4 l 100
36 13 4 h 100
1188 13 5 l 100
1189 13 5 h 100
678 13 6 l 100
678 13 6 h 100
168 13 7 l 100
170 13 7 h 100
1332 13 8 l 100
1332 13 8 h 100
816 13 9 l 100
818 13 9 h 100
313 13 10 l 100
313 13 10 h 100
1441 13 11 l 100
1441 13 11 h 100
925 13 12 l 100
925 13 12 h 100
1554 13 14 l 100
1555 13 14 h 100
1057 13 15 l 100
1057 13 15 h 100
564 13 16 l 100
565 13 16 h 100
1326 14 0 l 100
1326 14 0 h 100
162 14 1 l 100
162 14 1 h 100
306 14 2 l 100
308 14 2 h 100
814 14 3 l 100
810 14 3 h 100
30 14 4 l 100
30 14 4 h 100
528 14 5 l 100
528 14 5 h 100
672 14 6 l 100
672 14 6 h 100
1183 14 7 l 100
1182 14 7 h 100
780 14 8 l 100
780 14 8 h 100
907 14 9 l 100
908 14 9 h 100
1033 14 10 l 100
1034 14 10 h 100
1531 14 11 l 100
1531 14 11 h 100
795 14 12 l 100
794 14 12 h 100
1302 14 13 l 100
1303 14 13 h 100
277 14 15 l 100
277 14 15 h 100
319 14 16 l 100
318 14 16 h 100
561 15 0 l 100
558 15 0 h 100
48 15 1 l 100
48 15 1 h 100
1549 15 2 l 100
1550 15 2 h 100
1051 15 3 l 100
1052 15 3 h 100
181 15 4 l 100
182 15 4 h 100
1351 15 5 l 100
1351 15 5 h 100
1200 15 6 l 100
1200 15 6 h 100
694 15 7 l 100
690 15 7 h 100
1219 15 8 l 100
1219 15 8 h 100
808 15 9 l 100
805 15 9 h 100
671 15 10 l 100
667 15 10 h 100
158 15 11 l 100
158 15 11 h 100
923 15 12 l 100
shutdown 15 12 h
422 15 13 l 100
422 15 13 h 100
302 15 14 l 100
302 15 14 h 100
756 15 16 l 100
756 15 16 h 100
1584 16 0 l 100
1584 16 0 h 100
288 16 1 l 100
288 16 1 h 100
1296 16 2 l 100
1296 16 2 h 100
114 16 3 l 100
114 16 3 h 100
552 16 4 l 100
554 16 4 h 100
294 16 5 l 100
294 16 5 h 100
19 16 6 l 100
18 16 6 h 100
1422 16 7 l 100
1424 16 7 h 100
1276 16 8 l 100
1272 16 8 h 100
1002 16 9 l 100
1002 16 9 h 100
1020 16 10 l 100
1020 16 10 h 100
1477 16 11 l 100
1477 16 11 h 100
1447 16 12 l 100
1447 16 12 h 100
480 16 13 l 100
481 16 13 h 100
475 16 14 l 100
475 16 14 h 100
1596 16 15 l 100
1596 16 15 h 100
