tunnel_num s t prio weight
324 0 1 l 100
324 0 1 h 100
throttle 0 2 l 0.514268
823 0 2 l 100
824 0 2 h 100
throttle 0 3 l 0.837267
1345 0 3 l 70
1349 0 3 l 29
1346 0 3 h 100
175 0 4 l 100
176 0 4 h 100
684 0 5 l 100
684 0 5 h 100
1194 0 6 l 100
1194 0 6 h 100
42 0 7 l 100
42 0 7 h 100
703 0 8 l 100
703 0 8 h 100
throttle 0 9 l 0.493398
1216 0 9 l 17
1214 0 9 l 82
1213 0 9 h 100
throttle 0 10 l 0.124342
64 0 10 l 31
63 0 10 l 68
62 0 10 h 100
579 0 11 l 100
577 0 11 h 100
1070 0 12 l 100
1070 0 12 h 100
1565 0 13 l 100
1561 0 13 h 100
throttle 0 14 l 0.885118
426 0 14 l 100
428 0 14 h 100
931 0 15 l 100
930 0 15 h 100
1315 0 16 l 100
1315 0 16 h 100
696 1 0 l 100
696 1 0 h 100
1364 1 2 l 100
1364 1 2 h 100
837 1 3 l 100
835 1 3 h 100
1062 1 4 l 100
1064 1 4 h 100
570 1 5 l 100
572 1 5 h 100
54 1 6 l 100
56 1 6 h 100
1206 1 7 l 100
1206 1 7 h 100
1578 1 8 l 100
1580 1 8 h 100
1086 1 9 l 100
1087 1 9 h 100
588 1 10 l 100
588 1 10 h 100
81 1 11 l 100
79 1 11 h 100
336 1 12 l 100
338 1 12 h 100
1464 1 13 l 100
1466 1 13 h 100
944 1 14 l 100
944 1 14 h 100
444 1 15 l 100
445 1 15 h 100
546 1 16 l 100
548 1 16 h 100
1573 2 0 l 100
1574 2 0 h 100
443 2 1 l 100
439 2 1 h 100
1080 2 3 l 100
1080 2 3 h 100
1230 2 4 l 100
1231 2 4 h 100
74 2 5 l 100
74 2 5 h 100
209 2 6 l 100
206 2 6 h 100
720 2 7 l 100
720 2 7 h 100
858 2 8 l 100
859 2 8 h 100
1380 2 9 l 100
1382 2 9 h 100
1489 2 10 l 100
1489 2 10 h 100
362 2 11 l 100
362 2 11 h 100
463 2 12 l 100
464 2 12 h 100
964 2 13 l 100
962 2 13 h 100
1104 2 14 l 100
1104 2 14 h 100
1602 2 15 l 100
1604 2 15 h 100
1452 2 16 l 100
1454 2 16 h 100
853 3 0 l 100
854 3 0 h 100
354 3 1 l 100
355 3 1 h 100
198 3 2 l 100
198 3 2 h 100
1224 3 4 l 100
1224 3 4 h 100
714 3 5 l 100
714 3 5 h 100
582 3 6 l 100
582 3 6 h 100
70 3 7 l 100
66 3 7 h 100
1570 3 8 l 100
1566 3 8 h 100
1074 3 9 l 100
1075 3 9 h 100
936 3 10 l 100
937 3 10 h 100
432 3 11 l 100
432 3 11 h 100
331 3 12 l 100
331 3 12 h 100
1459 3 13 l 100
1459 3 13 h 100
1361 3 14 l 100
1357 3 14 h 100
828 3 15 l 100
828 3 15 h 100
979 3 16 l 100
978 3 16 h 100
throttle 4 0 l 0.079435
98 4 0 l 100
98 4 0 h 100
601 4 1 l 100
600 4 1 h 100
1100 4 2 l 100
1100 4 2 h 100
1592 4 3 l 100
1590 4 3 h 100
230 4 5 l 100
228 4 5 h 100
748 4 6 l 100
746 4 6 h 100
throttle 4 7 l 0.485783
1255 4 7 l 100
1254 4 7 h 100
846 4 8 l 100
846 4 8 h 100
1375 4 9 l 100
1375 4 9 h 100
192 4 10 l 100
192 4 10 h 100
708 4 11 l 100
709 4 11 h 100
456 4 12 l 7
460 4 12 l 92
457 4 12 h 100
957 4 13 l 100
954 4 13 h 100
1486 4 14 l 100
1482 4 14 h 100
348 4 15 l 100
350 4 15 h 100
254 4 16 l 100
254 4 16 h 100
975 5 0 l 100
972 5 0 h 100
486 5 1 l 100
486 5 1 h 100
1615 5 2 l 100
1616 5 2 h 100
1122 5 3 l 100
1123 5 3 h 100
624 5 4 l 100
625 5 4 h 100
1281 5 6 l 100
1280 5 6 h 100
771 5 7 l 100
769 5 7 h 100
90 5 8 l 100
90 5 8 h 100
1248 5 9 l 100
1248 5 9 h 100
738 5 10 l 100
740 5 10 h 100
227 5 11 l 100
224 5 11 h 100
1398 5 12 l 89
1401 5 12 l 10
1398 5 12 h 100
879 5 13 l 100
876 5 13 h 100
366 5 14 l 100
367 5 14 h 100
1500 5 15 l 100
1500 5 15 h 100
1152 5 16 l 100
1152 5 16 h 100
246 6 0 l 100
246 6 0 h 100
762 6 1 l 100
762 6 1 h 100
888 6 2 l 100
890 6 2 h 100
1410 6 3 l 100
1411 6 3 h 100
618 6 4 l 100
619 6 4 h 100
1116 6 5 l 100
1116 6 5 h 100
120 6 7 l 100
120 6 7 h 100
1146 6 8 l 100
1146 6 8 h 100
6 6 9 l 100
7 6 9 h 100
144 6 10 l 100
144 6 10 h 100
648 6 11 l 100
649 6 11 h 100
1512 6 12 l 100
1514 6 12 h 100
378 6 13 l 100
378 6 13 h 100
504 6 14 l 100
504 6 14 h 100
996 6 15 l 100
998 6 15 h 100
396 6 16 l 100
398 6 16 h 100
1140 7 0 l 100
1140 7 0 h 100
642 7 1 l 100
642 7 1 h 100
502 7 2 l 100
498 7 2 h 100
5 7 3 l 100
1 7 3 h 100
throttle 7 4 l 0.259582
787 7 4 l 100
787 7 4 h 100
273 7 5 l 100
270 7 5 h 100
138 7 6 l 100
138 7 6 h 100
390 7 8 l 100
391 7 8 h 100
1525 7 9 l 100
1524 7 9 h 100
1428 7 10 l 100
1428 7 10 h 100
900 7 11 l 100
901 7 11 h 100
24 7 12 l 100
25 7 12 h 100
1179 7 13 l 100
1176 7 13 h 100
throttle 7 14 l 0.509978
1026 7 14 l 100
1027 7 14 h 100
522 7 15 l 100
523 7 15 h 100
1324 7 16 l 100
1321 7 16 h 100
871 8 0 l 100
872 8 0 h 100
1395 8 1 l 100
1394 8 1 h 100
220 8 2 l 58
221 8 2 l 41
216 8 2 h 100
736 8 3 l 100
732 8 3 h 100
1242 8 4 l 100
1243 8 4 h 100
84 8 5 l 100
84 8 5 h 100
596 8 6 l 100
595 8 6 h 100
1094 8 7 l 100
1094 8 7 h 100
453 8 9 l 100
451 8 9 h 100
948 8 10 l 100
949 8 10 h 100
1470 8 11 l 100
1471 8 11 h 100
346 8 12 l 100
343 8 12 h 100
842 8 13 l 100
840 8 13 h 100
1373 8 14 l 100
1370 8 14 h 100
186 8 15 l 100
186 8 15 h 100
990 8 16 l 100
990 8 16 h 100
109 9 0 l 100
110 9 0 h 100
1266 9 1 l 100
1268 9 1 h 100
754 9 2 l 100
750 9 2 h 100
240 9 3 l 100
241 9 3 h 100
468 9 4 l 100
470 9 4 h 100
1609 9 5 l 100
1609 9 5 h 100
1111 9 6 l 100
1111 9 6 h 100
613 9 7 l 100
613 9 7 h 100
864 9 8 l 100
864 9 8 h 100
1496 9 10 l 82
1499 9 10 l 17
1494 9 10 h 100
967 9 11 l 100
968 9 11 h 100
1237 9 12 l 15
1240 9 12 l 84
1237 9 12 h 100
728 9 13 l 100
727 9 13 h 100
214 9 14 l 100
210 9 14 h 100
1386 9 15 l 100
1388 9 15 h 100
264 9 16 l 100
266 9 16 h 100
988 10 0 l 100
986 10 0 h 100
1506 10 1 l 100
1506 10 1 h 100
1627 10 2 l 100
1626 10 2 h 100
492 10 3 l 100
492 10 3 h 100
637 10 4 l 100
638 10 4 h 100
1135 10 5 l 100
1135 10 5 h 100
1290 10 6 l 100
1290 10 6 h 100
throttle 10 7 l 0.106410
133 10 7 l 100
132 10 7 h 100
102 10 8 l 100
102 10 8 h 100
610 10 9 l 100
608 10 9 h 100
1263 10 11 l 100
1262 10 11 h 100
1408 10 12 l 48
1407 10 12 l 51
1406 10 12 h 100
234 10 13 l 100
236 10 13 h 100
372 10 14 l 12
377 10 14 l 87
374 10 14 h 100
882 10 15 l 100
882 10 15 h 100
1170 10 16 l 100
1172 10 16 h 100
259 11 0 l 100
259 11 0 h 100
1416 11 1 l 100
1418 11 1 h 100
1284 11 2 l 100
1286 11 2 h 100
774 11 3 l 100
774 11 3 h 100
630 11 4 l 100
631 11 4 h 100
126 11 5 l 100
128 11 5 h 100
1620 11 6 l 100
1620 11 6 h 100
1128 11 7 l 100
1128 11 7 h 100
1164 11 8 l 100
1164 11 8 h 100
661 11 9 l 100
661 11 9 h 100
516 11 10 l 100
516 11 10 h 100
1518 11 12 l 100
1518 11 12 h 100
1014 11 13 l 100
1014 11 13 h 100
894 11 14 l 100
895 11 14 h 100
384 11 15 l 100
386 11 15 h 100
415 11 16 l 100
415 11 16 h 100
1162 12 0 l 100
1160 12 0 h 100
15 12 1 l 100
12 12 1 h 100
513 12 2 l 100
512 12 2 h 100
1011 12 3 l 100
1009 12 3 h 100
798 12 4 l 100
798 12 4 h 100
1311 12 5 l 100
1308 12 5 h 100
152 12 6 l 100
150 12 6 h 100
throttle 12 7 l 0.782200
654 12 7 l 90
657 12 7 l 9
654 12 7 h 100
408 12 8 l 100
408 12 8 h 100
916 12 9 l 100
913 12 9 h 100
1434 12 10 l 100
1434 12 10 h 100
282 12 11 l 100
284 12 11 h 100
540 12 13 l 100
540 12 13 h 100
1044 12 14 l 35
1048 12 14 l 64
1046 12 14 h 100
1542 12 15 l 100
1543 12 15 h 100
1339 12 16 l 100
1339 12 16 h 100
407 13 0 l 100
403 13 0 h 100
1536 13 1 l 100
1538 13 1 h 100
1042 13 2 l 100
1040 13 2 h 100
539 13 3 l 100
535 13 3 h 100
36 13 4 l 100
36 13 4 h 100
1188 13 5 l 100
1188 13 5 h 100
683 13 6 l 100
680 13 6 h 100
throttle 13 7 l 0.170524
168 13 7 l 100
168 13 7 h 100
1334 13 8 l 100
1332 13 8 h 100
819 13 9 l 100
817 13 9 h 100
312 13 10 l 100
314 13 10 h 100
1440 13 11 l 100
1440 13 11 h 100
928 13 12 l 100
924 13 12 h 100
1554 13 14 l 100
1554 13 14 h 100
1056 13 15 l 100
1057 13 15 h 100
565 13 16 l 100
565 13 16 h 100
1326 14 0 l 100
1326 14 0 h 100
162 14 1 l 100
162 14 1 h 100
311 14 2 l 100
307 14 2 h 100
810 14 3 l 100
811 14 3 h 100
32 14 4 l 100
31 14 4 h 100
528 14 5 l 100
530 14 5 h 100
674 14 6 l 100
672 14 6 h 100
1183 14 7 l 100
1183 14 7 h 100
780 14 8 l 100
781 14 8 h 100
906 14 9 l 100
906 14 9 h 100
1032 14 10 l 100
1033 14 10 h 100
1530 14 11 l 100
1530 14 11 h 100
794 14 12 l 100
792 14 12 h 100
1306 14 13 l 100
1302 14 13 h 100
276 14 15 l 100
278 14 15 h 100
320 14 16 l 100
320 14 16 h 100
558 15 0 l 100
558 15 0 h 100
48 15 1 l 100
50 15 1 h 100
1553 15 2 l 100
1549 15 2 h 100
1050 15 3 l 100
1051 15 3 h 100
181 15 4 l 100
182 15 4 h 100
1350 15 5 l 100
1351 15 5 h 100
1200 15 6 l 100
1200 15 6 h 100
690 15 7 l 100
691 15 7 h 100
1218 15 8 l 100
1219 15 8 h 100
809 15 9 l 100
805 15 9 h 100
666 15 10 l 100
666 15 10 h 100
156 15 11 l 100
158 15 11 h 100
918 15 12 l 100
918 15 12 h 100
420 15 13 l 100
421 15 13 h 100
304 15 14 l 100
302 15 14 h 100
759 15 16 l 100
756 15 16 h 100
1585 16 0 l 100
1585 16 0 h 100
288 16 1 l 100
290 16 1 h 100
1296 16 2 l 100
1298 16 2 h 100
115 16 3 l 100
114 16 3 h 100
552 16 4 l 100
553 16 4 h 100
294 16 5 l 100
296 16 5 h 100
18 16 6 l 100
19 16 6 h 100
1422 16 7 l 100
1423 16 7 h 100
1272 16 8 l 100
1272 16 8 h 100
1002 16 9 l 100
1004 16 9 h 100
1020 16 10 l 100
1022 16 10 h 100
1477 16 11 l 100
1477 16 11 h 100
1447 16 12 l 100
1447 16 12 h 100
481 16 13 l 100
482 16 13 h 100
477 16 14 l 100
474 16 14 h 100
1596 16 15 l 100
1597 16 15 h 100
