tunnel_num s t prio weight
325 0 1 l 100
325 0 1 h 100
throttle 0 2 l 0.757134
822 0 2 l 100
822 0 2 h 100
throttle 0 3 l 0.584307
1344 0 3 l 100
1344 0 3 h 100
179 0 4 l 100
174 0 4 h 100
686 0 5 l 100
686 0 5 h 100
throttle 0 6 l 0.138245
1198 0 6 l 100
1195 0 6 h 100
42 0 7 l 100
42 0 7 h 100
704 0 8 l 100
702 0 8 h 100
throttle 0 9 l 0.680596
1212 0 9 l 100
1212 0 9 h 100
throttle 0 10 l 0.562171
61 0 10 l 100
61 0 10 h 100
throttle 0 11 l 0.238181
581 0 11 l 100
576 0 11 h 100
1068 0 12 l 100
1069 0 12 h 100
1560 0 13 l 100
1560 0 13 h 100
throttle 0 14 l 0.885118
431 0 14 l 100
427 0 14 h 100
933 0 15 l 100
932 0 15 h 100
1314 0 16 l 100
1316 0 16 h 100
697 1 0 l 100
698 1 0 h 100
1363 1 2 l 100
1362 1 2 h 100
834 1 3 l 100
834 1 3 h 100
1063 1 4 l 100
1063 1 4 h 100
570 1 5 l 100
571 1 5 h 100
54 1 6 l 100
54 1 6 h 100
1210 1 7 l 100
1208 1 7 h 100
1579 1 8 l 100
1579 1 8 h 100
1087 1 9 l 100
1086 1 9 h 100
588 1 10 l 100
589 1 10 h 100
81 1 11 l 100
78 1 11 h 100
337 1 12 l 100
338 1 12 h 100
1467 1 13 l 100
1465 1 13 h 100
942 1 14 l 100
942 1 14 h 100
444 1 15 l 100
445 1 15 h 100
546 1 16 l 100
546 1 16 h 100
1572 2 0 l 100
1572 2 0 h 100
443 2 1 l 100
440 2 1 h 100
throttle 2 3 l 0.535060
1080 2 3 l 100
1080 2 3 h 100
1231 2 4 l 100
1230 2 4 h 100
74 2 5 l 100
73 2 5 h 100
205 2 6 l 100
205 2 6 h 100
722 2 7 l 100
722 2 7 h 100
862 2 8 l 100
859 2 8 h 100
1384 2 9 l 100
1382 2 9 h 100
1489 2 10 l 100
1489 2 10 h 100
362 2 11 l 100
360 2 11 h 100
462 2 12 l 100
463 2 12 h 100
964 2 13 l 100
960 2 13 h 100
1109 2 14 l 100
1104 2 14 h 100
1604 2 15 l 100
1602 2 15 h 100
1452 2 16 l 100
1454 2 16 h 100
852 3 0 l 100
852 3 0 h 100
354 3 1 l 100
354 3 1 h 100
198 3 2 l 100
198 3 2 h 100
1224 3 4 l 100
1224 3 4 h 100
714 3 5 l 100
715 3 5 h 100
582 3 6 l 100
583 3 6 h 100
68 3 7 l 100
68 3 7 h 100
1566 3 8 l 100
1566 3 8 h 100
1074 3 9 l 100
1074 3 9 h 100
936 3 10 l 100
936 3 10 h 100
432 3 11 l 100
433 3 11 h 100
330 3 12 l 100
330 3 12 h 100
1461 3 13 l 100
1458 3 13 h 100
1357 3 14 l 100
1356 3 14 h 100
828 3 15 l 100
828 3 15 h 100
978 3 16 l 100
979 3 16 h 100
throttle 4 0 l 0.769859
101 4 0 l 100
96 4 0 h 100
601 4 1 l 100
601 4 1 h 100
1098 4 2 l 86
1102 4 2 l 13
1098 4 2 h 100
throttle 4 3 l 0.773889
1590 4 3 l 100
1590 4 3 h 100
228 4 5 l 100
230 4 5 h 100
748 4 6 l 100
745 4 6 h 100
throttle 4 7 l 0.933895
1259 4 7 l 100
1256 4 7 h 100
846 4 8 l 100
848 4 8 h 100
1376 4 9 l 100
1376 4 9 h 100
192 4 10 l 100
194 4 10 h 100
712 4 11 l 100
710 4 11 h 100
456 4 12 l 100
458 4 12 h 100
957 4 13 l 100
955 4 13 h 100
1482 4 14 l 100
1484 4 14 h 100
349 4 15 l 100
349 4 15 h 100
253 4 16 l 100
253 4 16 h 100
throttle 5 0 l 0.123200
974 5 0 l 100
974 5 0 h 100
486 5 1 l 100
487 5 1 h 100
1614 5 2 l 100
1614 5 2 h 100
throttle 5 3 l 0.470614
1127 5 3 l 100
1122 5 3 h 100
624 5 4 l 100
624 5 4 h 100
1281 5 6 l 100
1279 5 6 h 100
throttle 5 7 l 0.792431
772 5 7 l 100
770 5 7 h 100
90 5 8 l 100
90 5 8 h 100
1253 5 9 l 100
1250 5 9 h 100
739 5 10 l 100
739 5 10 h 100
225 5 11 l 100
224 5 11 h 100
1399 5 12 l 100
1400 5 12 h 100
877 5 13 l 100
878 5 13 h 100
366 5 14 l 100
368 5 14 h 100
1500 5 15 l 100
1501 5 15 h 100
1152 5 16 l 100
1153 5 16 h 100
247 6 0 l 100
248 6 0 h 100
762 6 1 l 100
764 6 1 h 100
888 6 2 l 100
888 6 2 h 100
1410 6 3 l 100
1410 6 3 h 100
618 6 4 l 100
620 6 4 h 100
1119 6 5 l 100
1116 6 5 h 100
121 6 7 l 100
121 6 7 h 100
1146 6 8 l 100
1146 6 8 h 100
7 6 9 l 100
7 6 9 h 100
144 6 10 l 100
146 6 10 h 100
648 6 11 l 100
648 6 11 h 100
1513 6 12 l 100
1514 6 12 h 100
382 6 13 l 100
379 6 13 h 100
506 6 14 l 100
504 6 14 h 100
996 6 15 l 100
997 6 15 h 100
396 6 16 l 100
397 6 16 h 100
1140 7 0 l 100
1140 7 0 h 100
646 7 1 l 100
644 7 1 h 100
500 7 2 l 100
500 7 2 h 100
2 7 3 l 100
2 7 3 h 100
throttle 7 4 l 0.259582
791 7 4 l 100
788 7 4 h 100
274 7 5 l 100
272 7 5 h 100
139 7 6 l 100
139 7 6 h 100
394 7 8 l 100
392 7 8 h 100
throttle 7 9 l 0.150699
1526 7 9 l 100
1526 7 9 h 100
1430 7 10 l 100
1430 7 10 h 100
905 7 11 l 100
902 7 11 h 100
26 7 12 l 100
26 7 12 h 100
1178 7 13 l 100
1178 7 13 h 100
throttle 7 14 l 0.208504
1028 7 14 l 100
1028 7 14 h 100
526 7 15 l 100
524 7 15 h 100
1322 7 16 l 100
1322 7 16 h 100
870 8 0 l 100
870 8 0 h 100
1395 8 1 l 100
1393 8 1 h 100
216 8 2 l 100
216 8 2 h 100
732 8 3 l 100
732 8 3 h 100
1242 8 4 l 100
1242 8 4 h 100
87 8 5 l 100
85 8 5 h 100
599 8 6 l 100
595 8 6 h 100
throttle 8 7 l 0.812311
1097 8 7 l 100
1093 8 7 h 100
450 8 9 l 100
450 8 9 h 100
948 8 10 l 100
949 8 10 h 100
1470 8 11 l 100
1472 8 11 h 100
347 8 12 l 100
344 8 12 h 100
845 8 13 l 100
842 8 13 h 100
1368 8 14 l 100
1369 8 14 h 100
187 8 15 l 100
186 8 15 h 100
993 8 16 l 100
991 8 16 h 100
108 9 0 l 100
108 9 0 h 100
1266 9 1 l 100
1268 9 1 h 100
750 9 2 l 100
750 9 2 h 100
throttle 9 3 l 0.797206
240 9 3 l 100
241 9 3 h 100
472 9 4 l 100
469 9 4 h 100
1608 9 5 l 100
1609 9 5 h 100
1110 9 6 l 100
1112 9 6 h 100
614 9 7 l 100
614 9 7 h 100
867 9 8 l 100
865 9 8 h 100
1494 9 10 l 100
1495 9 10 h 100
967 9 11 l 100
967 9 11 h 100
1241 9 12 l 100
1236 9 12 h 100
729 9 13 l 100
726 9 13 h 100
211 9 14 l 100
211 9 14 h 100
1387 9 15 l 100
1387 9 15 h 100
264 9 16 l 100
265 9 16 h 100
throttle 10 0 l 0.422829
985 10 0 l 100
985 10 0 h 100
1506 10 1 l 100
1508 10 1 h 100
1627 10 2 l 100
1628 10 2 h 100
throttle 10 3 l 0.547469
493 10 3 l 100
493 10 3 h 100
640 10 4 l 100
637 10 4 h 100
1134 10 5 l 100
1135 10 5 h 100
1291 10 6 l 100
1290 10 6 h 100
throttle 10 7 l 0.888301
134 10 7 l 100
134 10 7 h 100
102 10 8 l 100
103 10 8 h 100
606 10 9 l 100
608 10 9 h 100
1260 10 11 l 100
1262 10 11 h 100
1405 10 12 l 100
1404 10 12 h 100
235 10 13 l 100
234 10 13 h 100
376 10 14 l 100
374 10 14 h 100
883 10 15 l 100
883 10 15 h 100
1170 10 16 l 100
1170 10 16 h 100
258 11 0 l 100
260 11 0 h 100
1419 11 1 l 100
1417 11 1 h 100
1289 11 2 l 100
1285 11 2 h 100
774 11 3 l 100
774 11 3 h 100
633 11 4 l 100
632 11 4 h 100
129 11 5 l 100
126 11 5 h 100
1625 11 6 l 100
1620 11 6 h 100
1130 11 7 l 100
1130 11 7 h 100
1164 11 8 l 100
1164 11 8 h 100
665 11 9 l 100
662 11 9 h 100
516 11 10 l 100
518 11 10 h 100
1519 11 12 l 100
1518 11 12 h 100
1015 11 13 l 100
1014 11 13 h 100
898 11 14 l 100
895 11 14 h 100
385 11 15 l 100
385 11 15 h 100
415 11 16 l 100
414 11 16 h 100
throttle 12 0 l 0.001566
1158 12 0 l 100
1158 12 0 h 100
15 12 1 l 100
14 12 1 h 100
513 12 2 l 100
511 12 2 h 100
throttle 12 3 l 0.677649
1011 12 3 l 100
1008 12 3 h 100
803 12 4 l 82
798 12 4 l 17
798 12 4 h 100
1313 12 5 l 95
1311 12 5 l 4
1309 12 5 h 100
151 12 6 l 100
151 12 6 h 100
throttle 12 7 l 0.891100
656 12 7 l 100
656 12 7 h 100
408 12 8 l 100
410 12 8 h 100
913 12 9 l 100
914 12 9 h 100
1434 12 10 l 100
1434 12 10 h 100
285 12 11 l 100
283 12 11 h 100
540 12 13 l 100
541 12 13 h 100
1046 12 14 l 100
1046 12 14 h 100
1544 12 15 l 100
1544 12 15 h 100
1339 12 16 l 100
1339 12 16 h 100
402 13 0 l 100
402 13 0 h 100
1539 13 1 l 100
1537 13 1 h 100
1038 13 2 l 100
1038 13 2 h 100
throttle 13 3 l 0.335831
534 13 3 l 100
534 13 3 h 100
40 13 4 l 100
37 13 4 h 100
1191 13 5 l 100
1189 13 5 h 100
682 13 6 l 100
679 13 6 h 100
throttle 13 7 l 0.585262
170 13 7 l 100
170 13 7 h 100
1334 13 8 l 100
1333 13 8 h 100
819 13 9 l 100
816 13 9 h 100
312 13 10 l 100
313 13 10 h 100
1440 13 11 l 100
1440 13 11 h 100
925 13 12 l 100
924 13 12 h 100
1555 13 14 l 100
1555 13 14 h 100
1059 13 15 l 100
1058 13 15 h 100
567 13 16 l 100
564 13 16 h 100
1331 14 0 l 100
1327 14 0 h 100
164 14 1 l 100
164 14 1 h 100
306 14 2 l 100
306 14 2 h 100
810 14 3 l 100
811 14 3 h 100
32 14 4 l 100
30 14 4 h 100
528 14 5 l 100
530 14 5 h 100
674 14 6 l 100
672 14 6 h 100
throttle 14 7 l 0.712899
1184 14 7 l 100
1184 14 7 h 100
785 14 8 l 100
781 14 8 h 100
906 14 9 l 100
907 14 9 h 100
1036 14 10 l 100
1034 14 10 h 100
1531 14 11 l 100
1532 14 11 h 100
793 14 12 l 100
793 14 12 h 100
1303 14 13 l 100
1303 14 13 h 100
276 14 15 l 100
276 14 15 h 100
318 14 16 l 100
320 14 16 h 100
561 15 0 l 100
560 15 0 h 100
48 15 1 l 100
49 15 1 h 100
1553 15 2 l 100
1548 15 2 h 100
throttle 15 3 l 0.580876
1050 15 3 l 100
1051 15 3 h 100
181 15 4 l 100
181 15 4 h 100
1350 15 5 l 100
1350 15 5 h 100
1200 15 6 l 100
1200 15 6 h 100
694 15 7 l 100
692 15 7 h 100
1219 15 8 l 100
1219 15 8 h 100
809 15 9 l 100
805 15 9 h 100
668 15 10 l 100
668 15 10 h 100
158 15 11 l 100
157 15 11 h 100
922 15 12 l 100
920 15 12 h 100
422 15 13 l 100
422 15 13 h 100
302 15 14 l 100
302 15 14 h 100
756 15 16 l 100
757 15 16 h 100
1584 16 0 l 100
1584 16 0 h 100
288 16 1 l 100
289 16 1 h 100
1296 16 2 l 100
1297 16 2 h 100
114 16 3 l 100
115 16 3 h 100
554 16 4 l 100
553 16 4 h 100
295 16 5 l 100
295 16 5 h 100
18 16 6 l 100
20 16 6 h 100
1424 16 7 l 100
1424 16 7 h 100
1275 16 8 l 100
1274 16 8 h 100
1002 16 9 l 100
1004 16 9 h 100
1020 16 10 l 100
1021 16 10 h 100
1477 16 11 l 100
1476 16 11 h 100
1446 16 12 l 100
1447 16 12 h 100
480 16 13 l 100
480 16 13 h 100
474 16 14 l 100
476 16 14 h 100
1596 16 15 l 100
1596 16 15 h 100
