tunnel_num s t prio weight
328 0 1 l 100
326 0 1 h 100
822 0 2 l 100
822 0 2 h 100
1344 0 3 l 13
1345 0 3 l 86
1346 0 3 h 100
174 0 4 l 100
175 0 4 h 100
684 0 5 l 100
685 0 5 h 100
1195 0 6 l 100
1194 0 6 h 100
42 0 7 l 78
46 0 7 l 21
42 0 7 h 100
702 0 8 l 100
703 0 8 h 100
1212 0 9 l 100
1213 0 9 h 100
61 0 10 l 100
61 0 10 h 100
576 0 11 l 100
577 0 11 h 100
1068 0 12 l 100
1069 0 12 h 100
1560 0 13 l 100
1561 0 13 h 100
427 0 14 l 32
429 0 14 l 67
426 0 14 h 100
shutdown 0 15 l
shutdown 0 15 h
1314 0 16 l 100
1316 0 16 h 100
696 1 0 l 100
696 1 0 h 100
1362 1 2 l 100
1364 1 2 h 100
837 1 3 l 100
836 1 3 h 100
1062 1 4 l 100
1063 1 4 h 100
570 1 5 l 100
570 1 5 h 100
54 1 6 l 100
56 1 6 h 100
1206 1 7 l 100
1206 1 7 h 100
1578 1 8 l 100
1579 1 8 h 100
1086 1 9 l 100
1086 1 9 h 100
588 1 10 l 100
590 1 10 h 100
78 1 11 l 100
79 1 11 h 100
336 1 12 l 100
337 1 12 h 100
1464 1 13 l 100
1465 1 13 h 100
943 1 14 l 100
942 1 14 h 100
shutdown 1 15 l
shutdown 1 15 h
546 1 16 l 100
546 1 16 h 100
1576 2 0 l 100
1572 2 0 h 100
438 2 1 l 100
438 2 1 h 100
1080 2 3 l 100
1080 2 3 h 100
1230 2 4 l 100
1231 2 4 h 100
72 2 5 l 100
73 2 5 h 100
204 2 6 l 100
205 2 6 h 100
724 2 7 l 100
722 2 7 h 100
858 2 8 l 100
859 2 8 h 100
1380 2 9 l 100
1380 2 9 h 100
1488 2 10 l 100
1488 2 10 h 100
364 2 11 l 100
360 2 11 h 100
462 2 12 l 100
462 2 12 h 100
960 2 13 l 100
961 2 13 h 100
1106 2 14 l 100
1106 2 14 h 100
shutdown 2 15 l
shutdown 2 15 h
1452 2 16 l 100
1453 2 16 h 100
852 3 0 l 100
852 3 0 h 100
354 3 1 l 100
356 3 1 h 100
199 3 2 l 100
198 3 2 h 100
1224 3 4 l 100
1225 3 4 h 100
714 3 5 l 100
714 3 5 h 100
586 3 6 l 100
584 3 6 h 100
68 3 7 l 100
68 3 7 h 100
1566 3 8 l 100
1567 3 8 h 100
1074 3 9 l 100
1074 3 9 h 100
936 3 10 l 100
938 3 10 h 100
432 3 11 l 100
434 3 11 h 100
330 3 12 l 100
331 3 12 h 100
1458 3 13 l 100
1459 3 13 h 100
1356 3 14 l 100
1356 3 14 h 100
shutdown 3 15 l
shutdown 3 15 h
978 3 16 l 100
978 3 16 h 100
96 4 0 l 100
96 4 0 h 100
600 4 1 l 100
601 4 1 h 100
1098 4 2 l 32
1099 4 2 l 67
1099 4 2 h 100
1590 4 3 l 100
1591 4 3 h 100
231 4 5 l 100
228 4 5 h 100
744 4 6 l 100
744 4 6 h 100
1254 4 7 l 35
1255 4 7 l 64
1254 4 7 h 100
849 4 8 l 100
846 4 8 h 100
1379 4 9 l 36
1374 4 9 l 63
1374 4 9 h 100
195 4 10 l 100
192 4 10 h 100
708 4 11 l 100
708 4 11 h 100
456 4 12 l 71
459 4 12 l 28
456 4 12 h 100
954 4 13 l 100
955 4 13 h 100
1482 4 14 l 100
1482 4 14 h 100
shutdown 4 15 l
shutdown 4 15 h
253 4 16 l 100
254 4 16 h 100
972 5 0 l 100
972 5 0 h 100
486 5 1 l 100
487 5 1 h 100
1618 5 2 l 100
1616 5 2 h 100
1124 5 3 l 100
1124 5 3 h 100
624 5 4 l 100
624 5 4 h 100
1279 5 6 l 100
1280 5 6 h 100
770 5 7 l 100
770 5 7 h 100
90 5 8 l 100
90 5 8 h 100
1248 5 9 l 100
1250 5 9 h 100
738 5 10 l 100
738 5 10 h 100
222 5 11 l 100
222 5 11 h 100
1398 5 12 l 100
1400 5 12 h 100
881 5 13 l 100
876 5 13 h 100
366 5 14 l 100
366 5 14 h 100
shutdown 5 15 l
shutdown 5 15 h
1152 5 16 l 100
1154 5 16 h 100
246 6 0 l 100
246 6 0 h 100
762 6 1 l 100
763 6 1 h 100
888 6 2 l 100
889 6 2 h 100
1410 6 3 l 100
1411 6 3 h 100
618 6 4 l 100
618 6 4 h 100
1116 6 5 l 100
1117 6 5 h 100
120 6 7 l 100
120 6 7 h 100
1146 6 8 l 100
1146 6 8 h 100
6 6 9 l 100
8 6 9 h 100
144 6 10 l 100
145 6 10 h 100
648 6 11 l 100
648 6 11 h 100
1512 6 12 l 100
1514 6 12 h 100
378 6 13 l 100
379 6 13 h 100
504 6 14 l 100
505 6 14 h 100
shutdown 6 15 l
shutdown 6 15 h
396 6 16 l 100
396 6 16 h 100
1140 7 0 l 100
1140 7 0 h 100
642 7 1 l 100
643 7 1 h 100
500 7 2 l 100
499 7 2 h 100
0 7 3 l 100
0 7 3 h 100
786 7 4 l 100
786 7 4 h 100
274 7 5 l 100
271 7 5 h 100
138 7 6 l 100
138 7 6 h 100
390 7 8 l 100
390 7 8 h 100
1525 7 9 l 100
1525 7 9 h 100
1428 7 10 l 100
1429 7 10 h 100
900 7 11 l 100
900 7 11 h 100
24 7 12 l 100
25 7 12 h 100
1176 7 13 l 100
1177 7 13 h 100
1026 7 14 l 100
1027 7 14 h 100
shutdown 7 15 l
shutdown 7 15 h
1320 7 16 l 100
1322 7 16 h 100
870 8 0 l 100
872 8 0 h 100
1392 8 1 l 100
1393 8 1 h 100
217 8 2 l 100
218 8 2 h 100
733 8 3 l 100
734 8 3 h 100
1242 8 4 l 100
1242 8 4 h 100
84 8 5 l 100
84 8 5 h 100
598 8 6 l 100
595 8 6 h 100
1095 8 7 l 100
1093 8 7 h 100
450 8 9 l 100
452 8 9 h 100
948 8 10 l 100
948 8 10 h 100
1470 8 11 l 100
1470 8 11 h 100
342 8 12 l 100
342 8 12 h 100
841 8 13 l 100
842 8 13 h 100
1369 8 14 l 100
1370 8 14 h 100
shutdown 8 15 l
shutdown 8 15 h
990 8 16 l 100
992 8 16 h 100
108 9 0 l 100
108 9 0 h 100
1266 9 1 l 100
1266 9 1 h 100
750 9 2 l 100
750 9 2 h 100
245 9 3 l 100
240 9 3 h 100
468 9 4 l 100
469 9 4 h 100
1608 9 5 l 100
1608 9 5 h 100
1110 9 6 l 100
1111 9 6 h 100
612 9 7 l 100
614 9 7 h 100
864 9 8 l 100
864 9 8 h 100
1494 9 10 l 100
1494 9 10 h 100
966 9 11 l 100
967 9 11 h 100
1241 9 12 l 100
1237 9 12 h 100
727 9 13 l 100
728 9 13 h 100
212 9 14 l 100
212 9 14 h 100
shutdown 9 15 l
shutdown 9 15 h
264 9 16 l 100
266 9 16 h 100
984 10 0 l 100
985 10 0 h 100
1506 10 1 l 100
1506 10 1 h 100
1630 10 2 l 100
1627 10 2 h 100
492 10 3 l 100
493 10 3 h 100
639 10 4 l 100
636 10 4 h 100
1137 10 5 l 100
1134 10 5 h 100
1290 10 6 l 100
1290 10 6 h 100
136 10 7 l 100
134 10 7 h 100
102 10 8 l 100
102 10 8 h 100
611 10 9 l 70
606 10 9 l 29
607 10 9 h 100
1260 10 11 l 100
1260 10 11 h 100
1404 10 12 l 47
1407 10 12 l 52
1404 10 12 h 100
236 10 13 l 100
234 10 13 h 100
372 10 14 l 100
372 10 14 h 100
shutdown 10 15 l
shutdown 10 15 h
1170 10 16 l 100
1170 10 16 h 100
258 11 0 l 100
260 11 0 h 100
1416 11 1 l 100
1417 11 1 h 100
1284 11 2 l 100
1285 11 2 h 100
774 11 3 l 100
775 11 3 h 100
633 11 4 l 100
630 11 4 h 100
126 11 5 l 100
126 11 5 h 100
1620 11 6 l 100
1622 11 6 h 100
1133 11 7 l 100
1130 11 7 h 100
1164 11 8 l 100
1164 11 8 h 100
660 11 9 l 100
661 11 9 h 100
516 11 10 l 100
517 11 10 h 100
1518 11 12 l 100
1518 11 12 h 100
1014 11 13 l 100
1014 11 13 h 100
894 11 14 l 100
894 11 14 h 100
shutdown 11 15 l
shutdown 11 15 h
414 11 16 l 100
414 11 16 h 100
1158 12 0 l 100
1158 12 0 h 100
15 12 1 l 100
13 12 1 h 100
511 12 2 l 100
510 12 2 h 100
1008 12 3 l 100
1008 12 3 h 100
799 12 4 l 100
798 12 4 h 100
1311 12 5 l 100
1310 12 5 h 100
152 12 6 l 100
152 12 6 h 100
655 12 7 l 53
656 12 7 l 16
659 12 7 l 29
656 12 7 h 100
408 12 8 l 100
408 12 8 h 100
914 12 9 l 100
913 12 9 h 100
1434 12 10 l 100
1434 12 10 h 100
282 12 11 l 100
282 12 11 h 100
540 12 13 l 100
540 12 13 h 100
1047 12 14 l 100
1044 12 14 h 100
shutdown 12 15 l
shutdown 12 15 h
1340 12 16 l 100
1338 12 16 h 100
406 13 0 l 100
402 13 0 h 100
1536 13 1 l 100
1537 13 1 h 100
1038 13 2 l 100
1038 13 2 h 100
538 13 3 l 100
534 13 3 h 100
36 13 4 l 100
38 13 4 h 100
1188 13 5 l 100
1189 13 5 h 100
679 13 6 l 100
680 13 6 h 100
169 13 7 l 100
170 13 7 h 100
1332 13 8 l 100
1334 13 8 h 100
816 13 9 l 100
816 13 9 h 100
312 13 10 l 100
312 13 10 h 100
1440 13 11 l 100
1441 13 11 h 100
929 13 12 l 58
924 13 12 l 41
924 13 12 h 100
1555 13 14 l 100
1554 13 14 h 100
shutdown 13 15 l
shutdown 13 15 h
564 13 16 l 100
564 13 16 h 100
1326 14 0 l 100
1326 14 0 h 100
162 14 1 l 100
162 14 1 h 100
308 14 2 l 100
308 14 2 h 100
810 14 3 l 100
810 14 3 h 100
30 14 4 l 100
30 14 4 h 100
528 14 5 l 100
528 14 5 h 100
672 14 6 l 100
672 14 6 h 100
1182 14 7 l 100
1182 14 7 h 100
780 14 8 l 100
782 14 8 h 100
906 14 9 l 100
908 14 9 h 100
1032 14 10 l 100
1032 14 10 h 100
1530 14 11 l 100
1530 14 11 h 100
792 14 12 l 100
792 14 12 h 100
1302 14 13 l 100
1302 14 13 h 100
shutdown 14 15 l
shutdown 14 15 h
318 14 16 l 100
319 14 16 h 100
shutdown 15 0 l
shutdown 15 0 h
shutdown 15 1 l
shutdown 15 1 h
shutdown 15 2 l
shutdown 15 2 h
shutdown 15 3 l
shutdown 15 3 h
shutdown 15 4 l
shutdown 15 4 h
shutdown 15 5 l
shutdown 15 5 h
shutdown 15 6 l
shutdown 15 6 h
shutdown 15 7 l
shutdown 15 7 h
shutdown 15 8 l
shutdown 15 8 h
shutdown 15 9 l
shutdown 15 9 h
shutdown 15 10 l
shutdown 15 10 h
shutdown 15 11 l
shutdown 15 11 h
shutdown 15 12 l
shutdown 15 12 h
shutdown 15 13 l
shutdown 15 13 h
shutdown 15 14 l
shutdown 15 14 h
shutdown 15 16 l
shutdown 15 16 h
1584 16 0 l 100
1584 16 0 h 100
288 16 1 l 100
288 16 1 h 100
1297 16 2 l 100
1296 16 2 h 100
116 16 3 l 100
114 16 3 h 100
552 16 4 l 100
554 16 4 h 100
294 16 5 l 100
294 16 5 h 100
18 16 6 l 100
18 16 6 h 100
1422 16 7 l 100
1424 16 7 h 100
1272 16 8 l 100
1274 16 8 h 100
1004 16 9 l 100
1002 16 9 h 100
1020 16 10 l 100
1021 16 10 h 100
1479 16 11 l 100
1477 16 11 h 100
1446 16 12 l 100
1446 16 12 h 100
480 16 13 l 100
480 16 13 h 100
474 16 14 l 100
475 16 14 h 100
shutdown 16 15 l
shutdown 16 15 h
