tunnel_num s t prio weight
324 0 1 l 100
324 0 1 h 100
822 0 2 l 100
822 0 2 h 100
1344 0 3 l 100
1345 0 3 h 100
174 0 4 l 100
176 0 4 h 100
684 0 5 l 100
685 0 5 h 100
1199 0 6 l 100
1194 0 6 h 100
42 0 7 l 66
43 0 7 l 33
42 0 7 h 100
704 0 8 l 100
704 0 8 h 100
1214 0 9 l 100
1214 0 9 h 100
65 0 10 l 43
62 0 10 l 56
62 0 10 h 100
581 0 11 l 100
578 0 11 h 100
1068 0 12 l 100
1068 0 12 h 100
1562 0 13 l 100
1560 0 13 h 100
428 0 14 l 100
427 0 14 h 100
930 0 15 l 100
931 0 15 h 100
1315 0 16 l 100
1316 0 16 h 100
696 1 0 l 100
697 1 0 h 100
1362 1 2 l 100
1363 1 2 h 100
834 1 3 l 100
835 1 3 h 100
1062 1 4 l 100
1062 1 4 h 100
570 1 5 l 100
572 1 5 h 100
54 1 6 l 100
54 1 6 h 100
1206 1 7 l 100
1206 1 7 h 100
1581 1 8 l 100
shutdown 1 8 h
1086 1 9 l 100
1088 1 9 h 100
588 1 10 l 100
588 1 10 h 100
81 1 11 l 100
shutdown 1 11 h
337 1 12 l 100
337 1 12 h 100
1465 1 13 l 100
1465 1 13 h 100
943 1 14 l 100
942 1 14 h 100
444 1 15 l 100
444 1 15 h 100
546 1 16 l 100
546 1 16 h 100
1572 2 0 l 100
1574 2 0 h 100
438 2 1 l 100
438 2 1 h 100
1080 2 3 l 100
1080 2 3 h 100
1230 2 4 l 100
1230 2 4 h 100
72 2 5 l 100
74 2 5 h 100
204 2 6 l 100
204 2 6 h 100
720 2 7 l 100
721 2 7 h 100
860 2 8 l 100
860 2 8 h 100
1380 2 9 l 100
1380 2 9 h 100
1489 2 10 l 100
1490 2 10 h 100
362 2 11 l 100
362 2 11 h 100
462 2 12 l 100
462 2 12 h 100
963 2 13 l 100
960 2 13 h 100
1104 2 14 l 100
1105 2 14 h 100
1602 2 15 l 100
1602 2 15 h 100
1452 2 16 l 100
1453 2 16 h 100
852 3 0 l 100
853 3 0 h 100
354 3 1 l 100
356 3 1 h 100
200 3 2 l 100
199 3 2 h 100
1224 3 4 l 100
1224 3 4 h 100
714 3 5 l 100
714 3 5 h 100
582 3 6 l 100
584 3 6 h 100
66 3 7 l 100
68 3 7 h 100
1569 3 8 l 100
1568 3 8 h 100
1078 3 9 l 100
1074 3 9 h 100
937 3 10 l 100
937 3 10 h 100
433 3 11 l 100
433 3 11 h 100
333 3 12 l 100
330 3 12 h 100
1462 3 13 l 100
1458 3 13 h 100
1356 3 14 l 100
1357 3 14 h 100
828 3 15 l 100
830 3 15 h 100
978 3 16 l 100
980 3 16 h 100
97 4 0 l 100
97 4 0 h 100
600 4 1 l 100
600 4 1 h 100
1101 4 2 l 100
1100 4 2 h 100
1593 4 3 l 100
1590 4 3 h 100
228 4 5 l 100
230 4 5 h 100
748 4 6 l 100
745 4 6 h 100
1255 4 7 l 80
1256 4 7 l 19
1255 4 7 h 100
849 4 8 l 100
848 4 8 h 100
1374 4 9 l 100
1376 4 9 h 100
196 4 10 l 100
194 4 10 h 100
712 4 11 l 100
710 4 11 h 100
458 4 12 l 46
459 4 12 l 53
458 4 12 h 100
958 4 13 l 100
955 4 13 h 100
1483 4 14 l 100
1483 4 14 h 100
348 4 15 l 100
348 4 15 h 100
253 4 16 l 100
252 4 16 h 100
972 5 0 l 100
973 5 0 h 100
486 5 1 l 100
486 5 1 h 100
1614 5 2 l 100
1616 5 2 h 100
1122 5 3 l 100
1124 5 3 h 100
624 5 4 l 100
624 5 4 h 100
1281 5 6 l 100
1280 5 6 h 100
771 5 7 l 100
770 5 7 h 100
93 5 8 l 100
shutdown 5 8 h
1248 5 9 l 100
1248 5 9 h 100
741 5 10 l 100
739 5 10 h 100
225 5 11 l 100
shutdown 5 11 h
1399 5 12 l 81
1401 5 12 l 18
1399 5 12 h 100
877 5 13 l 100
878 5 13 h 100
366 5 14 l 100
366 5 14 h 100
1500 5 15 l 100
1501 5 15 h 100
1152 5 16 l 100
1152 5 16 h 100
246 6 0 l 100
247 6 0 h 100
762 6 1 l 100
764 6 1 h 100
888 6 2 l 100
888 6 2 h 100
1410 6 3 l 100
1410 6 3 h 100
618 6 4 l 100
618 6 4 h 100
1116 6 5 l 100
1118 6 5 h 100
120 6 7 l 100
120 6 7 h 100
1150 6 8 l 100
shutdown 6 8 h
6 6 9 l 100
8 6 9 h 100
144 6 10 l 100
144 6 10 h 100
653 6 11 l 100
shutdown 6 11 h
1513 6 12 l 100
1513 6 12 h 100
381 6 13 l 100
379 6 13 h 100
504 6 14 l 100
505 6 14 h 100
996 6 15 l 100
997 6 15 h 100
396 6 16 l 100
398 6 16 h 100
1140 7 0 l 100
1140 7 0 h 100
642 7 1 l 100
643 7 1 h 100
500 7 2 l 100
500 7 2 h 100
0 7 3 l 100
2 7 3 h 100
787 7 4 l 100
788 7 4 h 100
270 7 5 l 100
271 7 5 h 100
138 7 6 l 100
139 7 6 h 100
392 7 8 l 100
392 7 8 h 100
1525 7 9 l 100
1526 7 9 h 100
1433 7 10 l 100
1428 7 10 h 100
902 7 11 l 3
904 7 11 l 96
902 7 11 h 100
27 7 12 l 100
26 7 12 h 100
1178 7 13 l 100
1177 7 13 h 100
1027 7 14 l 100
1028 7 14 h 100
522 7 15 l 100
523 7 15 h 100
1320 7 16 l 100
1322 7 16 h 100
872 8 0 l 100
872 8 0 h 100
1395 8 1 l 100
shutdown 8 1 h
220 8 2 l 100
218 8 2 h 100
735 8 3 l 100
734 8 3 h 100
1246 8 4 l 100
1244 8 4 h 100
87 8 5 l 100
shutdown 8 5 h
598 8 6 l 100
shutdown 8 6 h
throttle 8 7 l 0.603253
1095 8 7 l 100
shutdown 8 7 h
453 8 9 l 100
452 8 9 h 100
948 8 10 l 100
948 8 10 h 100
1470 8 11 l 100
1470 8 11 h 100
342 8 12 l 100
342 8 12 h 100
842 8 13 l 100
842 8 13 h 100
shutdown 8 14 l
shutdown 8 14 h
shutdown 8 15 l
shutdown 8 15 h
993 8 16 l 100
992 8 16 h 100
108 9 0 l 100
108 9 0 h 100
1266 9 1 l 100
1266 9 1 h 100
750 9 2 l 100
752 9 2 h 100
throttle 9 3 l 0.142649
240 9 3 l 100
242 9 3 h 100
471 9 4 l 100
469 9 4 h 100
1608 9 5 l 100
1608 9 5 h 100
throttle 9 6 l 0.405163
1111 9 6 l 100
1112 9 6 h 100
614 9 7 l 100
612 9 7 h 100
866 9 8 l 100
866 9 8 h 100
1494 9 10 l 100
1495 9 10 h 100
966 9 11 l 100
966 9 11 h 100
1236 9 12 l 23
1237 9 12 l 76
1237 9 12 h 100
729 9 13 l 100
726 9 13 h 100
throttle 9 14 l 0.128176
213 9 14 l 100
211 9 14 h 100
1386 9 15 l 100
1387 9 15 h 100
264 9 16 l 100
264 9 16 h 100
985 10 0 l 100
985 10 0 h 100
throttle 10 1 l 0.229861
1506 10 1 l 100
1506 10 1 h 100
1630 10 2 l 100
1628 10 2 h 100
497 10 3 l 100
493 10 3 h 100
throttle 10 4 l 0.236694
640 10 4 l 100
638 10 4 h 100
1135 10 5 l 100
1135 10 5 h 100
1290 10 6 l 100
1290 10 6 h 100
throttle 10 7 l 0.763886
137 10 7 l 100
132 10 7 h 100
102 10 8 l 100
102 10 8 h 100
606 10 9 l 100
606 10 9 h 100
1261 10 11 l 100
1260 10 11 h 100
1405 10 12 l 100
1405 10 12 h 100
234 10 13 l 11
235 10 13 l 88
234 10 13 h 100
throttle 10 14 l 0.660837
377 10 14 l 100
374 10 14 h 100
883 10 15 l 100
883 10 15 h 100
1171 10 16 l 100
1171 10 16 h 100
260 11 0 l 100
260 11 0 h 100
1419 11 1 l 100
shutdown 11 1 h
1285 11 2 l 100
1286 11 2 h 100
775 11 3 l 100
775 11 3 h 100
632 11 4 l 100
632 11 4 h 100
129 11 5 l 100
shutdown 11 5 h
1625 11 6 l 100
shutdown 11 6 h
1131 11 7 l 100
shutdown 11 7 h
1164 11 8 l 100
1164 11 8 h 100
660 11 9 l 100
661 11 9 h 100
516 11 10 l 100
517 11 10 h 100
1518 11 12 l 100
1519 11 12 h 100
1014 11 13 l 100
1014 11 13 h 100
898 11 14 l 34
899 11 14 l 65
shutdown 11 14 h
389 11 15 l 100
shutdown 11 15 h
415 11 16 l 100
414 11 16 h 100
1163 12 0 l 100
1158 12 0 h 100
15 12 1 l 100
13 12 1 h 100
throttle 12 2 l 0.622231
514 12 2 l 12
510 12 2 l 87
510 12 2 h 100
throttle 12 3 l 0.407365
1008 12 3 l 100
1008 12 3 h 100
throttle 12 4 l 0.777170
803 12 4 l 100
800 12 4 h 100
throttle 12 5 l 0.249491
1311 12 5 l 100
1309 12 5 h 100
153 12 6 l 100
151 12 6 h 100
throttle 12 7 l 0.884901
655 12 7 l 100
655 12 7 h 100
408 12 8 l 100
408 12 8 h 100
913 12 9 l 100
912 12 9 h 100
1434 12 10 l 100
1435 12 10 h 100
282 12 11 l 100
282 12 11 h 100
540 12 13 l 100
540 12 13 h 100
throttle 12 14 l 0.104021
1045 12 14 l 23
1049 12 14 l 76
1045 12 14 h 100
1545 12 15 l 100
shutdown 12 15 h
1339 12 16 l 100
1339 12 16 h 100
404 13 0 l 100
402 13 0 h 100
1537 13 1 l 100
1537 13 1 h 100
1041 13 2 l 100
1038 13 2 h 100
534 13 3 l 100
534 13 3 h 100
40 13 4 l 100
37 13 4 h 100
1189 13 5 l 100
1189 13 5 h 100
681 13 6 l 100
679 13 6 h 100
throttle 13 7 l 0.561653
169 13 7 l 100
170 13 7 h 100
1334 13 8 l 100
1334 13 8 h 100
819 13 9 l 100
816 13 9 h 100
313 13 10 l 100
313 13 10 h 100
1440 13 11 l 100
1440 13 11 h 100
924 13 12 l 100
925 13 12 h 100
throttle 13 14 l 0.391644
1555 13 14 l 100
1556 13 14 h 100
1058 13 15 l 100
1058 13 15 h 100
567 13 16 l 100
564 13 16 h 100
1326 14 0 l 100
1328 14 0 h 100
162 14 1 l 100
162 14 1 h 100
306 14 2 l 100
306 14 2 h 100
810 14 3 l 100
810 14 3 h 100
30 14 4 l 100
30 14 4 h 100
528 14 5 l 100
529 14 5 h 100
672 14 6 l 100
673 14 6 h 100
1186 14 7 l 100
1183 14 7 h 100
shutdown 14 8 l
shutdown 14 8 h
906 14 9 l 100
907 14 9 h 100
1034 14 10 l 100
1034 14 10 h 100
1534 14 11 l 56
1535 14 11 l 43
shutdown 14 11 h
797 14 12 l 100
793 14 12 h 100
1303 14 13 l 100
1304 14 13 h 100
276 14 15 l 100
276 14 15 h 100
318 14 16 l 100
320 14 16 h 100
560 15 0 l 100
558 15 0 h 100
48 15 1 l 100
50 15 1 h 100
1549 15 2 l 100
1549 15 2 h 100
1052 15 3 l 100
1051 15 3 h 100
181 15 4 l 100
182 15 4 h 100
1350 15 5 l 100
1352 15 5 h 100
1200 15 6 l 100
1201 15 6 h 100
690 15 7 l 100
692 15 7 h 100
shutdown 15 8 l
shutdown 15 8 h
806 15 9 l 100
804 15 9 h 100
667 15 10 l 100
667 15 10 h 100
161 15 11 l 100
shutdown 15 11 h
921 15 12 l 100
shutdown 15 12 h
422 15 13 l 100
422 15 13 h 100
300 15 14 l 100
302 15 14 h 100
759 15 16 l 100
756 15 16 h 100
1584 16 0 l 100
1585 16 0 h 100
288 16 1 l 100
290 16 1 h 100
1296 16 2 l 100
1296 16 2 h 100
114 16 3 l 100
116 16 3 h 100
552 16 4 l 100
553 16 4 h 100
294 16 5 l 100
294 16 5 h 100
18 16 6 l 100
19 16 6 h 100
1422 16 7 l 100
1424 16 7 h 100
1274 16 8 l 100
1274 16 8 h 100
1002 16 9 l 100
1002 16 9 h 100
1021 16 10 l 100
1020 16 10 h 100
1476 16 11 l 100
1476 16 11 h 100
1446 16 12 l 100
1446 16 12 h 100
483 16 13 l 100
480 16 13 h 100
474 16 14 l 100
474 16 14 h 100
1596 16 15 l 100
1597 16 15 h 100
