tunnel_num s t prio weight
324 0 1 l 100
324 0 1 h 100
throttle 0 2 l 0.722403
823 0 2 l 100
824 0 2 h 100
throttle 0 3 l 0.674534
1345 0 3 l 62
1346 0 3 l 37
1345 0 3 h 100
175 0 4 l 100
176 0 4 h 100
687 0 5 l 100
684 0 5 h 100
1194 0 6 l 100
1194 0 6 h 100
42 0 7 l 100
42 0 7 h 100
703 0 8 l 100
703 0 8 h 100
throttle 0 9 l 0.361191
1216 0 9 l 100
1214 0 9 h 100
throttle 0 10 l 0.124342
62 0 10 l 100
62 0 10 h 100
579 0 11 l 100
577 0 11 h 100
1071 0 12 l 100
shutdown 0 12 h
1562 0 13 l 100
1562 0 13 h 100
throttle 0 14 l 0.770235
428 0 14 l 100
426 0 14 h 100
931 0 15 l 100
930 0 15 h 100
1315 0 16 l 100
1315 0 16 h 100
696 1 0 l 100
696 1 0 h 100
1363 1 2 l 100
1362 1 2 h 100
835 1 3 l 100
835 1 3 h 100
1063 1 4 l 100
1063 1 4 h 100
570 1 5 l 100
570 1 5 h 100
57 1 6 l 100
55 1 6 h 100
1206 1 7 l 100
1206 1 7 h 100
1578 1 8 l 100
1579 1 8 h 100
1086 1 9 l 100
1088 1 9 h 100
590 1 10 l 100
589 1 10 h 100
81 1 11 l 100
78 1 11 h 100
337 1 12 l 100
338 1 12 h 100
1467 1 13 l 100
1465 1 13 h 100
942 1 14 l 100
944 1 14 h 100
444 1 15 l 100
446 1 15 h 100
546 1 16 l 100
547 1 16 h 100
1576 2 0 l 100
1573 2 0 h 100
438 2 1 l 100
440 2 1 h 100
1080 2 3 l 100
1080 2 3 h 100
1230 2 4 l 100
1231 2 4 h 100
72 2 5 l 100
72 2 5 h 100
204 2 6 l 100
204 2 6 h 100
720 2 7 l 100
721 2 7 h 100
858 2 8 l 100
858 2 8 h 100
1380 2 9 l 100
1382 2 9 h 100
1489 2 10 l 100
1488 2 10 h 100
362 2 11 l 100
361 2 11 h 100
462 2 12 l 100
463 2 12 h 100
964 2 13 l 100
960 2 13 h 100
1104 2 14 l 100
1104 2 14 h 100
1602 2 15 l 100
1602 2 15 h 100
1452 2 16 l 100
1454 2 16 h 100
853 3 0 l 100
853 3 0 h 100
355 3 1 l 100
355 3 1 h 100
198 3 2 l 100
198 3 2 h 100
1224 3 4 l 100
1224 3 4 h 100
714 3 5 l 100
715 3 5 h 100
582 3 6 l 100
583 3 6 h 100
66 3 7 l 100
67 3 7 h 100
1566 3 8 l 100
1568 3 8 h 100
1074 3 9 l 100
1074 3 9 h 100
937 3 10 l 100
937 3 10 h 100
433 3 11 l 100
432 3 11 h 100
330 3 12 l 100
330 3 12 h 100
1461 3 13 l 100
1458 3 13 h 100
1356 3 14 l 100
1357 3 14 h 100
828 3 15 l 100
829 3 15 h 100
978 3 16 l 100
979 3 16 h 100
throttle 4 0 l 0.079435
98 4 0 l 100
97 4 0 h 100
600 4 1 l 100
602 4 1 h 100
1098 4 2 l 41
1102 4 2 l 58
1098 4 2 h 100
1592 4 3 l 100
1590 4 3 h 100
228 4 5 l 100
229 4 5 h 100
748 4 6 l 100
744 4 6 h 100
throttle 4 7 l 0.587471
1254 4 7 l 100
1254 4 7 h 100
846 4 8 l 100
848 4 8 h 100
1378 4 9 l 53
1375 4 9 l 46
1376 4 9 h 100
194 4 10 l 100
193 4 10 h 100
712 4 11 l 100
710 4 11 h 100
456 4 12 l 100
458 4 12 h 100
957 4 13 l 100
955 4 13 h 100
1482 4 14 l 100
1482 4 14 h 100
348 4 15 l 100
350 4 15 h 100
257 4 16 l 100
254 4 16 h 100
975 5 0 l 100
972 5 0 h 100
487 5 1 l 100
487 5 1 h 100
1616 5 2 l 100
1614 5 2 h 100
1127 5 3 l 100
1123 5 3 h 100
625 5 4 l 100
624 5 4 h 100
1281 5 6 l 100
1278 5 6 h 100
771 5 7 l 100
768 5 7 h 100
90 5 8 l 100
90 5 8 h 100
1248 5 9 l 100
1250 5 9 h 100
739 5 10 l 100
739 5 10 h 100
224 5 11 l 100
224 5 11 h 100
1399 5 12 l 100
1400 5 12 h 100
881 5 13 l 100
877 5 13 h 100
366 5 14 l 100
367 5 14 h 100
1500 5 15 l 100
1500 5 15 h 100
1152 5 16 l 100
1154 5 16 h 100
246 6 0 l 100
246 6 0 h 100
762 6 1 l 100
763 6 1 h 100
888 6 2 l 100
888 6 2 h 100
1410 6 3 l 100
1410 6 3 h 100
618 6 4 l 100
620 6 4 h 100
1116 6 5 l 100
1116 6 5 h 100
120 6 7 l 100
120 6 7 h 100
1146 6 8 l 100
1146 6 8 h 100
6 6 9 l 100
7 6 9 h 100
144 6 10 l 100
146 6 10 h 100
648 6 11 l 100
648 6 11 h 100
1513 6 12 l 100
1514 6 12 h 100
382 6 13 l 100
379 6 13 h 100
506 6 14 l 100
504 6 14 h 100
996 6 15 l 100
998 6 15 h 100
396 6 16 l 100
397 6 16 h 100
1140 7 0 l 100
1140 7 0 h 100
642 7 1 l 100
642 7 1 h 100
502 7 2 l 100
499 7 2 h 100
0 7 3 l 100
1 7 3 h 100
786 7 4 l 100
787 7 4 h 100
273 7 5 l 100
270 7 5 h 100
138 7 6 l 100
138 7 6 h 100
390 7 8 l 100
391 7 8 h 100
1524 7 9 l 100
1525 7 9 h 100
1433 7 10 l 100
1429 7 10 h 100
900 7 11 l 100
900 7 11 h 100
25 7 12 l 100
25 7 12 h 100
1179 7 13 l 100
1177 7 13 h 100
throttle 7 14 l 0.019956
1026 7 14 l 100
1026 7 14 h 100
522 7 15 l 100
522 7 15 h 100
1320 7 16 l 100
1321 7 16 h 100
874 8 0 l 100
872 8 0 h 100
1395 8 1 l 100
1392 8 1 h 100
220 8 2 l 100
216 8 2 h 100
732 8 3 l 100
734 8 3 h 100
1245 8 4 l 100
1244 8 4 h 100
84 8 5 l 100
85 8 5 h 100
598 8 6 l 100
595 8 6 h 100
1092 8 7 l 100
1092 8 7 h 100
450 8 9 l 100
451 8 9 h 100
949 8 10 l 100
949 8 10 h 100
1470 8 11 l 100
1470 8 11 h 100
344 8 12 l 87
345 8 12 l 12
344 8 12 h 100
843 8 13 l 100
842 8 13 h 100
1368 8 14 l 100
1368 8 14 h 100
186 8 15 l 100
186 8 15 h 100
990 8 16 l 100
992 8 16 h 100
109 9 0 l 100
109 9 0 h 100
1266 9 1 l 100
1268 9 1 h 100
750 9 2 l 100
752 9 2 h 100
240 9 3 l 100
241 9 3 h 100
468 9 4 l 100
469 9 4 h 100
1609 9 5 l 100
1609 9 5 h 100
1112 9 6 l 100
1110 9 6 h 100
612 9 7 l 100
613 9 7 h 100
867 9 8 l 100
865 9 8 h 100
1494 9 10 l 100
1495 9 10 h 100
966 9 11 l 100
967 9 11 h 100
1238 9 12 l 100
1238 9 12 h 100
729 9 13 l 100
726 9 13 h 100
210 9 14 l 100
210 9 14 h 100
1388 9 15 l 100
1386 9 15 h 100
264 9 16 l 100
264 9 16 h 100
988 10 0 l 100
986 10 0 h 100
1507 10 1 l 100
1508 10 1 h 100
1627 10 2 l 100
1628 10 2 h 100
492 10 3 l 100
492 10 3 h 100
640 10 4 l 100
637 10 4 h 100
1135 10 5 l 100
1135 10 5 h 100
1290 10 6 l 100
1291 10 6 h 100
throttle 10 7 l 0.106410
132 10 7 l 89
136 10 7 l 10
133 10 7 h 100
106 10 8 l 100
102 10 8 h 100
609 10 9 l 10
606 10 9 l 89
607 10 9 h 100
1262 10 11 l 100
1260 10 11 h 100
1405 10 12 l 100
1405 10 12 h 100
234 10 13 l 100
235 10 13 h 100
373 10 14 l 26
374 10 14 l 25
376 10 14 l 47
374 10 14 h 100
887 10 15 l 100
884 10 15 h 100
1170 10 16 l 100
1172 10 16 h 100
261 11 0 l 100
259 11 0 h 100
1416 11 1 l 100
1417 11 1 h 100
1285 11 2 l 100
1285 11 2 h 100
774 11 3 l 100
774 11 3 h 100
630 11 4 l 100
630 11 4 h 100
126 11 5 l 100
128 11 5 h 100
1620 11 6 l 100
1620 11 6 h 100
1128 11 7 l 100
1128 11 7 h 100
1164 11 8 l 100
1164 11 8 h 100
662 11 9 l 100
661 11 9 h 100
516 11 10 l 100
516 11 10 h 100
1518 11 12 l 100
1519 11 12 h 100
1015 11 13 l 100
1014 11 13 h 100
895 11 14 l 100
895 11 14 h 100
385 11 15 l 100
386 11 15 h 100
415 11 16 l 100
414 11 16 h 100
1161 12 0 l 100
shutdown 12 0 h
15 12 1 l 100
14 12 1 h 100
513 12 2 l 100
511 12 2 h 100
1011 12 3 l 100
1009 12 3 h 100
798 12 4 l 100
798 12 4 h 100
1309 12 5 l 100
1310 12 5 h 100
152 12 6 l 100
151 12 6 h 100
throttle 12 7 l 0.782200
655 12 7 l 100
655 12 7 h 100
408 12 8 l 100
410 12 8 h 100
913 12 9 l 100
914 12 9 h 100
1434 12 10 l 100
1435 12 10 h 100
282 12 11 l 100
282 12 11 h 100
540 12 13 l 100
540 12 13 h 100
1046 12 14 l 100
1046 12 14 h 100
1544 12 15 l 100
1544 12 15 h 100
1338 12 16 l 100
1338 12 16 h 100
404 13 0 l 100
404 13 0 h 100
1539 13 1 l 100
1537 13 1 h 100
1038 13 2 l 100
1038 13 2 h 100
534 13 3 l 100
534 13 3 h 100
37 13 4 l 100
37 13 4 h 100
1189 13 5 l 100
1189 13 5 h 100
679 13 6 l 3
682 13 6 l 96
679 13 6 h 100
throttle 13 7 l 0.170524
169 13 7 l 100
169 13 7 h 100
1334 13 8 l 100
1333 13 8 h 100
819 13 9 l 100
816 13 9 h 100
312 13 10 l 100
312 13 10 h 100
1440 13 11 l 100
1440 13 11 h 100
924 13 12 l 100
925 13 12 h 100
1555 13 14 l 100
1555 13 14 h 100
1059 13 15 l 100
1058 13 15 h 100
567 13 16 l 100
564 13 16 h 100
1326 14 0 l 100
1326 14 0 h 100
162 14 1 l 100
163 14 1 h 100
311 14 2 l 100
306 14 2 h 100
810 14 3 l 100
811 14 3 h 100
30 14 4 l 100
30 14 4 h 100
528 14 5 l 100
528 14 5 h 100
674 14 6 l 100
672 14 6 h 100
1183 14 7 l 100
1182 14 7 h 100
785 14 8 l 100
781 14 8 h 100
906 14 9 l 100
906 14 9 h 100
1033 14 10 l 100
1034 14 10 h 100
1531 14 11 l 100
1532 14 11 h 100
793 14 12 l 100
794 14 12 h 100
1306 14 13 l 100
1303 14 13 h 100
276 14 15 l 100
278 14 15 h 100
318 14 16 l 100
318 14 16 h 100
558 15 0 l 100
558 15 0 h 100
48 15 1 l 100
50 15 1 h 100
1549 15 2 l 100
1548 15 2 h 100
1051 15 3 l 100
1051 15 3 h 100
181 15 4 l 100
182 15 4 h 100
1350 15 5 l 100
1352 15 5 h 100
1200 15 6 l 100
1202 15 6 h 100
690 15 7 l 100
691 15 7 h 100
1219 15 8 l 100
1218 15 8 h 100
809 15 9 l 100
804 15 9 h 100
671 15 10 l 100
667 15 10 h 100
157 15 11 l 100
158 15 11 h 100
923 15 12 l 100
920 15 12 h 100
422 15 13 l 100
422 15 13 h 100
302 15 14 l 100
302 15 14 h 100
761 15 16 l 100
757 15 16 h 100
1585 16 0 l 100
1585 16 0 h 100
288 16 1 l 100
288 16 1 h 100
1300 16 2 l 100
1297 16 2 h 100
118 16 3 l 100
115 16 3 h 100
557 16 4 l 100
553 16 4 h 100
294 16 5 l 100
294 16 5 h 100
18 16 6 l 100
19 16 6 h 100
1426 16 7 l 100
1423 16 7 h 100
1275 16 8 l 100
1273 16 8 h 100
1003 16 9 l 100
1002 16 9 h 100
1020 16 10 l 100
1022 16 10 h 100
1477 16 11 l 100
1476 16 11 h 100
1446 16 12 l 100
1446 16 12 h 100
480 16 13 l 100
480 16 13 h 100
474 16 14 l 100
474 16 14 h 100
1596 16 15 l 100
1597 16 15 h 100
