tunnel_num s t prio weight
324 0 1 l 100
324 0 1 h 100
822 0 2 l 100
822 0 2 h 100
1344 0 3 l 71
1345 0 3 l 28
1344 0 3 h 100
174 0 4 l 100
175 0 4 h 100
689 0 5 l 100
685 0 5 h 100
1194 0 6 l 100
1194 0 6 h 100
42 0 7 l 100
42 0 7 h 100
707 0 8 l 83
702 0 8 l 16
704 0 8 h 100
1212 0 9 l 100
1213 0 9 h 100
60 0 10 l 100
62 0 10 h 100
581 0 11 l 100
578 0 11 h 100
1068 0 12 l 100
1068 0 12 h 100
1560 0 13 l 100
1560 0 13 h 100
427 0 14 l 43
429 0 14 l 10
430 0 14 l 45
427 0 14 h 100
932 0 15 l 100
932 0 15 h 100
1314 0 16 l 100
1315 0 16 h 100
696 1 0 l 100
696 1 0 h 100
1362 1 2 l 100
1364 1 2 h 100
834 1 3 l 100
836 1 3 h 100
1062 1 4 l 100
1062 1 4 h 100
571 1 5 l 100
571 1 5 h 100
54 1 6 l 100
54 1 6 h 100
1208 1 7 l 100
1206 1 7 h 100
1578 1 8 l 100
1578 1 8 h 100
1086 1 9 l 100
1086 1 9 h 100
588 1 10 l 100
589 1 10 h 100
78 1 11 l 100
78 1 11 h 100
337 1 12 l 100
338 1 12 h 100
1465 1 13 l 100
1465 1 13 h 100
945 1 14 l 100
943 1 14 h 100
448 1 15 l 100
446 1 15 h 100
546 1 16 l 100
546 1 16 h 100
1572 2 0 l 100
1572 2 0 h 100
440 2 1 l 100
440 2 1 h 100
1080 2 3 l 100
1080 2 3 h 100
1230 2 4 l 100
1231 2 4 h 100
72 2 5 l 100
72 2 5 h 100
206 2 6 l 100
206 2 6 h 100
720 2 7 l 100
722 2 7 h 100
858 2 8 l 100
860 2 8 h 100
1381 2 9 l 100
1380 2 9 h 100
1488 2 10 l 100
1490 2 10 h 100
360 2 11 l 100
362 2 11 h 100
462 2 12 l 100
462 2 12 h 100
960 2 13 l 100
960 2 13 h 100
1106 2 14 l 100
1106 2 14 h 100
1606 2 15 l 100
1602 2 15 h 100
1452 2 16 l 100
1452 2 16 h 100
852 3 0 l 100
852 3 0 h 100
354 3 1 l 100
356 3 1 h 100
198 3 2 l 100
198 3 2 h 100
1224 3 4 l 100
1226 3 4 h 100
717 3 5 l 100
714 3 5 h 100
582 3 6 l 100
584 3 6 h 100
68 3 7 l 100
68 3 7 h 100
1566 3 8 l 100
1568 3 8 h 100
1074 3 9 l 100
1076 3 9 h 100
936 3 10 l 100
938 3 10 h 100
436 3 11 l 100
433 3 11 h 100
331 3 12 l 100
330 3 12 h 100
1458 3 13 l 100
1458 3 13 h 100
1356 3 14 l 30
1360 3 14 l 69
1356 3 14 h 100
831 3 15 l 100
828 3 15 h 100
978 3 16 l 100
978 3 16 h 100
97 4 0 l 100
97 4 0 h 100
600 4 1 l 100
600 4 1 h 100
1098 4 2 l 100
1099 4 2 h 100
1590 4 3 l 100
1592 4 3 h 100
228 4 5 l 100
228 4 5 h 100
744 4 6 l 100
744 4 6 h 100
1254 4 7 l 32
1256 4 7 l 63
1258 4 7 l 4
1254 4 7 h 100
846 4 8 l 100
847 4 8 h 100
1374 4 9 l 100
1375 4 9 h 100
193 4 10 l 100
194 4 10 h 100
711 4 11 l 100
708 4 11 h 100
456 4 12 l 100
456 4 12 h 100
957 4 13 l 100
954 4 13 h 100
1482 4 14 l 100
1482 4 14 h 100
348 4 15 l 100
348 4 15 h 100
257 4 16 l 100
253 4 16 h 100
973 5 0 l 100
973 5 0 h 100
490 5 1 l 100
487 5 1 h 100
1614 5 2 l 100
1614 5 2 h 100
1122 5 3 l 15
1125 5 3 l 84
1122 5 3 h 100
627 5 4 l 100
624 5 4 h 100
1279 5 6 l 100
1279 5 6 h 100
769 5 7 l 100
769 5 7 h 100
92 5 8 l 100
92 5 8 h 100
1248 5 9 l 100
1248 5 9 h 100
738 5 10 l 100
738 5 10 h 100
223 5 11 l 100
222 5 11 h 100
1400 5 12 l 42
1401 5 12 l 57
1398 5 12 h 100
876 5 13 l 100
876 5 13 h 100
366 5 14 l 100
366 5 14 h 100
1505 5 15 l 100
1500 5 15 h 100
1153 5 16 l 100
1154 5 16 h 100
246 6 0 l 100
246 6 0 h 100
762 6 1 l 100
762 6 1 h 100
888 6 2 l 100
890 6 2 h 100
1410 6 3 l 100
1412 6 3 h 100
618 6 4 l 100
618 6 4 h 100
1117 6 5 l 100
1117 6 5 h 100
121 6 7 l 100
120 6 7 h 100
1146 6 8 l 100
1146 6 8 h 100
6 6 9 l 100
6 6 9 h 100
144 6 10 l 100
145 6 10 h 100
648 6 11 l 100
648 6 11 h 100
1513 6 12 l 100
1513 6 12 h 100
379 6 13 l 100
380 6 13 h 100
505 6 14 l 100
505 6 14 h 100
998 6 15 l 100
998 6 15 h 100
396 6 16 l 100
396 6 16 h 100
1140 7 0 l 100
1140 7 0 h 100
642 7 1 l 100
642 7 1 h 100
500 7 2 l 100
500 7 2 h 100
2 7 3 l 100
2 7 3 h 100
786 7 4 l 100
786 7 4 h 100
271 7 5 l 100
271 7 5 h 100
138 7 6 l 100
138 7 6 h 100
390 7 8 l 100
392 7 8 h 100
1525 7 9 l 100
1526 7 9 h 100
1428 7 10 l 100
1429 7 10 h 100
900 7 11 l 100
900 7 11 h 100
25 7 12 l 100
26 7 12 h 100
1181 7 13 l 100
1177 7 13 h 100
1029 7 14 l 100
1027 7 14 h 100
524 7 15 l 100
524 7 15 h 100
1320 7 16 l 100
1322 7 16 h 100
870 8 0 l 100
871 8 0 h 100
1395 8 1 l 100
1392 8 1 h 100
221 8 2 l 100
217 8 2 h 100
735 8 3 l 100
733 8 3 h 100
1242 8 4 l 100
1243 8 4 h 100
86 8 5 l 100
84 8 5 h 100
598 8 6 l 100
594 8 6 h 100
1095 8 7 l 100
1092 8 7 h 100
450 8 9 l 100
451 8 9 h 100
948 8 10 l 100
948 8 10 h 100
1470 8 11 l 100
1470 8 11 h 100
342 8 12 l 87
345 8 12 l 12
343 8 12 h 100
842 8 13 l 100
840 8 13 h 100
1370 8 14 l 100
1370 8 14 h 100
188 8 15 l 100
188 8 15 h 100
993 8 16 l 100
991 8 16 h 100
108 9 0 l 100
109 9 0 h 100
1266 9 1 l 100
1266 9 1 h 100
750 9 2 l 100
750 9 2 h 100
240 9 3 l 100
242 9 3 h 100
473 9 4 l 100
469 9 4 h 100
1611 9 5 l 100
1608 9 5 h 100
1114 9 6 l 100
1110 9 6 h 100
614 9 7 l 100
614 9 7 h 100
864 9 8 l 100
866 9 8 h 100
1494 9 10 l 100
1494 9 10 h 100
966 9 11 l 100
966 9 11 h 100
1237 9 12 l 100
1236 9 12 h 100
727 9 13 l 100
726 9 13 h 100
210 9 14 l 22
212 9 14 l 77
212 9 14 h 100
1386 9 15 l 100
1386 9 15 h 100
264 9 16 l 100
264 9 16 h 100
984 10 0 l 100
986 10 0 h 100
1507 10 1 l 100
1507 10 1 h 100
1627 10 2 l 100
1628 10 2 h 100
493 10 3 l 100
494 10 3 h 100
638 10 4 l 100
638 10 4 h 100
1138 10 5 l 100
1134 10 5 h 100
1290 10 6 l 100
1291 10 6 h 100
132 10 7 l 100
133 10 7 h 100
104 10 8 l 100
102 10 8 h 100
608 10 9 l 100
606 10 9 h 100
1263 10 11 l 100
1261 10 11 h 100
1404 10 12 l 100
1405 10 12 h 100
234 10 13 l 100
236 10 13 h 100
377 10 14 l 100
372 10 14 h 100
882 10 15 l 100
884 10 15 h 100
1170 10 16 l 100
1170 10 16 h 100
258 11 0 l 100
260 11 0 h 100
1416 11 1 l 100
1416 11 1 h 100
1284 11 2 l 100
1286 11 2 h 100
774 11 3 l 100
775 11 3 h 100
630 11 4 l 100
630 11 4 h 100
126 11 5 l 100
127 11 5 h 100
1620 11 6 l 100
1620 11 6 h 100
1128 11 7 l 100
1128 11 7 h 100
1164 11 8 l 100
1164 11 8 h 100
660 11 9 l 100
660 11 9 h 100
516 11 10 l 100
517 11 10 h 100
1518 11 12 l 100
1518 11 12 h 100
1014 11 13 l 100
1015 11 13 h 100
895 11 14 l 100
894 11 14 h 100
384 11 15 l 100
385 11 15 h 100
414 11 16 l 100
415 11 16 h 100
1158 12 0 l 100
1158 12 0 h 100
14 12 1 l 100
13 12 1 h 100
513 12 2 l 100
510 12 2 h 100
1011 12 3 l 100
1008 12 3 h 100
799 12 4 l 100
798 12 4 h 100
1310 12 5 l 100
1308 12 5 h 100
152 12 6 l 100
152 12 6 h 100
655 12 7 l 70
657 12 7 l 2
659 12 7 l 27
655 12 7 h 100
408 12 8 l 100
409 12 8 h 100
913 12 9 l 100
912 12 9 h 100
1434 12 10 l 100
1435 12 10 h 100
283 12 11 l 100
282 12 11 h 100
540 12 13 l 100
541 12 13 h 100
1044 12 14 l 100
1046 12 14 h 100
1544 12 15 l 100
1544 12 15 h 100
1341 12 16 l 100
1338 12 16 h 100
404 13 0 l 100
404 13 0 h 100
1537 13 1 l 100
1537 13 1 h 100
1039 13 2 l 100
1038 13 2 h 100
538 13 3 l 100
534 13 3 h 100
36 13 4 l 100
36 13 4 h 100
1188 13 5 l 100
1188 13 5 h 100
679 13 6 l 100
679 13 6 h 100
169 13 7 l 53
173 13 7 l 46
169 13 7 h 100
1332 13 8 l 100
1334 13 8 h 100
816 13 9 l 100
816 13 9 h 100
312 13 10 l 100
313 13 10 h 100
1440 13 11 l 100
1441 13 11 h 100
926 13 12 l 100
926 13 12 h 100
1558 13 14 l 100
1554 13 14 h 100
1059 13 15 l 100
1056 13 15 h 100
564 13 16 l 100
564 13 16 h 100
1327 14 0 l 100
1327 14 0 h 100
165 14 1 l 100
163 14 1 h 100
306 14 2 l 100
308 14 2 h 100
810 14 3 l 100
810 14 3 h 100
30 14 4 l 100
30 14 4 h 100
528 14 5 l 100
528 14 5 h 100
673 14 6 l 100
673 14 6 h 100
1185 14 7 l 100
1183 14 7 h 100
780 14 8 l 100
782 14 8 h 100
908 14 9 l 100
908 14 9 h 100
1032 14 10 l 100
1032 14 10 h 100
1530 14 11 l 100
1530 14 11 h 100
792 14 12 l 100
794 14 12 h 100
1302 14 13 l 100
1302 14 13 h 100
276 14 15 l 100
276 14 15 h 100
319 14 16 l 100
319 14 16 h 100
560 15 0 l 100
560 15 0 h 100
52 15 1 l 100
50 15 1 h 100
1548 15 2 l 63
1552 15 2 l 36
1548 15 2 h 100
1053 15 3 l 100
1050 15 3 h 100
180 15 4 l 100
180 15 4 h 100
1355 15 5 l 100
1350 15 5 h 100
1205 15 6 l 100
1202 15 6 h 100
693 15 7 l 100
692 15 7 h 100
1220 15 8 l 100
1220 15 8 h 100
807 15 9 l 100
804 15 9 h 100
666 15 10 l 100
666 15 10 h 100
156 15 11 l 100
157 15 11 h 100
918 15 12 l 100
920 15 12 h 100
423 15 13 l 100
420 15 13 h 100
300 15 14 l 100
300 15 14 h 100
761 15 16 l 100
758 15 16 h 100
1584 16 0 l 100
1585 16 0 h 100
288 16 1 l 100
288 16 1 h 100
1297 16 2 l 100
1296 16 2 h 100
114 16 3 l 100
116 16 3 h 100
552 16 4 l 100
553 16 4 h 100
295 16 5 l 100
296 16 5 h 100
18 16 6 l 100
18 16 6 h 100
1422 16 7 l 100
1424 16 7 h 100
1272 16 8 l 100
1273 16 8 h 100
1002 16 9 l 100
1002 16 9 h 100
1020 16 10 l 100
1021 16 10 h 100
1476 16 11 l 100
1476 16 11 h 100
1451 16 12 l 100
1447 16 12 h 100
480 16 13 l 100
480 16 13 h 100
475 16 14 l 100
475 16 14 h 100
1601 16 15 l 100
1598 16 15 h 100
