tunnel_num s t prio weight
324 0 1 l 100
326 0 1 h 100
822 0 2 l 73
825 0 2 l 26
823 0 2 h 100
1344 0 3 l 100
1344 0 3 h 100
174 0 4 l 100
176 0 4 h 100
684 0 5 l 100
686 0 5 h 100
1198 0 6 l 100
1194 0 6 h 100
42 0 7 l 51
44 0 7 l 48
42 0 7 h 100
702 0 8 l 100
702 0 8 h 100
1214 0 9 l 84
1215 0 9 l 15
1214 0 9 h 100
60 0 10 l 100
60 0 10 h 100
578 0 11 l 100
578 0 11 h 100
1068 0 12 l 100
1068 0 12 h 100
1560 0 13 l 100
1561 0 13 h 100
429 0 14 l 69
430 0 14 l 30
426 0 14 h 100
930 0 15 l 100
930 0 15 h 100
1314 0 16 l 100
1314 0 16 h 100
696 1 0 l 100
698 1 0 h 100
1362 1 2 l 100
1364 1 2 h 100
834 1 3 l 100
834 1 3 h 100
1062 1 4 l 100
1063 1 4 h 100
570 1 5 l 100
570 1 5 h 100
54 1 6 l 100
54 1 6 h 100
1209 1 7 l 100
1206 1 7 h 100
1578 1 8 l 100
1579 1 8 h 100
1086 1 9 l 100
1086 1 9 h 100
589 1 10 l 100
590 1 10 h 100
78 1 11 l 100
79 1 11 h 100
336 1 12 l 100
337 1 12 h 100
1464 1 13 l 100
1465 1 13 h 100
944 1 14 l 100
944 1 14 h 100
444 1 15 l 100
444 1 15 h 100
546 1 16 l 100
546 1 16 h 100
1572 2 0 l 100
1572 2 0 h 100
438 2 1 l 100
440 2 1 h 100
1081 2 3 l 100
1080 2 3 h 100
1230 2 4 l 100
1232 2 4 h 100
72 2 5 l 100
74 2 5 h 100
204 2 6 l 100
206 2 6 h 100
720 2 7 l 100
722 2 7 h 100
858 2 8 l 100
860 2 8 h 100
1380 2 9 l 100
1380 2 9 h 100
1488 2 10 l 100
1490 2 10 h 100
360 2 11 l 100
361 2 11 h 100
462 2 12 l 100
462 2 12 h 100
960 2 13 l 100
960 2 13 h 100
1109 2 14 l 100
1106 2 14 h 100
1602 2 15 l 100
1602 2 15 h 100
1452 2 16 l 100
1452 2 16 h 100
852 3 0 l 100
852 3 0 h 100
354 3 1 l 100
354 3 1 h 100
198 3 2 l 100
198 3 2 h 100
1224 3 4 l 100
1226 3 4 h 100
714 3 5 l 100
716 3 5 h 100
582 3 6 l 100
582 3 6 h 100
66 3 7 l 100
67 3 7 h 100
1566 3 8 l 100
1568 3 8 h 100
1074 3 9 l 100
1074 3 9 h 100
936 3 10 l 100
936 3 10 h 100
432 3 11 l 100
433 3 11 h 100
330 3 12 l 100
330 3 12 h 100
1458 3 13 l 100
1458 3 13 h 100
1356 3 14 l 100
1358 3 14 h 100
828 3 15 l 100
829 3 15 h 100
978 3 16 l 100
978 3 16 h 100
96 4 0 l 100
97 4 0 h 100
605 4 1 l 100
602 4 1 h 100
1099 4 2 l 100
1100 4 2 h 100
1590 4 3 l 100
1590 4 3 h 100
228 4 5 l 100
228 4 5 h 100
745 4 6 l 100
745 4 6 h 100
1255 4 7 l 100
1254 4 7 h 100
846 4 8 l 100
846 4 8 h 100
1374 4 9 l 59
1375 4 9 l 40
1375 4 9 h 100
192 4 10 l 100
192 4 10 h 100
708 4 11 l 100
708 4 11 h 100
456 4 12 l 100
456 4 12 h 100
955 4 13 l 51
958 4 13 l 48
955 4 13 h 100
1484 4 14 l 100
1483 4 14 h 100
348 4 15 l 100
348 4 15 h 100
256 4 16 l 100
254 4 16 h 100
972 5 0 l 100
973 5 0 h 100
486 5 1 l 100
488 5 1 h 100
1614 5 2 l 100
1615 5 2 h 100
1124 5 3 l 100
1124 5 3 h 100
624 5 4 l 100
624 5 4 h 100
1278 5 6 l 100
1279 5 6 h 100
770 5 7 l 100
769 5 7 h 100
90 5 8 l 100
90 5 8 h 100
1249 5 9 l 100
1249 5 9 h 100
738 5 10 l 100
738 5 10 h 100
222 5 11 l 100
222 5 11 h 100
1400 5 12 l 100
1400 5 12 h 100
877 5 13 l 100
878 5 13 h 100
367 5 14 l 100
368 5 14 h 100
1500 5 15 l 100
1500 5 15 h 100
1152 5 16 l 100
1152 5 16 h 100
246 6 0 l 100
246 6 0 h 100
762 6 1 l 100
762 6 1 h 100
888 6 2 l 100
888 6 2 h 100
1410 6 3 l 100
1412 6 3 h 100
618 6 4 l 100
618 6 4 h 100
1116 6 5 l 100
1117 6 5 h 100
120 6 7 l 100
122 6 7 h 100
1146 6 8 l 100
1146 6 8 h 100
6 6 9 l 100
8 6 9 h 100
145 6 10 l 100
145 6 10 h 100
648 6 11 l 100
648 6 11 h 100
1512 6 12 l 100
1514 6 12 h 100
378 6 13 l 100
379 6 13 h 100
504 6 14 l 100
506 6 14 h 100
996 6 15 l 100
996 6 15 h 100
396 6 16 l 100
397 6 16 h 100
1140 7 0 l 100
1140 7 0 h 100
642 7 1 l 100
644 7 1 h 100
502 7 2 l 100
499 7 2 h 100
0 7 3 l 100
2 7 3 h 100
786 7 4 l 100
786 7 4 h 100
275 7 5 l 100
271 7 5 h 100
138 7 6 l 100
138 7 6 h 100
390 7 8 l 100
390 7 8 h 100
1525 7 9 l 100
1525 7 9 h 100
1429 7 10 l 100
1429 7 10 h 100
900 7 11 l 100
900 7 11 h 100
24 7 12 l 100
25 7 12 h 100
1180 7 13 l 100
1178 7 13 h 100
1030 7 14 l 100
1028 7 14 h 100
522 7 15 l 100
522 7 15 h 100
1320 7 16 l 100
1321 7 16 h 100
870 8 0 l 100
870 8 0 h 100
1393 8 1 l 100
1392 8 1 h 100
217 8 2 l 100
218 8 2 h 100
732 8 3 l 100
734 8 3 h 100
1242 8 4 l 100
1242 8 4 h 100
84 8 5 l 100
84 8 5 h 100
594 8 6 l 100
594 8 6 h 100
1096 8 7 l 100
1093 8 7 h 100
450 8 9 l 100
452 8 9 h 100
948 8 10 l 100
948 8 10 h 100
1470 8 11 l 100
1470 8 11 h 100
342 8 12 l 100
342 8 12 h 100
842 8 13 l 100
842 8 13 h 100
1368 8 14 l 100
1370 8 14 h 100
186 8 15 l 100
188 8 15 h 100
990 8 16 l 100
992 8 16 h 100
108 9 0 l 100
108 9 0 h 100
1266 9 1 l 100
1266 9 1 h 100
750 9 2 l 76
755 9 2 l 23
750 9 2 h 100
240 9 3 l 100
240 9 3 h 100
469 9 4 l 100
470 9 4 h 100
1608 9 5 l 100
1609 9 5 h 100
1112 9 6 l 100
1111 9 6 h 100
615 9 7 l 100
613 9 7 h 100
864 9 8 l 100
866 9 8 h 100
1496 9 10 l 100
1495 9 10 h 100
966 9 11 l 100
966 9 11 h 100
1238 9 12 l 100
1236 9 12 h 100
728 9 13 l 100
726 9 13 h 100
212 9 14 l 100
212 9 14 h 100
1386 9 15 l 100
1387 9 15 h 100
264 9 16 l 100
264 9 16 h 100
984 10 0 l 100
984 10 0 h 100
1508 10 1 l 100
1507 10 1 h 100
1626 10 2 l 100
1628 10 2 h 100
492 10 3 l 100
492 10 3 h 100
636 10 4 l 100
636 10 4 h 100
1136 10 5 l 100
1134 10 5 h 100
1292 10 6 l 100
1291 10 6 h 100
throttle 10 7 l 0.055542
133 10 7 l 39
134 10 7 l 60
133 10 7 h 100
102 10 8 l 100
102 10 8 h 100
608 10 9 l 18
611 10 9 l 81
607 10 9 h 100
1260 10 11 l 100
1260 10 11 h 100
1404 10 12 l 100
1404 10 12 h 100
238 10 13 l 100
234 10 13 h 100
throttle 10 14 l 0.197043
373 10 14 l 100
372 10 14 h 100
882 10 15 l 100
882 10 15 h 100
1171 10 16 l 100
1171 10 16 h 100
258 11 0 l 100
260 11 0 h 100
1416 11 1 l 100
1417 11 1 h 100
1284 11 2 l 100
1285 11 2 h 100
774 11 3 l 100
775 11 3 h 100
630 11 4 l 100
630 11 4 h 100
126 11 5 l 100
126 11 5 h 100
1620 11 6 l 100
1622 11 6 h 100
1128 11 7 l 100
1129 11 7 h 100
1164 11 8 l 100
1164 11 8 h 100
660 11 9 l 100
660 11 9 h 100
516 11 10 l 100
516 11 10 h 100
1518 11 12 l 100
1518 11 12 h 100
1014 11 13 l 100
1014 11 13 h 100
894 11 14 l 100
894 11 14 h 100
384 11 15 l 100
384 11 15 h 100
414 11 16 l 100
414 11 16 h 100
1162 12 0 l 100
1158 12 0 h 100
12 12 1 l 100
13 12 1 h 100
510 12 2 l 100
510 12 2 h 100
1009 12 3 l 100
1008 12 3 h 100
throttle 12 4 l 0.534372
798 12 4 l 100
798 12 4 h 100
1309 12 5 l 100
1309 12 5 h 100
151 12 6 l 100
152 12 6 h 100
throttle 12 7 l 0.539604
654 12 7 l 100
656 12 7 h 100
408 12 8 l 100
408 12 8 h 100
915 12 9 l 100
912 12 9 h 100
1434 12 10 l 100
1434 12 10 h 100
282 12 11 l 100
282 12 11 h 100
545 12 13 l 15
540 12 13 l 84
540 12 13 h 100
1044 12 14 l 100
1044 12 14 h 100
1542 12 15 l 100
1542 12 15 h 100
1340 12 16 l 100
1338 12 16 h 100
402 13 0 l 100
402 13 0 h 100
1536 13 1 l 100
1537 13 1 h 100
1038 13 2 l 100
1038 13 2 h 100
535 13 3 l 100
534 13 3 h 100
36 13 4 l 100
36 13 4 h 100
1192 13 5 l 100
1189 13 5 h 100
683 13 6 l 100
679 13 6 h 100
170 13 7 l 47
172 13 7 l 52
170 13 7 h 100
1332 13 8 l 100
1334 13 8 h 100
816 13 9 l 100
816 13 9 h 100
312 13 10 l 100
312 13 10 h 100
1440 13 11 l 100
1440 13 11 h 100
924 13 12 l 100
924 13 12 h 100
1557 13 14 l 100
1554 13 14 h 100
1056 13 15 l 100
1056 13 15 h 100
565 13 16 l 100
564 13 16 h 100
1326 14 0 l 100
1326 14 0 h 100
162 14 1 l 100
162 14 1 h 100
306 14 2 l 100
308 14 2 h 100
810 14 3 l 100
812 14 3 h 100
33 14 4 l 100
32 14 4 h 100
528 14 5 l 100
530 14 5 h 100
672 14 6 l 100
674 14 6 h 100
1186 14 7 l 100
1182 14 7 h 100
780 14 8 l 100
782 14 8 h 100
907 14 9 l 100
908 14 9 h 100
1033 14 10 l 100
1032 14 10 h 100
1530 14 11 l 100
1530 14 11 h 100
792 14 12 l 100
792 14 12 h 100
1302 14 13 l 100
1302 14 13 h 100
276 14 15 l 100
276 14 15 h 100
318 14 16 l 100
319 14 16 h 100
558 15 0 l 100
558 15 0 h 100
48 15 1 l 100
50 15 1 h 100
1552 15 2 l 100
1549 15 2 h 100
1053 15 3 l 100
1052 15 3 h 100
183 15 4 l 100
181 15 4 h 100
1350 15 5 l 100
1352 15 5 h 100
1200 15 6 l 100
1200 15 6 h 100
690 15 7 l 100
690 15 7 h 100
1218 15 8 l 100
1220 15 8 h 100
805 15 9 l 100
805 15 9 h 100
666 15 10 l 100
666 15 10 h 100
156 15 11 l 100
158 15 11 h 100
918 15 12 l 100
918 15 12 h 100
420 15 13 l 100
420 15 13 h 100
305 15 14 l 100
300 15 14 h 100
758 15 16 l 100
758 15 16 h 100
1584 16 0 l 100
1584 16 0 h 100
288 16 1 l 100
288 16 1 h 100
1296 16 2 l 100
1296 16 2 h 100
114 16 3 l 100
114 16 3 h 100
554 16 4 l 100
554 16 4 h 100
294 16 5 l 100
294 16 5 h 100
18 16 6 l 100
20 16 6 h 100
1422 16 7 l 100
1422 16 7 h 100
1272 16 8 l 100
1274 16 8 h 100
1002 16 9 l 100
1002 16 9 h 100
1021 16 10 l 100
1021 16 10 h 100
1476 16 11 l 100
1476 16 11 h 100
1446 16 12 l 100
1446 16 12 h 100
480 16 13 l 100
480 16 13 h 100
475 16 14 l 100
475 16 14 h 100
1596 16 15 l 100
1598 16 15 h 100
