tunnel_num s t prio weight
329 0 1 l 100
324 0 1 h 100
throttle 0 2 l 0.597814
823 0 2 l 100
823 0 2 h 100
1344 0 3 l 100
1344 0 3 h 100
175 0 4 l 100
175 0 4 h 100
689 0 5 l 100
684 0 5 h 100
1194 0 6 l 100
1194 0 6 h 100
throttle 0 7 l 0.059306
42 0 7 l 100
42 0 7 h 100
703 0 8 l 100
703 0 8 h 100
throttle 0 9 l 0.680596
1213 0 9 l 100
1213 0 9 h 100
throttle 0 10 l 0.124342
62 0 10 l 87
63 0 10 l 12
62 0 10 h 100
throttle 0 11 l 0.238181
579 0 11 l 100
577 0 11 h 100
1071 0 12 l 100
1070 0 12 h 100
1562 0 13 l 100
1561 0 13 h 100
throttle 0 14 l 0.885118
430 0 14 l 100
426 0 14 h 100
930 0 15 l 100
930 0 15 h 100
1315 0 16 l 100
1315 0 16 h 100
701 1 0 l 100
696 1 0 h 100
1364 1 2 l 100
1364 1 2 h 100
836 1 3 l 100
836 1 3 h 100
1063 1 4 l 100
1063 1 4 h 100
570 1 5 l 100
570 1 5 h 100
55 1 6 l 100
55 1 6 h 100
1207 1 7 l 100
1206 1 7 h 100
1579 1 8 l 100
1579 1 8 h 100
1086 1 9 l 100
1086 1 9 h 100
588 1 10 l 100
589 1 10 h 100
81 1 11 l 100
78 1 11 h 100
337 1 12 l 100
338 1 12 h 100
1466 1 13 l 100
1466 1 13 h 100
942 1 14 l 100
942 1 14 h 100
449 1 15 l 100
444 1 15 h 100
546 1 16 l 100
546 1 16 h 100
1573 2 0 l 100
1574 2 0 h 100
442 2 1 l 100
440 2 1 h 100
throttle 2 3 l 0.535060
1081 2 3 l 100
1082 2 3 h 100
1230 2 4 l 100
1231 2 4 h 100
74 2 5 l 100
73 2 5 h 100
205 2 6 l 100
205 2 6 h 100
720 2 7 l 100
720 2 7 h 100
858 2 8 l 100
858 2 8 h 100
1382 2 9 l 100
1381 2 9 h 100
1489 2 10 l 100
1490 2 10 h 100
360 2 11 l 100
360 2 11 h 100
462 2 12 l 100
463 2 12 h 100
960 2 13 l 100
960 2 13 h 100
1106 2 14 l 100
1104 2 14 h 100
1603 2 15 l 100
1604 2 15 h 100
1452 2 16 l 100
1452 2 16 h 100
852 3 0 l 100
852 3 0 h 100
356 3 1 l 100
356 3 1 h 100
199 3 2 l 100
199 3 2 h 100
1225 3 4 l 100
1225 3 4 h 100
716 3 5 l 100
716 3 5 h 100
584 3 6 l 100
584 3 6 h 100
68 3 7 l 100
68 3 7 h 100
1569 3 8 l 100
1567 3 8 h 100
1078 3 9 l 100
1076 3 9 h 100
938 3 10 l 100
938 3 10 h 100
436 3 11 l 100
434 3 11 h 100
332 3 12 l 100
332 3 12 h 100
1462 3 13 l 100
1460 3 13 h 100
1360 3 14 l 100
shutdown 3 14 h
830 3 15 l 100
830 3 15 h 100
983 3 16 l 100
980 3 16 h 100
throttle 4 0 l 0.769859
98 4 0 l 100
98 4 0 h 100
601 4 1 l 100
601 4 1 h 100
1098 4 2 l 100
1100 4 2 h 100
throttle 4 3 l 0.773889
1595 4 3 l 100
1591 4 3 h 100
231 4 5 l 100
229 4 5 h 100
744 4 6 l 100
745 4 6 h 100
throttle 4 7 l 0.867791
1254 4 7 l 100
1255 4 7 h 100
846 4 8 l 100
847 4 8 h 100
1376 4 9 l 46
1374 4 9 l 53
1374 4 9 h 100
194 4 10 l 100
193 4 10 h 100
711 4 11 l 100
709 4 11 h 100
457 4 12 l 68
459 4 12 l 31
457 4 12 h 100
955 4 13 l 100
954 4 13 h 100
1485 4 14 l 100
1483 4 14 h 100
350 4 15 l 100
350 4 15 h 100
252 4 16 l 100
254 4 16 h 100
throttle 5 0 l 0.123200
977 5 0 l 100
972 5 0 h 100
487 5 1 l 100
486 5 1 h 100
1618 5 2 l 100
1616 5 2 h 100
throttle 5 3 l 0.735307
1124 5 3 l 100
1124 5 3 h 100
624 5 4 l 100
625 5 4 h 100
1279 5 6 l 100
1280 5 6 h 100
throttle 5 7 l 0.584861
769 5 7 l 100
768 5 7 h 100
90 5 8 l 100
92 5 8 h 100
1251 5 9 l 100
1250 5 9 h 100
738 5 10 l 100
740 5 10 h 100
222 5 11 l 100
223 5 11 h 100
1399 5 12 l 100
1400 5 12 h 100
877 5 13 l 100
876 5 13 h 100
371 5 14 l 100
366 5 14 h 100
1502 5 15 l 100
1502 5 15 h 100
1155 5 16 l 100
1154 5 16 h 100
246 6 0 l 100
246 6 0 h 100
762 6 1 l 100
764 6 1 h 100
888 6 2 l 100
888 6 2 h 100
1412 6 3 l 100
1412 6 3 h 100
618 6 4 l 100
620 6 4 h 100
1116 6 5 l 100
1118 6 5 h 100
120 6 7 l 100
120 6 7 h 100
1146 6 8 l 100
1146 6 8 h 100
11 6 9 l 100
8 6 9 h 100
145 6 10 l 100
146 6 10 h 100
648 6 11 l 100
649 6 11 h 100
1514 6 12 l 100
1513 6 12 h 100
382 6 13 l 100
380 6 13 h 100
505 6 14 l 100
504 6 14 h 100
996 6 15 l 100
996 6 15 h 100
400 6 16 l 100
396 6 16 h 100
1140 7 0 l 100
1140 7 0 h 100
643 7 1 l 100
643 7 1 h 100
498 7 2 l 100
498 7 2 h 100
2 7 3 l 100
2 7 3 h 100
throttle 7 4 l 0.259582
787 7 4 l 100
786 7 4 h 100
270 7 5 l 100
271 7 5 h 100
138 7 6 l 100
138 7 6 h 100
390 7 8 l 100
390 7 8 h 100
throttle 7 9 l 0.150699
1528 7 9 l 46
1529 7 9 l 53
1525 7 9 h 100
1428 7 10 l 100
1429 7 10 h 100
900 7 11 l 100
901 7 11 h 100
24 7 12 l 100
25 7 12 h 100
1179 7 13 l 100
1177 7 13 h 100
throttle 7 14 l 0.509978
1026 7 14 l 100
1027 7 14 h 100
522 7 15 l 100
522 7 15 h 100
1321 7 16 l 100
1321 7 16 h 100
871 8 0 l 100
872 8 0 h 100
1395 8 1 l 100
1394 8 1 h 100
216 8 2 l 100
217 8 2 h 100
735 8 3 l 100
733 8 3 h 100
1242 8 4 l 100
1242 8 4 h 100
87 8 5 l 100
85 8 5 h 100
594 8 6 l 100
595 8 6 h 100
throttle 8 7 l 0.624621
1092 8 7 l 100
1092 8 7 h 100
453 8 9 l 100
451 8 9 h 100
949 8 10 l 100
948 8 10 h 100
1470 8 11 l 100
1470 8 11 h 100
344 8 12 l 100
342 8 12 h 100
841 8 13 l 100
841 8 13 h 100
1372 8 14 l 100
1369 8 14 h 100
187 8 15 l 100
187 8 15 h 100
993 8 16 l 100
991 8 16 h 100
109 9 0 l 100
109 9 0 h 100
1268 9 1 l 100
1268 9 1 h 100
750 9 2 l 100
752 9 2 h 100
throttle 9 3 l 0.797206
244 9 3 l 100
242 9 3 h 100
468 9 4 l 100
468 9 4 h 100
1609 9 5 l 100
1610 9 5 h 100
1112 9 6 l 100
1110 9 6 h 100
613 9 7 l 100
613 9 7 h 100
864 9 8 l 100
866 9 8 h 100
1494 9 10 l 100
1495 9 10 h 100
967 9 11 l 100
966 9 11 h 100
1236 9 12 l 100
1238 9 12 h 100
726 9 13 l 100
728 9 13 h 100
212 9 14 l 100
212 9 14 h 100
1388 9 15 l 100
1387 9 15 h 100
264 9 16 l 100
264 9 16 h 100
987 10 0 l 0
988 10 0 l 99
986 10 0 h 100
1506 10 1 l 100
1508 10 1 h 100
1630 10 2 l 100
1628 10 2 h 100
throttle 10 3 l 0.094937
496 10 3 l 100
494 10 3 h 100
638 10 4 l 100
638 10 4 h 100
1135 10 5 l 100
1134 10 5 h 100
1291 10 6 l 100
1292 10 6 h 100
throttle 10 7 l 0.877163
132 10 7 l 100
133 10 7 h 100
102 10 8 l 100
103 10 8 h 100
606 10 9 l 100
607 10 9 h 100
1260 10 11 l 100
1260 10 11 h 100
1406 10 12 l 100
1405 10 12 h 100
235 10 13 l 100
235 10 13 h 100
375 10 14 l 100
372 10 14 h 100
887 10 15 l 100
883 10 15 h 100
1170 10 16 l 100
1171 10 16 h 100
261 11 0 l 100
259 11 0 h 100
1419 11 1 l 100
1418 11 1 h 100
1286 11 2 l 100
1285 11 2 h 100
778 11 3 l 100
776 11 3 h 100
630 11 4 l 100
632 11 4 h 100
129 11 5 l 100
126 11 5 h 100
1620 11 6 l 100
1620 11 6 h 100
1128 11 7 l 100
1129 11 7 h 100
1164 11 8 l 100
1166 11 8 h 100
661 11 9 l 100
660 11 9 h 100
516 11 10 l 100
517 11 10 h 100
1518 11 12 l 100
1520 11 12 h 100
1015 11 13 l 100
1014 11 13 h 100
895 11 14 l 100
895 11 14 h 100
386 11 15 l 100
386 11 15 h 100
415 11 16 l 100
416 11 16 h 100
1160 12 0 l 100
1160 12 0 h 100
15 12 1 l 100
12 12 1 h 100
512 12 2 l 100
512 12 2 h 100
throttle 12 3 l 0.719642
1013 12 3 l 100
1010 12 3 h 100
799 12 4 l 100
799 12 4 h 100
1310 12 5 l 100
1309 12 5 h 100
152 12 6 l 100
152 12 6 h 100
throttle 12 7 l 0.891100
659 12 7 l 100
655 12 7 h 100
408 12 8 l 100
409 12 8 h 100
913 12 9 l 100
913 12 9 h 100
1437 12 10 l 100
1436 12 10 h 100
282 12 11 l 100
284 12 11 h 100
541 12 13 l 53
542 12 13 l 46
542 12 13 h 100
1049 12 14 l 100
1046 12 14 h 100
1547 12 15 l 100
1543 12 15 h 100
1339 12 16 l 100
1340 12 16 h 100
404 13 0 l 100
404 13 0 h 100
1537 13 1 l 100
1538 13 1 h 100
1038 13 2 l 100
1039 13 2 h 100
538 13 3 l 100
536 13 3 h 100
37 13 4 l 100
37 13 4 h 100
1189 13 5 l 100
1188 13 5 h 100
678 13 6 l 100
679 13 6 h 100
throttle 13 7 l 0.585262
171 13 7 l 100
169 13 7 h 100
1334 13 8 l 100
1334 13 8 h 100
816 13 9 l 100
818 13 9 h 100
313 13 10 l 100
314 13 10 h 100
1440 13 11 l 100
1441 13 11 h 100
924 13 12 l 100
925 13 12 h 100
1556 13 14 l 100
1556 13 14 h 100
1058 13 15 l 100
1058 13 15 h 100
564 13 16 l 100
566 13 16 h 100
1330 14 0 l 100
1326 14 0 h 100
165 14 1 l 100
162 14 1 h 100
308 14 2 l 100
308 14 2 h 100
814 14 3 l 100
shutdown 14 3 h
30 14 4 l 100
31 14 4 h 100
528 14 5 l 100
528 14 5 h 100
673 14 6 l 100
673 14 6 h 100
throttle 14 7 l 0.712899
1182 14 7 l 100
1182 14 7 h 100
780 14 8 l 100
782 14 8 h 100
908 14 9 l 100
907 14 9 h 100
1035 14 10 l 100
1032 14 10 h 100
1530 14 11 l 100
1531 14 11 h 100
792 14 12 l 100
794 14 12 h 100
1302 14 13 l 100
1304 14 13 h 100
278 14 15 l 100
278 14 15 h 100
319 14 16 l 100
318 14 16 h 100
558 15 0 l 100
558 15 0 h 100
53 15 1 l 100
48 15 1 h 100
1549 15 2 l 100
1549 15 2 h 100
throttle 15 3 l 0.580876
1052 15 3 l 100
1052 15 3 h 100
181 15 4 l 100
181 15 4 h 100
1352 15 5 l 100
1351 15 5 h 100
1200 15 6 l 100
1200 15 6 h 100
690 15 7 l 100
690 15 7 h 100
1219 15 8 l 100
1219 15 8 h 100
806 15 9 l 100
805 15 9 h 100
667 15 10 l 100
667 15 10 h 100
158 15 11 l 100
158 15 11 h 100
923 15 12 l 100
919 15 12 h 100
422 15 13 l 100
421 15 13 h 100
301 15 14 l 100
302 15 14 h 100
759 15 16 l 100
756 15 16 h 100
1589 16 0 l 100
1585 16 0 h 100
288 16 1 l 100
289 16 1 h 100
1296 16 2 l 100
1298 16 2 h 100
119 16 3 l 100
116 16 3 h 100
554 16 4 l 100
552 16 4 h 100
294 16 5 l 100
294 16 5 h 100
19 16 6 l 100
20 16 6 h 100
throttle 16 7 l 0.135295
1422 16 7 l 100
1423 16 7 h 100
1275 16 8 l 100
1273 16 8 h 100
1002 16 9 l 100
1004 16 9 h 100
1020 16 10 l 100
1021 16 10 h 100
1477 16 11 l 100
1476 16 11 h 100
1446 16 12 l 100
1446 16 12 h 100
480 16 13 l 100
480 16 13 h 100
474 16 14 l 100
475 16 14 h 100
1599 16 15 l 100
1596 16 15 h 100
