tunnel_num s t prio weight
throttle 0 1 l 0.500000
327 0 1 l 100
324 0 1 h 100
throttle 0 2 l 0.500000
825 0 2 l 100
824 0 2 h 100
throttle 0 3 l 0.500000
1347 0 3 l 93
1349 0 3 l 6
1346 0 3 h 100
throttle 0 4 l 0.500000
178 0 4 l 100
176 0 4 h 100
throttle 0 5 l 0.500000
687 0 5 l 100
684 0 5 h 100
throttle 0 6 l 0.400000
1194 0 6 l 100
1194 0 6 h 100
throttle 0 7 l 0.141347
42 0 7 l 100
42 0 7 h 100
throttle 0 8 l 0.400000
706 0 8 l 100
shutdown 0 8 h
throttle 0 9 l 0.500000
1216 0 9 l 72
1217 0 9 l 27
1213 0 9 h 100
throttle 0 10 l 0.500000
63 0 10 l 100
62 0 10 h 100
throttle 0 11 l 0.400000
580 0 11 l 100
shutdown 0 11 h
throttle 0 12 l 0.500000
1070 0 12 l 100
1070 0 12 h 100
throttle 0 13 l 0.500000
1561 0 13 l 100
1562 0 13 h 100
throttle 0 14 l 0.500000
426 0 14 l 33
428 0 14 l 66
426 0 14 h 100
throttle 0 15 l 0.400000
930 0 15 l 100
931 0 15 h 100
throttle 0 16 l 0.500000
1317 0 16 l 100
1315 0 16 h 100
throttle 1 0 l 0.300000
699 1 0 l 100
696 1 0 h 100
1364 1 2 l 100
1364 1 2 h 100
835 1 3 l 100
835 1 3 h 100
1063 1 4 l 100
1064 1 4 h 100
570 1 5 l 100
572 1 5 h 100
54 1 6 l 100
54 1 6 h 100
throttle 1 7 l 0.300000
1206 1 7 l 100
1206 1 7 h 100
1579 1 8 l 100
1580 1 8 h 100
1086 1 9 l 100
1088 1 9 h 100
588 1 10 l 100
590 1 10 h 100
79 1 11 l 100
80 1 11 h 100
336 1 12 l 100
337 1 12 h 100
1464 1 13 l 100
1465 1 13 h 100
944 1 14 l 100
944 1 14 h 100
444 1 15 l 100
445 1 15 h 100
546 1 16 l 100
548 1 16 h 100
throttle 2 0 l 0.300000
1574 2 0 l 100
1574 2 0 h 100
440 2 1 l 100
439 2 1 h 100
1080 2 3 l 100
1080 2 3 h 100
1230 2 4 l 100
1230 2 4 h 100
72 2 5 l 100
74 2 5 h 100
208 2 6 l 100
205 2 6 h 100
throttle 2 7 l 0.300000
721 2 7 l 100
721 2 7 h 100
858 2 8 l 100
860 2 8 h 100
1380 2 9 l 100
1380 2 9 h 100
1490 2 10 l 100
1488 2 10 h 100
362 2 11 l 100
360 2 11 h 100
462 2 12 l 100
462 2 12 h 100
960 2 13 l 100
961 2 13 h 100
1104 2 14 l 100
1106 2 14 h 100
1602 2 15 l 100
1604 2 15 h 100
1452 2 16 l 100
1454 2 16 h 100
throttle 3 0 l 0.300000
854 3 0 l 100
854 3 0 h 100
357 3 1 l 100
355 3 1 h 100
198 3 2 l 100
198 3 2 h 100
1224 3 4 l 100
1224 3 4 h 100
719 3 5 l 100
714 3 5 h 100
583 3 6 l 100
583 3 6 h 100
throttle 3 7 l 0.300000
69 3 7 l 100
67 3 7 h 100
1566 3 8 l 100
1568 3 8 h 100
1074 3 9 l 100
1074 3 9 h 100
936 3 10 l 100
937 3 10 h 100
432 3 11 l 100
433 3 11 h 100
333 3 12 l 100
331 3 12 h 100
1458 3 13 l 100
1459 3 13 h 100
1359 3 14 l 100
1356 3 14 h 100
828 3 15 l 100
828 3 15 h 100
978 3 16 l 100
978 3 16 h 100
throttle 4 0 l 0.300000
98 4 0 l 100
98 4 0 h 100
601 4 1 l 100
602 4 1 h 100
1098 4 2 l 100
1100 4 2 h 100
1590 4 3 l 100
1590 4 3 h 100
231 4 5 l 100
228 4 5 h 100
749 4 6 l 100
746 4 6 h 100
throttle 4 7 l 0.362841
1257 4 7 l 100
1255 4 7 h 100
846 4 8 l 100
846 4 8 h 100
1374 4 9 l 100
1376 4 9 h 100
196 4 10 l 100
193 4 10 h 100
708 4 11 l 100
708 4 11 h 100
458 4 12 l 100
456 4 12 h 100
954 4 13 l 100
955 4 13 h 100
1482 4 14 l 62
1486 4 14 l 37
1482 4 14 h 100
348 4 15 l 100
350 4 15 h 100
257 4 16 l 100
254 4 16 h 100
throttle 5 0 l 0.300000
972 5 0 l 100
972 5 0 h 100
488 5 1 l 100
488 5 1 h 100
1616 5 2 l 100
1616 5 2 h 100
1127 5 3 l 100
1122 5 3 h 100
624 5 4 l 100
626 5 4 h 100
1281 5 6 l 100
1280 5 6 h 100
throttle 5 7 l 0.300000
773 5 7 l 100
768 5 7 h 100
90 5 8 l 100
92 5 8 h 100
1249 5 9 l 100
1249 5 9 h 100
738 5 10 l 100
739 5 10 h 100
225 5 11 l 100
223 5 11 h 100
1399 5 12 l 100
1398 5 12 h 100
880 5 13 l 100
876 5 13 h 100
367 5 14 l 100
367 5 14 h 100
1500 5 15 l 100
1501 5 15 h 100
1152 5 16 l 100
1153 5 16 h 100
throttle 6 0 l 0.300000
246 6 0 l 100
246 6 0 h 100
762 6 1 l 100
762 6 1 h 100
889 6 2 l 100
890 6 2 h 100
1411 6 3 l 100
1411 6 3 h 100
619 6 4 l 100
620 6 4 h 100
1116 6 5 l 100
1118 6 5 h 100
throttle 6 7 l 0.300000
120 6 7 l 100
120 6 7 h 100
1147 6 8 l 100
1148 6 8 h 100
6 6 9 l 100
8 6 9 h 100
144 6 10 l 100
146 6 10 h 100
649 6 11 l 100
650 6 11 h 100
1512 6 12 l 100
1513 6 12 h 100
378 6 13 l 100
379 6 13 h 100
504 6 14 l 100
504 6 14 h 100
996 6 15 l 100
997 6 15 h 100
396 6 16 l 100
398 6 16 h 100
1140 7 0 l 100
1140 7 0 h 100
throttle 7 1 l 0.500000
642 7 1 l 100
642 7 1 h 100
throttle 7 2 l 0.500000
501 7 2 l 100
499 7 2 h 100
throttle 7 3 l 0.500000
1 7 3 l 100
1 7 3 h 100
throttle 7 4 l 0.400000
790 7 4 l 100
787 7 4 h 100
throttle 7 5 l 0.400000
270 7 5 l 100
270 7 5 h 100
throttle 7 6 l 0.400000
138 7 6 l 100
138 7 6 h 100
throttle 7 8 l 0.500000
391 7 8 l 100
391 7 8 h 100
throttle 7 9 l 0.500000
1527 7 9 l 100
1524 7 9 h 100
throttle 7 10 l 0.500000
1431 7 10 l 100
1428 7 10 h 100
throttle 7 11 l 0.500000
901 7 11 l 100
901 7 11 h 100
throttle 7 12 l 0.500000
24 7 12 l 100
24 7 12 h 100
throttle 7 13 l 0.416849
1180 7 13 l 100
1177 7 13 h 100
throttle 7 14 l 0.500000
1026 7 14 l 100
1026 7 14 h 100
throttle 7 15 l 0.500000
522 7 15 l 100
523 7 15 h 100
throttle 7 16 l 0.500000
1323 7 16 l 100
1320 7 16 h 100
throttle 8 0 l 0.300000
872 8 0 l 100
872 8 0 h 100
1395 8 1 l 100
1394 8 1 h 100
218 8 2 l 100
218 8 2 h 100
734 8 3 l 100
734 8 3 h 100
1242 8 4 l 100
1242 8 4 h 100
84 8 5 l 100
86 8 5 h 100
598 8 6 l 100
596 8 6 h 100
throttle 8 7 l 0.300000
1095 8 7 l 100
1094 8 7 h 100
452 8 9 l 100
450 8 9 h 100
948 8 10 l 100
949 8 10 h 100
1470 8 11 l 100
1470 8 11 h 100
342 8 12 l 100
342 8 12 h 100
845 8 13 l 100
840 8 13 h 100
1370 8 14 l 100
1370 8 14 h 100
186 8 15 l 100
188 8 15 h 100
990 8 16 l 100
992 8 16 h 100
throttle 9 0 l 0.300000
109 9 0 l 100
109 9 0 h 100
1266 9 1 l 100
1266 9 1 h 100
750 9 2 l 100
752 9 2 h 100
240 9 3 l 100
240 9 3 h 100
468 9 4 l 100
470 9 4 h 100
1609 9 5 l 100
1609 9 5 h 100
1110 9 6 l 100
1110 9 6 h 100
throttle 9 7 l 0.300000
615 9 7 l 100
612 9 7 h 100
864 9 8 l 100
866 9 8 h 100
1494 9 10 l 100
1495 9 10 h 100
966 9 11 l 100
967 9 11 h 100
1237 9 12 l 100
1237 9 12 h 100
726 9 13 l 100
726 9 13 h 100
211 9 14 l 100
211 9 14 h 100
1386 9 15 l 100
1387 9 15 h 100
264 9 16 l 100
264 9 16 h 100
throttle 10 0 l 0.300000
987 10 0 l 100
986 10 0 h 100
1508 10 1 l 100
1508 10 1 h 100
1627 10 2 l 100
1627 10 2 h 100
493 10 3 l 100
493 10 3 h 100
639 10 4 l 100
637 10 4 h 100
1135 10 5 l 100
1134 10 5 h 100
1294 10 6 l 100
1292 10 6 h 100
throttle 10 7 l 0.400000
132 10 7 l 43
135 10 7 l 56
132 10 7 h 100
102 10 8 l 100
103 10 8 h 100
610 10 9 l 100
608 10 9 h 100
1260 10 11 l 100
1260 10 11 h 100
1404 10 12 l 100
1404 10 12 h 100
235 10 13 l 100
235 10 13 h 100
375 10 14 l 100
372 10 14 h 100
882 10 15 l 100
882 10 15 h 100
1170 10 16 l 100
1170 10 16 h 100
throttle 11 0 l 0.300000
262 11 0 l 100
shutdown 11 0 h
1417 11 1 l 100
1418 11 1 h 100
1284 11 2 l 100
1284 11 2 h 100
774 11 3 l 100
775 11 3 h 100
630 11 4 l 100
632 11 4 h 100
130 11 5 l 100
127 11 5 h 100
1621 11 6 l 100
1622 11 6 h 100
throttle 11 7 l 0.300000
1129 11 7 l 100
1129 11 7 h 100
1164 11 8 l 100
1164 11 8 h 100
660 11 9 l 100
660 11 9 h 100
516 11 10 l 100
516 11 10 h 100
1518 11 12 l 100
1518 11 12 h 100
1014 11 13 l 100
1014 11 13 h 100
897 11 14 l 100
895 11 14 h 100
384 11 15 l 100
385 11 15 h 100
414 11 16 l 100
414 11 16 h 100
throttle 12 0 l 0.300000
1162 12 0 l 100
1160 12 0 h 100
17 12 1 l 100
12 12 1 h 100
511 12 2 l 100
511 12 2 h 100
1011 12 3 l 100
1009 12 3 h 100
798 12 4 l 100
798 12 4 h 100
1309 12 5 l 100
1310 12 5 h 100
154 12 6 l 100
150 12 6 h 100
throttle 12 7 l 0.400000
655 12 7 l 51
658 12 7 l 48
655 12 7 h 100
409 12 8 l 100
408 12 8 h 100
916 12 9 l 100
913 12 9 h 100
1434 12 10 l 100
1434 12 10 h 100
285 12 11 l 37
286 12 11 l 62
282 12 11 h 100
544 12 13 l 23
540 12 13 l 76
540 12 13 h 100
1046 12 14 l 100
1044 12 14 h 40
1045 12 14 h 59
1542 12 15 l 100
1542 12 15 h 100
1339 12 16 l 100
1339 12 16 h 100
throttle 13 0 l 0.300000
404 13 0 l 100
403 13 0 h 100
1536 13 1 l 100
1537 13 1 h 100
1038 13 2 l 100
1038 13 2 h 100
537 13 3 l 100
534 13 3 h 100
36 13 4 l 100
37 13 4 h 100
1189 13 5 l 100
1189 13 5 h 100
679 13 6 l 100
678 13 6 h 100
throttle 13 7 l 0.400000
172 13 7 l 100
168 13 7 h 20
169 13 7 h 79
1334 13 8 l 100
1332 13 8 h 100
816 13 9 l 100
816 13 9 h 100
312 13 10 l 100
313 13 10 h 100
1440 13 11 l 100
1441 13 11 h 100
924 13 12 l 100
925 13 12 h 100
1554 13 14 l 100
1554 13 14 h 100
1059 13 15 l 100
1056 13 15 h 100
564 13 16 l 100
564 13 16 h 100
throttle 14 0 l 0.300000
1328 14 0 l 100
1328 14 0 h 100
162 14 1 l 100
164 14 1 h 100
311 14 2 l 100
308 14 2 h 100
810 14 3 l 100
810 14 3 h 100
34 14 4 l 100
30 14 4 h 100
532 14 5 l 100
529 14 5 h 100
674 14 6 l 100
674 14 6 h 100
throttle 14 7 l 0.400000
1185 14 7 l 100
1182 14 7 h 100
780 14 8 l 100
782 14 8 h 100
908 14 9 l 100
908 14 9 h 100
1032 14 10 l 100
1034 14 10 h 100
1530 14 11 l 100
1531 14 11 h 100
795 14 12 l 100
793 14 12 h 100
1305 14 13 l 100
1303 14 13 h 100
276 14 15 l 100
277 14 15 h 100
322 14 16 l 100
318 14 16 h 100
throttle 15 0 l 0.300000
558 15 0 l 100
558 15 0 h 100
48 15 1 l 100
49 15 1 h 100
1548 15 2 l 100
1550 15 2 h 100
1053 15 3 l 100
1050 15 3 h 100
185 15 4 l 100
182 15 4 h 100
1350 15 5 l 100
1351 15 5 h 100
1200 15 6 l 100
1200 15 6 h 100
throttle 15 7 l 0.300000
690 15 7 l 100
690 15 7 h 100
1218 15 8 l 100
1220 15 8 h 100
807 15 9 l 100
805 15 9 h 100
668 15 10 l 100
666 15 10 h 100
156 15 11 l 100
157 15 11 h 100
922 15 12 l 100
920 15 12 h 100
420 15 13 l 100
420 15 13 h 100
300 15 14 l 100
301 15 14 h 100
757 15 16 l 100
756 15 16 h 100
throttle 16 0 l 0.300000
1587 16 0 l 100
1585 16 0 h 100
288 16 1 l 100
288 16 1 h 100
1296 16 2 l 100
1298 16 2 h 100
114 16 3 l 100
114 16 3 h 100
552 16 4 l 100
554 16 4 h 100
294 16 5 l 100
295 16 5 h 100
18 16 6 l 100
18 16 6 h 100
throttle 16 7 l 0.300000
1425 16 7 l 100
1422 16 7 h 100
1272 16 8 l 100
1274 16 8 h 100
1006 16 9 l 100
1004 16 9 h 100
1020 16 10 l 100
1020 16 10 h 100
1476 16 11 l 100
1476 16 11 h 100
1446 16 12 l 100
1446 16 12 h 100
480 16 13 l 100
480 16 13 h 100
474 16 14 l 100
474 16 14 h 100
1596 16 15 l 100
1596 16 15 h 100
