tunnel_num s t prio weight
324 0 1 l 100
324 0 1 h 100
822 0 2 l 100
822 0 2 h 100
1344 0 3 l 100
1344 0 3 h 100
175 0 4 l 100
174 0 4 h 100
689 0 5 l 100
686 0 5 h 100
1199 0 6 l 100
1196 0 6 h 100
42 0 7 l 92
45 0 7 l 7
42 0 7 h 100
705 0 8 l 100
703 0 8 h 100
1212 0 9 l 100
1214 0 9 h 100
63 0 10 l 100
60 0 10 h 100
578 0 11 l 100
578 0 11 h 100
1072 0 12 l 100
1069 0 12 h 91
1070 0 12 h 8
1560 0 13 l 100
1560 0 13 h 100
428 0 14 l 81
429 0 14 l 5
431 0 14 l 13
428 0 14 h 100
930 0 15 l 100
930 0 15 h 100
1314 0 16 l 100
1314 0 16 h 100
696 1 0 l 100
696 1 0 h 100
1363 1 2 l 100
1363 1 2 h 100
839 1 3 l 100
835 1 3 h 100
1063 1 4 l 100
1063 1 4 h 100
570 1 5 l 100
571 1 5 h 100
54 1 6 l 100
55 1 6 h 100
1206 1 7 l 100
1206 1 7 h 100
1578 1 8 l 100
1578 1 8 h 100
1089 1 9 l 100
1088 1 9 h 100
590 1 10 l 100
590 1 10 h 100
78 1 11 l 100
78 1 11 h 100
336 1 12 l 100
338 1 12 h 100
1464 1 13 l 100
1466 1 13 h 100
943 1 14 l 100
942 1 14 h 100
444 1 15 l 100
444 1 15 h 100
549 1 16 l 100
548 1 16 h 100
1572 2 0 l 100
1572 2 0 h 100
438 2 1 l 100
439 2 1 h 100
1080 2 3 l 100
1082 2 3 h 100
1230 2 4 l 100
1230 2 4 h 100
72 2 5 l 100
73 2 5 h 100
208 2 6 l 100
205 2 6 h 100
720 2 7 l 100
720 2 7 h 100
858 2 8 l 100
860 2 8 h 100
1380 2 9 l 100
1380 2 9 h 100
1490 2 10 l 100
1490 2 10 h 100
361 2 11 l 100
361 2 11 h 100
462 2 12 l 100
462 2 12 h 100
960 2 13 l 100
960 2 13 h 100
1105 2 14 l 100
1106 2 14 h 100
1602 2 15 l 100
1603 2 15 h 100
1457 2 16 l 100
1452 2 16 h 100
852 3 0 l 100
852 3 0 h 100
359 3 1 l 100
354 3 1 h 100
198 3 2 l 100
198 3 2 h 100
1224 3 4 l 100
1225 3 4 h 100
714 3 5 l 100
714 3 5 h 100
582 3 6 l 100
582 3 6 h 100
68 3 7 l 100
66 3 7 h 100
1566 3 8 l 100
1566 3 8 h 100
1074 3 9 l 100
1074 3 9 h 100
936 3 10 l 100
936 3 10 h 100
432 3 11 l 100
432 3 11 h 100
330 3 12 l 100
330 3 12 h 100
1458 3 13 l 100
1458 3 13 h 100
1356 3 14 l 100
1356 3 14 h 100
828 3 15 l 100
828 3 15 h 100
978 3 16 l 100
978 3 16 h 100
98 4 0 l 100
97 4 0 h 100
601 4 1 l 100
601 4 1 h 100
1098 4 2 l 100
1098 4 2 h 100
1590 4 3 l 100
1591 4 3 h 100
233 4 5 l 100
229 4 5 h 100
748 4 6 l 100
745 4 6 h 100
1255 4 7 l 100
1255 4 7 h 100
846 4 8 l 100
846 4 8 h 100
1379 4 9 l 44
1374 4 9 l 55
1374 4 9 h 100
192 4 10 l 100
192 4 10 h 100
708 4 11 l 100
708 4 11 h 100
456 4 12 l 100
456 4 12 h 100
959 4 13 l 100
955 4 13 h 100
1484 4 14 l 100
1484 4 14 h 100
348 4 15 l 100
348 4 15 h 100
252 4 16 l 100
252 4 16 h 100
976 5 0 l 100
972 5 0 h 100
486 5 1 l 100
486 5 1 h 100
1619 5 2 l 100
1615 5 2 h 100
1122 5 3 l 100
1122 5 3 h 100
624 5 4 l 100
625 5 4 h 100
1278 5 6 l 100
1279 5 6 h 100
769 5 7 l 100
768 5 7 h 100
90 5 8 l 100
90 5 8 h 100
1248 5 9 l 100
1250 5 9 h 100
738 5 10 l 100
740 5 10 h 100
224 5 11 l 100
222 5 11 h 100
1403 5 12 l 100
1400 5 12 h 100
880 5 13 l 100
878 5 13 h 100
367 5 14 l 100
367 5 14 h 100
1500 5 15 l 100
1500 5 15 h 100
1155 5 16 l 100
1153 5 16 h 100
246 6 0 l 100
246 6 0 h 100
762 6 1 l 100
763 6 1 h 100
888 6 2 l 100
889 6 2 h 100
1410 6 3 l 100
1410 6 3 h 100
618 6 4 l 100
619 6 4 h 100
1116 6 5 l 100
1117 6 5 h 100
120 6 7 l 100
120 6 7 h 100
1146 6 8 l 100
1146 6 8 h 100
7 6 9 l 100
8 6 9 h 100
145 6 10 l 100
146 6 10 h 100
648 6 11 l 100
648 6 11 h 100
1512 6 12 l 100
1514 6 12 h 100
378 6 13 l 100
380 6 13 h 100
504 6 14 l 100
504 6 14 h 100
996 6 15 l 100
996 6 15 h 100
397 6 16 l 100
398 6 16 h 100
1140 7 0 l 100
1140 7 0 h 100
642 7 1 l 100
642 7 1 h 100
501 7 2 l 100
498 7 2 h 100
3 7 3 l 100
0 7 3 h 100
787 7 4 l 100
786 7 4 h 100
273 7 5 l 100
271 7 5 h 100
138 7 6 l 100
138 7 6 h 100
390 7 8 l 100
391 7 8 h 100
1526 7 9 l 100
1526 7 9 h 100
1429 7 10 l 100
1430 7 10 h 100
900 7 11 l 100
901 7 11 h 100
28 7 12 l 100
26 7 12 h 100
1180 7 13 l 100
1178 7 13 h 100
1030 7 14 l 100
1026 7 14 h 100
522 7 15 l 100
522 7 15 h 100
1323 7 16 l 100
1322 7 16 h 100
throttle 8 0 l 0.100000
870 8 0 l 100
871 8 0 h 100
throttle 8 1 l 0.100000
1393 8 1 l 100
1392 8 1 h 100
throttle 8 2 l 0.200000
218 8 2 l 71
219 8 2 l 28
218 8 2 h 100
throttle 8 3 l 0.100000
732 8 3 l 100
734 8 3 h 100
throttle 8 4 l 0.100000
1242 8 4 l 100
1242 8 4 h 100
throttle 8 5 l 0.100000
84 8 5 l 100
84 8 5 h 100
throttle 8 6 l 0.100000
594 8 6 l 100
594 8 6 h 100
throttle 8 7 l 0.100000
1093 8 7 l 100
1092 8 7 h 100
throttle 8 9 l 0.100000
452 8 9 l 100
452 8 9 h 100
948 8 10 l 100
948 8 10 h 100
1470 8 11 l 100
1470 8 11 h 100
342 8 12 l 100
342 8 12 h 100
throttle 8 13 l 0.100000
842 8 13 l 100
840 8 13 h 100
throttle 8 14 l 0.100000
1368 8 14 l 100
1369 8 14 h 100
throttle 8 15 l 0.100000
186 8 15 l 100
186 8 15 h 100
throttle 8 16 l 0.100000
990 8 16 l 100
992 8 16 h 100
111 9 0 l 100
110 9 0 h 100
1268 9 1 l 100
1268 9 1 h 100
750 9 2 l 100
750 9 2 h 100
240 9 3 l 100
240 9 3 h 100
473 9 4 l 100
468 9 4 h 100
1611 9 5 l 100
1610 9 5 h 100
1113 9 6 l 100
1112 9 6 h 100
615 9 7 l 100
614 9 7 h 100
866 9 8 l 100
866 9 8 h 100
1495 9 10 l 100
1496 9 10 h 100
966 9 11 l 100
968 9 11 h 100
1236 9 12 l 100
1238 9 12 h 100
726 9 13 l 63
731 9 13 l 36
727 9 13 h 100
212 9 14 l 100
212 9 14 h 100
1386 9 15 l 100
1388 9 15 h 100
264 9 16 l 100
264 9 16 h 100
throttle 10 0 l 0.100000
987 10 0 l 100
984 10 0 h 100
throttle 10 1 l 0.100000
1508 10 1 l 100
1508 10 1 h 100
throttle 10 2 l 0.100000
1628 10 2 l 100
1628 10 2 h 100
throttle 10 3 l 0.100000
495 10 3 l 100
492 10 3 h 100
throttle 10 4 l 0.200000
636 10 4 l 100
636 10 4 h 100
throttle 10 5 l 0.100000
1139 10 5 l 100
1136 10 5 h 100
throttle 10 6 l 0.100000
1292 10 6 l 100
1292 10 6 h 100
throttle 10 7 l 0.181916
133 10 7 l 37
135 10 7 l 62
134 10 7 h 100
102 10 8 l 100
102 10 8 h 100
throttle 10 9 l 0.200000
608 10 9 l 100
608 10 9 h 100
1260 10 11 l 100
1260 10 11 h 100
1404 10 12 l 100
1404 10 12 h 100
throttle 10 13 l 0.100000
234 10 13 l 100
236 10 13 h 100
throttle 10 14 l 0.100000
372 10 14 l 100
373 10 14 h 100
throttle 10 15 l 0.100000
882 10 15 l 100
884 10 15 h 100
throttle 10 16 l 0.100000
1171 10 16 l 100
1172 10 16 h 100
throttle 11 0 l 0.100000
258 11 0 l 100
258 11 0 h 100
throttle 11 1 l 0.100000
1416 11 1 l 100
1416 11 1 h 100
throttle 11 2 l 0.100000
1284 11 2 l 100
1285 11 2 h 100
throttle 11 3 l 0.100000
774 11 3 l 100
774 11 3 h 100
throttle 11 4 l 0.100000
630 11 4 l 100
632 11 4 h 100
throttle 11 5 l 0.100000
126 11 5 l 100
126 11 5 h 100
throttle 11 6 l 0.100000
1620 11 6 l 100
1620 11 6 h 100
throttle 11 7 l 0.100000
1128 11 7 l 100
1128 11 7 h 100
1164 11 8 l 100
1164 11 8 h 100
throttle 11 9 l 0.100000
660 11 9 l 100
662 11 9 h 100
516 11 10 l 100
516 11 10 h 100
1518 11 12 l 100
1518 11 12 h 100
throttle 11 13 l 0.100000
1014 11 13 l 100
1016 11 13 h 100
throttle 11 14 l 0.100000
896 11 14 l 100
894 11 14 h 100
throttle 11 15 l 0.100000
384 11 15 l 100
384 11 15 h 100
throttle 11 16 l 0.100000
414 11 16 l 100
416 11 16 h 100
throttle 12 0 l 0.100000
1158 12 0 l 100
1160 12 0 h 100
throttle 12 1 l 0.100000
17 12 1 l 100
14 12 1 h 100
throttle 12 2 l 0.100000
510 12 2 l 100
510 12 2 h 100
throttle 12 3 l 0.200000
1009 12 3 l 100
1009 12 3 h 100
throttle 12 4 l 0.200000
802 12 4 l 100
798 12 4 h 100
throttle 12 5 l 0.100000
1310 12 5 l 100
1310 12 5 h 100
throttle 12 6 l 0.100000
154 12 6 l 49
155 12 6 l 50
152 12 6 h 35
150 12 6 h 64
throttle 12 7 l 0.200000
659 12 7 l 100
656 12 7 h 89
654 12 7 h 10
408 12 8 l 100
408 12 8 h 100
throttle 12 9 l 0.200000
912 12 9 l 100
912 12 9 h 100
1434 12 10 l 100
1434 12 10 h 100
282 12 11 l 100
282 12 11 h 100
throttle 12 13 l 0.200000
540 12 13 l 100
542 12 13 h 100
throttle 12 14 l 0.100000
1049 12 14 l 100
1044 12 14 h 84
1046 12 14 h 15
throttle 12 15 l 0.100000
1545 12 15 l 100
1542 12 15 h 100
throttle 12 16 l 0.100000
1338 12 16 l 100
1338 12 16 h 100
405 13 0 l 100
403 13 0 h 100
1536 13 1 l 100
1536 13 1 h 100
1038 13 2 l 100
1038 13 2 h 100
534 13 3 l 100
534 13 3 h 100
36 13 4 l 100
36 13 4 h 100
1188 13 5 l 100
1190 13 5 h 100
678 13 6 l 100
680 13 6 h 100
170 13 7 l 100
170 13 7 h 100
1334 13 8 l 100
1332 13 8 h 100
816 13 9 l 100
817 13 9 h 100
312 13 10 l 100
314 13 10 h 100
1440 13 11 l 100
1442 13 11 h 100
929 13 12 l 32
924 13 12 l 67
924 13 12 h 100
1559 13 14 l 100
1554 13 14 h 100
1056 13 15 l 100
1057 13 15 h 100
564 13 16 l 100
566 13 16 h 100
1329 14 0 l 100
1328 14 0 h 100
162 14 1 l 100
164 14 1 h 100
308 14 2 l 100
308 14 2 h 100
813 14 3 l 100
811 14 3 h 100
32 14 4 l 100
31 14 4 h 100
529 14 5 l 100
528 14 5 h 100
674 14 6 l 100
674 14 6 h 100
1186 14 7 l 100
1182 14 7 h 100
780 14 8 l 100
780 14 8 h 100
908 14 9 l 100
908 14 9 h 100
1032 14 10 l 100
1033 14 10 h 100
1530 14 11 l 100
1532 14 11 h 100
792 14 12 l 100
794 14 12 h 100
1302 14 13 l 100
1304 14 13 h 100
276 14 15 l 100
276 14 15 h 100
319 14 16 l 100
320 14 16 h 100
562 15 0 l 100
558 15 0 h 100
48 15 1 l 100
48 15 1 h 100
1553 15 2 l 100
1549 15 2 h 100
1053 15 3 l 75
1054 15 3 l 24
1051 15 3 h 100
182 15 4 l 100
181 15 4 h 100
1354 15 5 l 100
1350 15 5 h 100
1200 15 6 l 100
1200 15 6 h 100
690 15 7 l 100
692 15 7 h 100
1218 15 8 l 100
1218 15 8 h 100
807 15 9 l 100
806 15 9 h 100
671 15 10 l 100
668 15 10 h 100
156 15 11 l 100
156 15 11 h 100
923 15 12 l 100
920 15 12 h 100
420 15 13 l 100
421 15 13 h 100
300 15 14 l 100
302 15 14 h 100
758 15 16 l 100
758 15 16 h 100
1584 16 0 l 100
1584 16 0 h 100
289 16 1 l 100
290 16 1 h 100
1296 16 2 l 100
1296 16 2 h 100
117 16 3 l 100
114 16 3 h 100
556 16 4 l 100
552 16 4 h 100
295 16 5 l 100
295 16 5 h 100
19 16 6 l 100
20 16 6 h 100
1424 16 7 l 100
1424 16 7 h 100
1272 16 8 l 100
1274 16 8 h 100
1007 16 9 l 100
1002 16 9 h 100
1021 16 10 l 100
1022 16 10 h 100
1476 16 11 l 100
1478 16 11 h 100
1446 16 12 l 100
1446 16 12 h 100
480 16 13 l 100
482 16 13 h 100
475 16 14 l 100
476 16 14 h 100
1600 16 15 l 100
1598 16 15 h 100
