tunnel_num s t prio weight
throttle 0 1 l 0.400000
325 0 1 l 100
326 0 1 h 100
throttle 0 2 l 0.400000
822 0 2 l 100
822 0 2 h 100
throttle 0 3 l 0.468228
1344 0 3 l 100
1344 0 3 h 100
throttle 0 4 l 0.400000
174 0 4 l 100
174 0 4 h 100
throttle 0 5 l 0.400000
685 0 5 l 100
686 0 5 h 100
throttle 0 6 l 0.500000
1195 0 6 l 100
1196 0 6 h 100
throttle 0 7 l 0.500000
47 0 7 l 100
44 0 7 h 100
throttle 0 8 l 0.400000
704 0 8 l 100
704 0 8 h 100
throttle 0 9 l 0.500000
1212 0 9 l 100
1212 0 9 h 100
throttle 0 10 l 0.500000
61 0 10 l 100
61 0 10 h 100
throttle 0 11 l 0.500000
581 0 11 l 100
578 0 11 h 100
throttle 0 12 l 0.400000
1073 0 12 l 100
1068 0 12 h 100
throttle 0 13 l 0.400000
1560 0 13 l 100
1560 0 13 h 100
throttle 0 14 l 0.433181
429 0 14 l 34
431 0 14 l 65
427 0 14 h 100
throttle 0 15 l 0.400000
932 0 15 l 100
932 0 15 h 100
throttle 0 16 l 0.400000
1314 0 16 l 100
1314 0 16 h 100
697 1 0 l 100
698 1 0 h 100
1367 1 2 l 100
1362 1 2 h 100
834 1 3 l 100
835 1 3 h 100
1062 1 4 l 100
1062 1 4 h 100
570 1 5 l 100
570 1 5 h 100
54 1 6 l 100
54 1 6 h 100
throttle 1 7 l 0.300000
1209 1 7 l 100
1207 1 7 h 100
1580 1 8 l 100
1580 1 8 h 100
1086 1 9 l 100
1086 1 9 h 100
588 1 10 l 100
588 1 10 h 100
80 1 11 l 100
80 1 11 h 100
336 1 12 l 100
337 1 12 h 100
1464 1 13 l 100
1464 1 13 h 100
944 1 14 l 100
942 1 14 h 100
444 1 15 l 100
444 1 15 h 100
546 1 16 l 100
546 1 16 h 100
1572 2 0 l 100
1572 2 0 h 100
438 2 1 l 100
438 2 1 h 100
1080 2 3 l 100
1080 2 3 h 100
1230 2 4 l 100
1230 2 4 h 100
72 2 5 l 100
72 2 5 h 100
204 2 6 l 100
204 2 6 h 100
throttle 2 7 l 0.300000
720 2 7 l 100
720 2 7 h 39
721 2 7 h 60
860 2 8 l 100
860 2 8 h 100
1380 2 9 l 100
1380 2 9 h 100
1489 2 10 l 100
1490 2 10 h 100
362 2 11 l 100
362 2 11 h 100
462 2 12 l 100
464 2 12 h 100
960 2 13 l 100
960 2 13 h 100
1105 2 14 l 100
1104 2 14 h 100
1602 2 15 l 100
1602 2 15 h 100
1452 2 16 l 100
1452 2 16 h 100
852 3 0 l 100
852 3 0 h 100
throttle 3 1 l 0.400000
354 3 1 l 100
355 3 1 h 100
throttle 3 2 l 0.400000
198 3 2 l 100
198 3 2 h 100
throttle 3 4 l 0.400000
1224 3 4 l 100
1226 3 4 h 100
throttle 3 5 l 0.400000
714 3 5 l 100
715 3 5 h 100
throttle 3 6 l 0.400000
582 3 6 l 100
582 3 6 h 100
throttle 3 7 l 0.400000
66 3 7 l 100
66 3 7 h 100
throttle 3 8 l 0.400000
1568 3 8 l 100
1568 3 8 h 100
throttle 3 9 l 0.400000
1074 3 9 l 100
1075 3 9 h 100
throttle 3 10 l 0.400000
937 3 10 l 100
937 3 10 h 100
throttle 3 11 l 0.400000
433 3 11 l 100
433 3 11 h 100
throttle 3 12 l 0.400000
335 3 12 l 100
330 3 12 h 100
throttle 3 13 l 0.400000
1458 3 13 l 100
1459 3 13 h 100
throttle 3 14 l 0.400000
1357 3 14 l 100
1357 3 14 h 100
throttle 3 15 l 0.400000
828 3 15 l 100
829 3 15 h 100
throttle 3 16 l 0.400000
978 3 16 l 100
978 3 16 h 100
99 4 0 l 100
96 4 0 h 100
601 4 1 l 100
600 4 1 h 100
1098 4 2 l 100
1098 4 2 h 100
1592 4 3 l 100
1590 4 3 h 100
232 4 5 l 100
230 4 5 h 100
748 4 6 l 100
744 4 6 h 100
throttle 4 7 l 0.300000
1257 4 7 l 100
1255 4 7 h 100
849 4 8 l 100
848 4 8 h 100
1374 4 9 l 100
1374 4 9 h 100
195 4 10 l 51
197 4 10 l 48
194 4 10 h 100
712 4 11 l 100
710 4 11 h 100
458 4 12 l 63
461 4 12 l 36
458 4 12 h 100
956 4 13 l 35
959 4 13 l 64
954 4 13 h 100
1484 4 14 l 100
1484 4 14 h 100
348 4 15 l 100
348 4 15 h 100
254 4 16 l 100
252 4 16 h 100
974 5 0 l 100
973 5 0 h 100
486 5 1 l 100
486 5 1 h 100
1614 5 2 l 100
1614 5 2 h 100
1122 5 3 l 100
1122 5 3 h 100
624 5 4 l 100
624 5 4 h 100
1280 5 6 l 100
1278 5 6 h 100
throttle 5 7 l 0.300000
771 5 7 l 100
768 5 7 h 100
92 5 8 l 100
92 5 8 h 100
1251 5 9 l 100
1248 5 9 h 100
739 5 10 l 100
740 5 10 h 100
225 5 11 l 100
223 5 11 h 100
1399 5 12 l 100
1399 5 12 h 100
880 5 13 l 100
876 5 13 h 100
366 5 14 l 100
367 5 14 h 100
1500 5 15 l 100
1500 5 15 h 100
1152 5 16 l 100
1152 5 16 h 100
247 6 0 l 100
248 6 0 h 100
762 6 1 l 100
762 6 1 h 100
888 6 2 l 100
888 6 2 h 100
1410 6 3 l 100
1411 6 3 h 100
618 6 4 l 100
618 6 4 h 100
1116 6 5 l 100
1116 6 5 h 100
throttle 6 7 l 0.300000
120 6 7 l 100
120 6 7 h 100
1148 6 8 l 100
1148 6 8 h 100
6 6 9 l 100
6 6 9 h 100
144 6 10 l 100
144 6 10 h 100
650 6 11 l 100
650 6 11 h 100
1512 6 12 l 100
1513 6 12 h 100
378 6 13 l 100
378 6 13 h 100
504 6 14 l 100
504 6 14 h 100
996 6 15 l 100
996 6 15 h 100
396 6 16 l 100
396 6 16 h 100
1141 7 0 l 100
1142 7 0 h 100
642 7 1 l 100
642 7 1 h 100
503 7 2 l 100
499 7 2 h 100
0 7 3 l 100
1 7 3 h 100
789 7 4 l 100
787 7 4 h 100
275 7 5 l 100
271 7 5 h 100
138 7 6 l 100
138 7 6 h 100
393 7 8 l 100
shutdown 7 8 h
1524 7 9 l 100
1525 7 9 h 100
1428 7 10 l 100
1428 7 10 h 100
903 7 11 l 100
shutdown 7 11 h
24 7 12 l 100
24 7 12 h 100
1180 7 13 l 100
1177 7 13 h 100
1030 7 14 l 100
1027 7 14 h 100
522 7 15 l 100
523 7 15 h 100
1320 7 16 l 100
1321 7 16 h 100
shutdown 8 0 l
shutdown 8 0 h
throttle 8 1 l 0.100000
1395 8 1 l 100
1394 8 1 h 100
throttle 8 2 l 0.100000
218 8 2 l 100
218 8 2 h 100
734 8 3 l 100
734 8 3 h 100
throttle 8 4 l 0.100000
1245 8 4 l 100
1243 8 4 h 100
throttle 8 5 l 0.100000
87 8 5 l 100
86 8 5 h 100
throttle 8 6 l 0.100000
598 8 6 l 100
596 8 6 h 100
throttle 8 7 l 0.300000
1094 8 7 l 100
1094 8 7 h 100
throttle 8 9 l 0.100000
453 8 9 l 100
452 8 9 h 100
948 8 10 l 100
948 8 10 h 100
1470 8 11 l 100
1470 8 11 h 100
342 8 12 l 100
342 8 12 h 100
842 8 13 l 100
842 8 13 h 100
1370 8 14 l 100
1370 8 14 h 100
188 8 15 l 100
188 8 15 h 100
throttle 8 16 l 0.100000
993 8 16 l 100
992 8 16 h 100
108 9 0 l 100
108 9 0 h 100
1266 9 1 l 100
1266 9 1 h 100
750 9 2 l 100
750 9 2 h 100
240 9 3 l 100
241 9 3 h 100
473 9 4 l 100
468 9 4 h 100
1609 9 5 l 100
1608 9 5 h 100
1113 9 6 l 100
1110 9 6 h 100
throttle 9 7 l 0.300000
615 9 7 l 100
613 9 7 h 100
867 9 8 l 100
866 9 8 h 100
1494 9 10 l 33
1499 9 10 l 66
1495 9 10 h 100
966 9 11 l 100
967 9 11 h 100
1239 9 12 l 61
1240 9 12 l 38
1237 9 12 h 100
728 9 13 l 100
726 9 13 h 100
214 9 14 l 100
210 9 14 h 100
1386 9 15 l 100
1386 9 15 h 100
264 9 16 l 100
264 9 16 h 100
985 10 0 l 100
985 10 0 h 100
throttle 10 1 l 0.100000
1506 10 1 l 100
1506 10 1 h 100
throttle 10 2 l 0.100000
1628 10 2 l 100
1627 10 2 h 100
493 10 3 l 72
495 10 3 l 27
493 10 3 h 100
throttle 10 4 l 0.100000
639 10 4 l 100
638 10 4 h 100
throttle 10 5 l 0.100000
1138 10 5 l 100
1135 10 5 h 100
throttle 10 6 l 0.100000
1294 10 6 l 100
1290 10 6 h 100
throttle 10 7 l 0.300000
135 10 7 l 11
137 10 7 l 88
132 10 7 h 100
102 10 8 l 100
102 10 8 h 100
throttle 10 9 l 0.100000
607 10 9 l 100
606 10 9 h 100
1260 10 11 l 100
1260 10 11 h 100
1404 10 12 l 100
1404 10 12 h 100
235 10 13 l 100
235 10 13 h 100
throttle 10 14 l 0.067067
376 10 14 l 68
377 10 14 l 31
374 10 14 h 100
throttle 10 15 l 0.100000
883 10 15 l 100
883 10 15 h 100
throttle 10 16 l 0.100000
1170 10 16 l 100
1170 10 16 h 100
throttle 11 0 l 0.100000
263 11 0 l 100
260 11 0 h 100
throttle 11 1 l 0.100000
1419 11 1 l 100
1418 11 1 h 100
throttle 11 2 l 0.100000
1286 11 2 l 100
1286 11 2 h 100
throttle 11 3 l 0.100000
775 11 3 l 100
775 11 3 h 100
throttle 11 4 l 0.100000
631 11 4 l 100
631 11 4 h 100
throttle 11 5 l 0.100000
127 11 5 l 100
127 11 5 h 100
throttle 11 6 l 0.100000
1625 11 6 l 100
1622 11 6 h 100
throttle 11 7 l 0.300000
1129 11 7 l 100
1129 11 7 h 100
1164 11 8 l 100
1164 11 8 h 100
throttle 11 9 l 0.100000
661 11 9 l 100
661 11 9 h 100
516 11 10 l 100
516 11 10 h 100
1518 11 12 l 100
1518 11 12 h 100
throttle 11 13 l 0.100000
1014 11 13 l 100
1015 11 13 h 100
throttle 11 14 l 0.100000
894 11 14 l 100
894 11 14 h 100
throttle 11 15 l 0.100000
384 11 15 l 100
384 11 15 h 100
throttle 11 16 l 0.100000
415 11 16 l 100
415 11 16 h 100
throttle 12 0 l 0.100000
1163 12 0 l 100
1158 12 0 h 100
throttle 12 1 l 0.100000
13 12 1 l 100
13 12 1 h 100
throttle 12 2 l 0.100000
515 12 2 l 100
512 12 2 h 100
1008 12 3 l 100
1008 12 3 h 100
801 12 4 l 100
799 12 4 h 100
throttle 12 5 l 0.100000
1308 12 5 l 100
1309 12 5 h 100
throttle 12 6 l 0.100000
153 12 6 l 100
151 12 6 h 100
throttle 12 7 l 0.383721
657 12 7 l 9
658 12 7 l 90
655 12 7 h 100
408 12 8 l 100
408 12 8 h 100
throttle 12 9 l 0.100000
913 12 9 l 100
913 12 9 h 100
1434 12 10 l 100
1434 12 10 h 100
282 12 11 l 100
282 12 11 h 100
throttle 12 13 l 0.100000
541 12 13 l 100
541 12 13 h 100
throttle 12 14 l 0.100000
1047 12 14 l 97
1049 12 14 l 2
1045 12 14 h 100
throttle 12 15 l 0.100000
1542 12 15 l 100
1543 12 15 h 100
throttle 12 16 l 0.100000
1339 12 16 l 100
1339 12 16 h 100
402 13 0 l 100
402 13 0 h 100
1536 13 1 l 100
1538 13 1 h 100
1038 13 2 l 100
1038 13 2 h 100
534 13 3 l 100
535 13 3 h 100
36 13 4 l 100
37 13 4 h 100
1189 13 5 l 100
1188 13 5 h 100
679 13 6 l 100
679 13 6 h 100
throttle 13 7 l 0.300000
172 13 7 l 100
169 13 7 h 100
1334 13 8 l 100
1334 13 8 h 100
821 13 9 l 100
816 13 9 h 100
312 13 10 l 100
313 13 10 h 100
1440 13 11 l 100
1441 13 11 h 100
928 13 12 l 100
925 13 12 h 100
1555 13 14 l 100
1556 13 14 h 100
1056 13 15 l 100
1056 13 15 h 100
568 13 16 l 100
564 13 16 h 100
1327 14 0 l 100
1327 14 0 h 100
162 14 1 l 100
162 14 1 h 100
306 14 2 l 100
306 14 2 h 100
810 14 3 l 100
810 14 3 h 100
32 14 4 l 100
31 14 4 h 100
529 14 5 l 100
528 14 5 h 100
674 14 6 l 100
672 14 6 h 100
throttle 14 7 l 0.300000
1183 14 7 l 100
1182 14 7 h 100
782 14 8 l 100
782 14 8 h 100
910 14 9 l 100
906 14 9 h 100
1032 14 10 l 100
1034 14 10 h 100
1530 14 11 l 100
1530 14 11 h 100
795 14 12 l 100
793 14 12 h 100
1302 14 13 l 100
1302 14 13 h 100
276 14 15 l 100
276 14 15 h 100
321 14 16 l 100
318 14 16 h 100
560 15 0 l 100
560 15 0 h 100
48 15 1 l 100
48 15 1 h 100
1548 15 2 l 100
1548 15 2 h 100
1053 15 3 l 51
1055 15 3 l 48
1051 15 3 h 100
183 15 4 l 100
180 15 4 h 100
1350 15 5 l 100
1350 15 5 h 100
1205 15 6 l 100
1200 15 6 h 100
throttle 15 7 l 0.300000
690 15 7 l 100
691 15 7 h 100
1220 15 8 l 100
1220 15 8 h 100
807 15 9 l 100
804 15 9 h 100
667 15 10 l 100
667 15 10 h 100
156 15 11 l 100
156 15 11 h 100
922 15 12 l 100
919 15 12 h 100
420 15 13 l 100
420 15 13 h 100
305 15 14 l 100
300 15 14 h 100
756 15 16 l 100
756 15 16 h 100
1584 16 0 l 100
1584 16 0 h 100
288 16 1 l 100
288 16 1 h 100
1296 16 2 l 100
1296 16 2 h 100
114 16 3 l 100
114 16 3 h 100
552 16 4 l 100
552 16 4 h 100
294 16 5 l 100
294 16 5 h 100
18 16 6 l 100
18 16 6 h 100
throttle 16 7 l 0.300000
1426 16 7 l 100
1423 16 7 h 100
1274 16 8 l 100
1274 16 8 h 100
1003 16 9 l 100
1002 16 9 h 100
1020 16 10 l 100
1021 16 10 h 100
1476 16 11 l 100
1477 16 11 h 100
1446 16 12 l 100
1448 16 12 h 100
480 16 13 l 100
480 16 13 h 100
475 16 14 l 100
474 16 14 h 100
1596 16 15 l 100
1596 16 15 h 100
