tunnel_num s t prio weight
324 0 1 l 100
326 0 1 h 100
822 0 2 l 100
822 0 2 h 100
1344 0 3 l 100
1344 0 3 h 100
175 0 4 l 100
175 0 4 h 100
688 0 5 l 100
685 0 5 h 100
1198 0 6 l 100
1194 0 6 h 100
42 0 7 l 100
42 0 7 h 100
707 0 8 l 100
702 0 8 h 100
1213 0 9 l 85
1215 0 9 l 14
1212 0 9 h 100
60 0 10 l 100
60 0 10 h 100
577 0 11 l 100
577 0 11 h 100
1069 0 12 l 100
1068 0 12 h 96
1069 0 12 h 3
1560 0 13 l 100
1562 0 13 h 100
426 0 14 l 39
429 0 14 l 60
427 0 14 h 100
930 0 15 l 100
930 0 15 h 100
1314 0 16 l 100
1315 0 16 h 100
696 1 0 l 100
696 1 0 h 100
1362 1 2 l 100
1362 1 2 h 100
836 1 3 l 100
834 1 3 h 100
1062 1 4 l 100
1062 1 4 h 100
572 1 5 l 100
570 1 5 h 100
54 1 6 l 100
54 1 6 h 100
1206 1 7 l 100
1206 1 7 h 100
1578 1 8 l 100
1580 1 8 h 100
1086 1 9 l 100
1086 1 9 h 100
589 1 10 l 100
590 1 10 h 100
78 1 11 l 100
78 1 11 h 100
336 1 12 l 100
336 1 12 h 100
1464 1 13 l 100
1464 1 13 h 100
945 1 14 l 100
943 1 14 h 100
444 1 15 l 100
444 1 15 h 100
546 1 16 l 100
547 1 16 h 100
1572 2 0 l 100
1572 2 0 h 100
440 2 1 l 100
438 2 1 h 100
1081 2 3 l 100
1080 2 3 h 100
1230 2 4 l 100
1232 2 4 h 100
72 2 5 l 100
72 2 5 h 100
206 2 6 l 100
204 2 6 h 100
720 2 7 l 100
720 2 7 h 100
858 2 8 l 100
858 2 8 h 100
1380 2 9 l 100
1380 2 9 h 100
1488 2 10 l 100
1490 2 10 h 100
360 2 11 l 100
361 2 11 h 100
462 2 12 l 100
463 2 12 h 100
960 2 13 l 100
960 2 13 h 100
1106 2 14 l 100
1105 2 14 h 100
1603 2 15 l 100
1604 2 15 h 100
1452 2 16 l 100
1452 2 16 h 100
852 3 0 l 100
852 3 0 h 100
354 3 1 l 100
354 3 1 h 100
199 3 2 l 100
198 3 2 h 100
1224 3 4 l 100
1224 3 4 h 100
714 3 5 l 100
714 3 5 h 100
582 3 6 l 100
582 3 6 h 100
67 3 7 l 100
66 3 7 h 100
1566 3 8 l 100
1566 3 8 h 100
1074 3 9 l 100
1075 3 9 h 100
936 3 10 l 100
936 3 10 h 100
432 3 11 l 100
432 3 11 h 100
331 3 12 l 100
330 3 12 h 100
1458 3 13 l 100
1458 3 13 h 100
1359 3 14 l 100
1356 3 14 h 100
829 3 15 l 100
830 3 15 h 100
978 3 16 l 100
978 3 16 h 100
96 4 0 l 100
96 4 0 h 100
600 4 1 l 100
601 4 1 h 100
1098 4 2 l 100
1098 4 2 h 100
1590 4 3 l 70
1594 4 3 l 29
1590 4 3 h 100
229 4 5 l 100
228 4 5 h 100
744 4 6 l 100
745 4 6 h 100
1254 4 7 l 100
1254 4 7 h 100
846 4 8 l 100
848 4 8 h 100
1376 4 9 l 100
1376 4 9 h 100
192 4 10 l 100
192 4 10 h 100
708 4 11 l 100
708 4 11 h 100
456 4 12 l 16
457 4 12 l 83
456 4 12 h 100
956 4 13 l 100
954 4 13 h 100
1482 4 14 l 100
1482 4 14 h 100
349 4 15 l 100
350 4 15 h 100
254 4 16 l 100
252 4 16 h 100
972 5 0 l 100
972 5 0 h 100
486 5 1 l 100
486 5 1 h 100
1616 5 2 l 100
1614 5 2 h 100
1123 5 3 l 100
1122 5 3 h 100
629 5 4 l 100
626 5 4 h 100
1278 5 6 l 100
1278 5 6 h 100
769 5 7 l 100
768 5 7 h 100
90 5 8 l 100
90 5 8 h 100
1249 5 9 l 100
1249 5 9 h 100
738 5 10 l 100
740 5 10 h 100
222 5 11 l 100
222 5 11 h 100
1400 5 12 l 100
1399 5 12 h 100
877 5 13 l 100
876 5 13 h 100
366 5 14 l 100
366 5 14 h 100
1501 5 15 l 100
1502 5 15 h 100
1152 5 16 l 100
1152 5 16 h 100
246 6 0 l 100
248 6 0 h 100
762 6 1 l 100
764 6 1 h 100
888 6 2 l 100
888 6 2 h 100
1410 6 3 l 100
1410 6 3 h 100
618 6 4 l 100
618 6 4 h 100
1116 6 5 l 100
1116 6 5 h 100
120 6 7 l 100
121 6 7 h 100
1146 6 8 l 100
1146 6 8 h 100
6 6 9 l 100
6 6 9 h 100
145 6 10 l 100
146 6 10 h 100
648 6 11 l 100
648 6 11 h 100
1512 6 12 l 100
1512 6 12 h 100
378 6 13 l 100
378 6 13 h 100
504 6 14 l 100
505 6 14 h 100
996 6 15 l 100
996 6 15 h 100
396 6 16 l 100
396 6 16 h 100
1141 7 0 l 100
1141 7 0 h 100
644 7 1 l 100
642 7 1 h 100
500 7 2 l 100
498 7 2 h 100
2 7 3 l 100
2 7 3 h 100
786 7 4 l 100
786 7 4 h 100
270 7 5 l 100
270 7 5 h 100
139 7 6 l 100
138 7 6 h 100
390 7 8 l 100
391 7 8 h 100
1526 7 9 l 100
1524 7 9 h 100
1429 7 10 l 100
1430 7 10 h 100
900 7 11 l 100
901 7 11 h 100
24 7 12 l 100
24 7 12 h 100
1177 7 13 l 100
1176 7 13 h 100
1027 7 14 l 100
1027 7 14 h 100
526 7 15 l 100
522 7 15 h 100
1320 7 16 l 100
1320 7 16 h 100
throttle 8 0 l 0.100000
870 8 0 l 100
870 8 0 h 100
throttle 8 1 l 0.100000
1393 8 1 l 100
1392 8 1 h 100
throttle 8 2 l 0.200000
218 8 2 l 100
216 8 2 h 100
throttle 8 3 l 0.100000
732 8 3 l 100
732 8 3 h 100
throttle 8 4 l 0.100000
1242 8 4 l 100
1242 8 4 h 100
throttle 8 5 l 0.100000
84 8 5 l 100
84 8 5 h 100
throttle 8 6 l 0.100000
594 8 6 l 100
594 8 6 h 100
throttle 8 7 l 0.100000
1094 8 7 l 100
1093 8 7 h 100
throttle 8 9 l 0.100000
450 8 9 l 100
451 8 9 h 100
948 8 10 l 100
948 8 10 h 100
1470 8 11 l 100
1470 8 11 h 100
342 8 12 l 100
342 8 12 h 100
throttle 8 13 l 0.200000
845 8 13 l 100
841 8 13 h 100
throttle 8 14 l 0.200000
1368 8 14 l 100
1368 8 14 h 100
throttle 8 15 l 0.100000
187 8 15 l 100
187 8 15 h 100
throttle 8 16 l 0.100000
990 8 16 l 100
990 8 16 h 100
108 9 0 l 100
108 9 0 h 100
1266 9 1 l 100
1266 9 1 h 100
752 9 2 l 100
750 9 2 h 100
245 9 3 l 100
242 9 3 h 100
468 9 4 l 100
470 9 4 h 100
1609 9 5 l 100
1608 9 5 h 100
1110 9 6 l 100
1110 9 6 h 100
614 9 7 l 100
612 9 7 h 100
869 9 8 l 100
864 9 8 h 100
1499 9 10 l 100
1496 9 10 h 100
966 9 11 l 100
968 9 11 h 100
1236 9 12 l 100
1238 9 12 h 100
726 9 13 l 100
726 9 13 h 100
212 9 14 l 100
211 9 14 h 100
1387 9 15 l 100
1388 9 15 h 100
264 9 16 l 100
265 9 16 h 100
throttle 10 0 l 0.100000
984 10 0 l 100
984 10 0 h 100
throttle 10 1 l 0.200000
1508 10 1 l 100
1508 10 1 h 100
throttle 10 2 l 0.100000
1628 10 2 l 100
1628 10 2 h 100
throttle 10 3 l 0.100000
492 10 3 l 100
492 10 3 h 100
throttle 10 4 l 0.100000
636 10 4 l 100
636 10 4 h 100
throttle 10 5 l 0.200000
1139 10 5 l 100
1136 10 5 h 100
throttle 10 6 l 0.100000
1291 10 6 l 100
1292 10 6 h 100
throttle 10 7 l 0.100000
133 10 7 l 100
134 10 7 h 100
102 10 8 l 100
102 10 8 h 100
throttle 10 9 l 0.100000
608 10 9 l 67
611 10 9 l 32
607 10 9 h 100
1260 10 11 l 100
1260 10 11 h 100
1404 10 12 l 100
1404 10 12 h 100
throttle 10 13 l 0.100000
234 10 13 l 100
236 10 13 h 100
throttle 10 14 l 0.123893
372 10 14 l 100
372 10 14 h 100
throttle 10 15 l 0.100000
887 10 15 l 100
shutdown 10 15 h
throttle 10 16 l 0.100000
1171 10 16 l 100
1172 10 16 h 100
throttle 11 0 l 0.100000
258 11 0 l 100
258 11 0 h 100
throttle 11 1 l 0.100000
1416 11 1 l 100
1416 11 1 h 100
throttle 11 2 l 0.100000
1288 11 2 l 100
1285 11 2 h 100
throttle 11 3 l 0.100000
774 11 3 l 100
774 11 3 h 100
throttle 11 4 l 0.100000
630 11 4 l 100
630 11 4 h 100
throttle 11 5 l 0.100000
126 11 5 l 100
126 11 5 h 100
throttle 11 6 l 0.100000
1620 11 6 l 100
1620 11 6 h 100
throttle 11 7 l 0.100000
1130 11 7 l 100
1130 11 7 h 100
1164 11 8 l 100
1164 11 8 h 100
throttle 11 9 l 0.100000
660 11 9 l 100
660 11 9 h 100
516 11 10 l 100
516 11 10 h 100
1518 11 12 l 100
1518 11 12 h 100
throttle 11 13 l 0.100000
1017 11 13 l 100
1016 11 13 h 100
throttle 11 14 l 0.100000
894 11 14 l 100
894 11 14 h 100
throttle 11 15 l 0.100000
386 11 15 l 100
386 11 15 h 100
throttle 11 16 l 0.100000
416 11 16 l 100
416 11 16 h 100
throttle 12 0 l 0.100000
1158 12 0 l 100
1158 12 0 h 100
throttle 12 1 l 0.200000
13 12 1 l 100
13 12 1 h 100
throttle 12 2 l 0.200000
510 12 2 l 100
511 12 2 h 100
throttle 12 3 l 0.200000
1013 12 3 l 100
1009 12 3 h 100
throttle 12 4 l 0.100000
803 12 4 l 11
798 12 4 l 88
798 12 4 h 100
throttle 12 5 l 0.100000
1308 12 5 l 100
1309 12 5 h 100
throttle 12 6 l 0.200000
152 12 6 l 100
152 12 6 h 100
throttle 12 7 l 0.200000
654 12 7 l 25
655 12 7 l 51
656 12 7 l 20
659 12 7 l 2
655 12 7 h 100
408 12 8 l 100
408 12 8 h 100
throttle 12 9 l 0.200000
917 12 9 l 100
912 12 9 h 100
1434 12 10 l 100
1434 12 10 h 100
282 12 11 l 100
282 12 11 h 100
throttle 12 13 l 0.200000
540 12 13 l 100
542 12 13 h 100
throttle 12 14 l 0.100000
1044 12 14 l 100
1044 12 14 h 100
throttle 12 15 l 0.100000
1543 12 15 l 100
1543 12 15 h 100
throttle 12 16 l 0.100000
1340 12 16 l 100
1340 12 16 h 100
402 13 0 l 100
403 13 0 h 100
1536 13 1 l 100
1537 13 1 h 100
1040 13 2 l 100
1038 13 2 h 100
534 13 3 l 100
534 13 3 h 100
36 13 4 l 100
36 13 4 h 100
1189 13 5 l 100
1188 13 5 h 100
679 13 6 l 100
679 13 6 h 100
173 13 7 l 100
170 13 7 h 100
1332 13 8 l 100
1332 13 8 h 100
818 13 9 l 100
818 13 9 h 100
314 13 10 l 100
314 13 10 h 100
1440 13 11 l 100
1442 13 11 h 100
924 13 12 l 100
924 13 12 h 100
1556 13 14 l 100
1555 13 14 h 100
1057 13 15 l 100
1058 13 15 h 100
564 13 16 l 100
564 13 16 h 100
1326 14 0 l 100
1327 14 0 h 100
162 14 1 l 100
163 14 1 h 100
311 14 2 l 100
307 14 2 h 100
810 14 3 l 100
811 14 3 h 100
33 14 4 l 100
31 14 4 h 100
528 14 5 l 100
528 14 5 h 100
672 14 6 l 100
673 14 6 h 100
1187 14 7 l 100
1183 14 7 h 100
780 14 8 l 100
780 14 8 h 100
906 14 9 l 100
907 14 9 h 100
1032 14 10 l 100
1033 14 10 h 100
1530 14 11 l 100
1532 14 11 h 100
792 14 12 l 100
792 14 12 h 100
1304 14 13 l 100
1302 14 13 h 100
277 14 15 l 100
278 14 15 h 100
319 14 16 l 100
318 14 16 h 100
558 15 0 l 100
558 15 0 h 100
48 15 1 l 100
48 15 1 h 100
1549 15 2 l 100
1550 15 2 h 100
1055 15 3 l 100
1052 15 3 h 100
181 15 4 l 100
182 15 4 h 100
1351 15 5 l 100
1352 15 5 h 100
1200 15 6 l 100
1200 15 6 h 100
690 15 7 l 100
690 15 7 h 100
1221 15 8 l 100
1219 15 8 h 100
805 15 9 l 100
806 15 9 h 100
671 15 10 l 100
shutdown 15 10 h
158 15 11 l 100
158 15 11 h 100
923 15 12 l 100
919 15 12 h 100
422 15 13 l 100
422 15 13 h 100
301 15 14 l 54
303 15 14 l 45
302 15 14 h 100
756 15 16 l 100
756 15 16 h 100
1586 16 0 l 100
1584 16 0 h 100
288 16 1 l 100
289 16 1 h 100
1296 16 2 l 100
1296 16 2 h 100
114 16 3 l 100
114 16 3 h 100
553 16 4 l 100
552 16 4 h 100
294 16 5 l 100
294 16 5 h 100
18 16 6 l 100
20 16 6 h 100
1424 16 7 l 100
1423 16 7 h 100
1272 16 8 l 100
1274 16 8 h 100
1002 16 9 l 100
1002 16 9 h 100
1021 16 10 l 100
1022 16 10 h 100
1480 16 11 l 100
1478 16 11 h 100
1446 16 12 l 100
1448 16 12 h 100
482 16 13 l 100
480 16 13 h 100
475 16 14 l 100
474 16 14 h 100
1596 16 15 l 100
1596 16 15 h 100
