tunnel_num s t prio weight
329 0 1 l 100
324 0 1 h 100
822 0 2 l 100
824 0 2 h 100
1344 0 3 l 100
1344 0 3 h 100
175 0 4 l 100
176 0 4 h 100
689 0 5 l 100
685 0 5 h 100
1196 0 6 l 100
1194 0 6 h 100
42 0 7 l 100
43 0 7 h 100
703 0 8 l 100
702 0 8 h 100
1212 0 9 l 100
1212 0 9 h 100
65 0 10 l 36
62 0 10 l 63
62 0 10 h 100
579 0 11 l 100
577 0 11 h 100
1068 0 12 l 100
1068 0 12 h 22
1069 0 12 h 77
1560 0 13 l 100
1560 0 13 h 100
throttle 0 14 l 0.100000
429 0 14 l 100
shutdown 0 14 h
930 0 15 l 100
930 0 15 h 100
1315 0 16 l 100
1315 0 16 h 100
696 1 0 l 100
696 1 0 h 100
1363 1 2 l 100
1362 1 2 h 100
834 1 3 l 100
834 1 3 h 100
1062 1 4 l 100
1062 1 4 h 100
570 1 5 l 100
572 1 5 h 100
54 1 6 l 100
54 1 6 h 100
1206 1 7 l 100
1206 1 7 h 100
1578 1 8 l 100
1579 1 8 h 100
1086 1 9 l 100
1086 1 9 h 100
588 1 10 l 100
588 1 10 h 100
78 1 11 l 100
79 1 11 h 100
337 1 12 l 100
337 1 12 h 100
1465 1 13 l 100
1465 1 13 h 100
throttle 1 14 l 0.100000
945 1 14 l 100
shutdown 1 14 h
444 1 15 l 100
444 1 15 h 100
546 1 16 l 100
546 1 16 h 100
1572 2 0 l 100
1572 2 0 h 100
439 2 1 l 100
438 2 1 h 100
1080 2 3 l 100
1082 2 3 h 100
1230 2 4 l 100
1230 2 4 h 100
72 2 5 l 100
72 2 5 h 100
205 2 6 l 100
204 2 6 h 100
720 2 7 l 100
722 2 7 h 100
858 2 8 l 100
858 2 8 h 100
1380 2 9 l 100
1380 2 9 h 100
1492 2 10 l 100
1488 2 10 h 100
362 2 11 l 100
360 2 11 h 100
462 2 12 l 100
462 2 12 h 100
960 2 13 l 100
960 2 13 h 100
1106 2 14 l 100
1106 2 14 h 100
1603 2 15 l 100
1604 2 15 h 100
1452 2 16 l 100
1454 2 16 h 100
852 3 0 l 100
852 3 0 h 100
354 3 1 l 100
354 3 1 h 100
198 3 2 l 100
199 3 2 h 100
1224 3 4 l 100
1224 3 4 h 100
714 3 5 l 100
714 3 5 h 100
582 3 6 l 100
582 3 6 h 100
68 3 7 l 100
66 3 7 h 100
1566 3 8 l 100
1566 3 8 h 100
1074 3 9 l 100
1074 3 9 h 100
936 3 10 l 100
936 3 10 h 100
432 3 11 l 100
432 3 11 h 100
333 3 12 l 100
330 3 12 h 100
1458 3 13 l 100
1458 3 13 h 100
1359 3 14 l 100
shutdown 3 14 h
829 3 15 l 100
830 3 15 h 100
978 3 16 l 100
979 3 16 h 100
101 4 0 l 100
96 4 0 h 100
601 4 1 l 100
601 4 1 h 100
1099 4 2 l 100
1099 4 2 h 100
1590 4 3 l 100
1590 4 3 h 100
228 4 5 l 100
228 4 5 h 100
744 4 6 l 100
745 4 6 h 100
1255 4 7 l 51
1258 4 7 l 48
1256 4 7 h 100
846 4 8 l 100
848 4 8 h 100
1374 4 9 l 6
1375 4 9 l 93
1376 4 9 h 100
194 4 10 l 100
192 4 10 h 100
711 4 11 l 100
708 4 11 h 100
456 4 12 l 73
459 4 12 l 26
456 4 12 h 100
957 4 13 l 100
955 4 13 h 100
throttle 4 14 l 0.100000
1485 4 14 l 59
1486 4 14 l 40
shutdown 4 14 h
349 4 15 l 100
350 4 15 h 100
257 4 16 l 100
252 4 16 h 100
972 5 0 l 100
972 5 0 h 100
486 5 1 l 100
486 5 1 h 100
1615 5 2 l 100
1614 5 2 h 100
1122 5 3 l 100
1122 5 3 h 100
624 5 4 l 100
624 5 4 h 100
1278 5 6 l 100
1278 5 6 h 100
769 5 7 l 95
770 5 7 l 4
768 5 7 h 100
90 5 8 l 100
91 5 8 h 100
1248 5 9 l 100
1250 5 9 h 100
738 5 10 l 100
739 5 10 h 100
222 5 11 l 100
224 5 11 h 100
1401 5 12 l 100
1400 5 12 h 100
877 5 13 l 100
878 5 13 h 100
369 5 14 l 100
shutdown 5 14 h
1501 5 15 l 100
1502 5 15 h 100
1152 5 16 l 100
1152 5 16 h 100
246 6 0 l 100
246 6 0 h 100
762 6 1 l 100
762 6 1 h 100
888 6 2 l 100
888 6 2 h 100
1410 6 3 l 100
1410 6 3 h 100
618 6 4 l 100
618 6 4 h 100
1116 6 5 l 100
1116 6 5 h 100
120 6 7 l 100
120 6 7 h 100
1146 6 8 l 100
1147 6 8 h 100
6 6 9 l 100
6 6 9 h 100
144 6 10 l 100
144 6 10 h 100
648 6 11 l 100
649 6 11 h 100
1513 6 12 l 100
1514 6 12 h 100
379 6 13 l 100
379 6 13 h 100
507 6 14 l 100
shutdown 6 14 h
996 6 15 l 100
996 6 15 h 100
396 6 16 l 100
396 6 16 h 100
1140 7 0 l 100
1140 7 0 h 100
642 7 1 l 100
642 7 1 h 100
500 7 2 l 100
498 7 2 h 100
2 7 3 l 100
2 7 3 h 100
786 7 4 l 100
786 7 4 h 100
271 7 5 l 100
272 7 5 h 100
138 7 6 l 100
138 7 6 h 100
390 7 8 l 100
390 7 8 h 100
1528 7 9 l 100
1524 7 9 h 100
1428 7 10 l 100
1428 7 10 h 100
902 7 11 l 100
900 7 11 h 100
25 7 12 l 100
25 7 12 h 60
26 7 12 h 39
1177 7 13 l 100
1177 7 13 h 100
throttle 7 14 l 0.100000
1029 7 14 l 46
1031 7 14 l 53
shutdown 7 14 h
526 7 15 l 100
522 7 15 h 100
1324 7 16 l 100
1320 7 16 h 100
870 8 0 l 100
870 8 0 h 100
1396 8 1 l 100
1393 8 1 h 100
216 8 2 l 100
216 8 2 h 100
732 8 3 l 100
732 8 3 h 100
1242 8 4 l 100
1244 8 4 h 100
84 8 5 l 100
85 8 5 h 100
595 8 6 l 100
595 8 6 h 100
1092 8 7 l 96
1097 8 7 l 3
1092 8 7 h 100
450 8 9 l 100
451 8 9 h 100
948 8 10 l 100
948 8 10 h 100
1470 8 11 l 100
1470 8 11 h 100
347 8 12 l 100
342 8 12 h 100
842 8 13 l 100
842 8 13 h 100
throttle 8 14 l 0.100000
1370 8 14 l 100
1370 8 14 h 100
187 8 15 l 100
187 8 15 h 100
990 8 16 l 100
990 8 16 h 100
108 9 0 l 100
108 9 0 h 100
1266 9 1 l 100
1268 9 1 h 100
750 9 2 l 100
750 9 2 h 100
240 9 3 l 92
244 9 3 l 7
240 9 3 h 100
468 9 4 l 100
470 9 4 h 100
1609 9 5 l 100
1608 9 5 h 100
1110 9 6 l 100
1110 9 6 h 100
614 9 7 l 100
614 9 7 h 100
867 9 8 l 100
864 9 8 h 100
1494 9 10 l 100
1494 9 10 h 100
966 9 11 l 100
967 9 11 h 100
1237 9 12 l 100
1238 9 12 h 100
726 9 13 l 100
726 9 13 h 100
212 9 14 l 100
212 9 14 h 100
1387 9 15 l 100
1388 9 15 h 100
264 9 16 l 100
264 9 16 h 100
989 10 0 l 100
984 10 0 h 100
1506 10 1 l 100
1506 10 1 h 100
1627 10 2 l 100
1627 10 2 h 100
497 10 3 l 100
493 10 3 h 100
638 10 4 l 100
636 10 4 h 100
1135 10 5 l 100
1135 10 5 h 100
1290 10 6 l 100
1292 10 6 h 100
136 10 7 l 85
137 10 7 l 14
134 10 7 h 100
102 10 8 l 100
102 10 8 h 100
609 10 9 l 100
606 10 9 h 100
1260 10 11 l 100
1260 10 11 h 100
1404 10 12 l 100
1405 10 12 h 100
234 10 13 l 100
235 10 13 h 100
throttle 10 14 l 0.100000
372 10 14 l 62
375 10 14 l 37
372 10 14 h 100
883 10 15 l 100
883 10 15 h 100
1170 10 16 l 100
1170 10 16 h 100
258 11 0 l 100
258 11 0 h 100
1416 11 1 l 100
1417 11 1 h 100
1284 11 2 l 100
1284 11 2 h 100
774 11 3 l 100
774 11 3 h 100
630 11 4 l 100
632 11 4 h 100
126 11 5 l 100
128 11 5 h 100
1620 11 6 l 100
1621 11 6 h 100
1131 11 7 l 100
1128 11 7 h 100
1164 11 8 l 100
1166 11 8 h 100
660 11 9 l 100
660 11 9 h 100
516 11 10 l 100
516 11 10 h 100
1518 11 12 l 100
1519 11 12 h 100
1014 11 13 l 100
1015 11 13 h 100
897 11 14 l 100
894 11 14 h 100
386 11 15 l 100
386 11 15 h 100
414 11 16 l 100
414 11 16 h 100
1163 12 0 l 100
1159 12 0 h 100
15 12 1 l 100
14 12 1 h 100
511 12 2 l 100
511 12 2 h 100
1011 12 3 l 100
1009 12 3 h 100
801 12 4 l 35
803 12 4 l 64
800 12 4 h 100
1310 12 5 l 100
1310 12 5 h 100
152 12 6 l 100
152 12 6 h 100
655 12 7 l 65
659 12 7 l 34
656 12 7 h 100
408 12 8 l 100
410 12 8 h 100
914 12 9 l 100
913 12 9 h 100
1434 12 10 l 100
1435 12 10 h 100
282 12 11 l 100
283 12 11 h 100
540 12 13 l 100
541 12 13 h 100
1044 12 14 l 100
1044 12 14 h 100
1545 12 15 l 100
shutdown 12 15 h
1339 12 16 l 100
1339 12 16 h 100
402 13 0 l 100
404 13 0 h 100
1537 13 1 l 100
1537 13 1 h 100
1038 13 2 l 100
1038 13 2 h 100
534 13 3 l 100
534 13 3 h 100
37 13 4 l 100
37 13 4 h 100
1193 13 5 l 100
1190 13 5 h 100
681 13 6 l 100
679 13 6 h 100
169 13 7 l 100
170 13 7 h 100
1333 13 8 l 100
1334 13 8 h 100
816 13 9 l 100
816 13 9 h 100
312 13 10 l 100
313 13 10 h 100
1440 13 11 l 100
1441 13 11 h 100
924 13 12 l 100
924 13 12 h 100
throttle 13 14 l 0.058287
1554 13 14 l 100
1554 13 14 h 100
1058 13 15 l 100
1058 13 15 h 100
564 13 16 l 100
564 13 16 h 100
1329 14 0 l 100
shutdown 14 0 h
165 14 1 l 100
shutdown 14 1 h
308 14 2 l 100
308 14 2 h 100
813 14 3 l 100
shutdown 14 3 h
34 14 4 l 100
shutdown 14 4 h
531 14 5 l 100
shutdown 14 5 h
675 14 6 l 100
shutdown 14 6 h
1185 14 7 l 100
shutdown 14 7 h
782 14 8 l 100
782 14 8 h 100
908 14 9 l 100
908 14 9 h 100
1032 14 10 l 100
1032 14 10 h 100
1530 14 11 l 100
1530 14 11 h 100
792 14 12 l 100
792 14 12 h 100
1302 14 13 l 100
1302 14 13 h 100
279 14 15 l 100
shutdown 14 15 h
319 14 16 l 100
319 14 16 h 100
558 15 0 l 100
558 15 0 h 100
48 15 1 l 100
48 15 1 h 100
1549 15 2 l 100
1550 15 2 h 100
1052 15 3 l 100
1052 15 3 h 100
181 15 4 l 100
182 15 4 h 100
1352 15 5 l 100
1352 15 5 h 100
1200 15 6 l 100
1200 15 6 h 100
690 15 7 l 100
690 15 7 h 100
1219 15 8 l 100
1219 15 8 h 100
806 15 9 l 100
806 15 9 h 100
667 15 10 l 100
667 15 10 h 100
158 15 11 l 100
158 15 11 h 100
922 15 12 l 100
shutdown 15 12 h
424 15 13 l 100
422 15 13 h 100
throttle 15 14 l 0.100000
305 15 14 l 100
shutdown 15 14 h
756 15 16 l 100
756 15 16 h 100
1584 16 0 l 100
1584 16 0 h 100
288 16 1 l 100
288 16 1 h 100
1298 16 2 l 100
1296 16 2 h 100
114 16 3 l 100
114 16 3 h 100
554 16 4 l 100
552 16 4 h 100
294 16 5 l 100
294 16 5 h 100
23 16 6 l 100
18 16 6 h 100
1422 16 7 l 100
1422 16 7 h 100
1272 16 8 l 100
1272 16 8 h 100
1002 16 9 l 100
1002 16 9 h 100
1020 16 10 l 100
1020 16 10 h 100
1479 16 11 l 100
1476 16 11 h 100
1446 16 12 l 100
1447 16 12 h 100
480 16 13 l 100
480 16 13 h 100
478 16 14 l 100
475 16 14 h 100
1596 16 15 l 100
1596 16 15 h 100
