tunnel_num s t prio weight
throttle 0 1 l 0.400000
326 0 1 l 100
326 0 1 h 100
throttle 0 2 l 0.400000
822 0 2 l 100
822 0 2 h 100
throttle 0 3 l 0.468228
1344 0 3 l 100
1344 0 3 h 100
throttle 0 4 l 0.400000
177 0 4 l 100
174 0 4 h 100
throttle 0 5 l 0.400000
688 0 5 l 100
685 0 5 h 100
throttle 0 6 l 0.400000
1197 0 6 l 100
1196 0 6 h 100
throttle 0 7 l 0.479316
45 0 7 l 100
44 0 7 h 100
throttle 0 8 l 0.400000
704 0 8 l 100
704 0 8 h 100
throttle 0 9 l 0.400000
1212 0 9 l 100
1212 0 9 h 100
throttle 0 10 l 0.500000
60 0 10 l 100
60 0 10 h 100
throttle 0 11 l 0.500000
576 0 11 l 100
578 0 11 h 100
throttle 0 12 l 0.400000
1068 0 12 l 100
1069 0 12 h 100
throttle 0 13 l 0.400000
1564 0 13 l 100
1560 0 13 h 100
throttle 0 14 l 0.500000
427 0 14 l 36
429 0 14 l 63
427 0 14 h 100
throttle 0 15 l 0.400000
932 0 15 l 100
932 0 15 h 100
throttle 0 16 l 0.400000
1318 0 16 l 100
1314 0 16 h 100
698 1 0 l 100
698 1 0 h 100
1363 1 2 l 100
1364 1 2 h 100
839 1 3 l 100
835 1 3 h 100
1063 1 4 l 100
1064 1 4 h 100
570 1 5 l 100
572 1 5 h 100
57 1 6 l 100
54 1 6 h 100
throttle 1 7 l 0.300000
1206 1 7 l 100
1206 1 7 h 100
1579 1 8 l 100
1580 1 8 h 100
1086 1 9 l 100
1088 1 9 h 100
588 1 10 l 100
590 1 10 h 100
79 1 11 l 100
80 1 11 h 100
336 1 12 l 100
337 1 12 h 100
1464 1 13 l 100
1465 1 13 h 100
942 1 14 l 100
944 1 14 h 100
444 1 15 l 100
445 1 15 h 100
546 1 16 l 100
548 1 16 h 100
1572 2 0 l 100
1572 2 0 h 100
439 2 1 l 100
439 2 1 h 100
1080 2 3 l 100
1080 2 3 h 100
1230 2 4 l 100
1230 2 4 h 100
72 2 5 l 100
74 2 5 h 100
208 2 6 l 100
205 2 6 h 100
throttle 2 7 l 0.300000
721 2 7 l 100
721 2 7 h 100
858 2 8 l 100
860 2 8 h 100
1380 2 9 l 100
1382 2 9 h 100
1492 2 10 l 100
1488 2 10 h 100
361 2 11 l 100
360 2 11 h 100
464 2 12 l 100
463 2 12 h 100
960 2 13 l 100
961 2 13 h 100
1109 2 14 l 100
1104 2 14 h 100
1602 2 15 l 100
1604 2 15 h 100
1452 2 16 l 100
1454 2 16 h 100
852 3 0 l 100
852 3 0 h 100
throttle 3 1 l 0.400000
355 3 1 l 100
355 3 1 h 100
throttle 3 2 l 0.400000
198 3 2 l 100
198 3 2 h 100
throttle 3 4 l 0.400000
1224 3 4 l 100
1224 3 4 h 100
throttle 3 5 l 0.400000
714 3 5 l 100
714 3 5 h 100
throttle 3 6 l 0.400000
583 3 6 l 100
583 3 6 h 100
throttle 3 7 l 0.400000
69 3 7 l 100
67 3 7 h 100
throttle 3 8 l 0.400000
1566 3 8 l 100
1568 3 8 h 100
throttle 3 9 l 0.400000
1074 3 9 l 100
1074 3 9 h 100
throttle 3 10 l 0.400000
936 3 10 l 100
936 3 10 h 100
throttle 3 11 l 0.400000
432 3 11 l 100
433 3 11 h 100
throttle 3 12 l 0.400000
330 3 12 l 100
331 3 12 h 100
throttle 3 13 l 0.400000
1458 3 13 l 100
1459 3 13 h 100
throttle 3 14 l 0.400000
1356 3 14 l 100
1356 3 14 h 100
throttle 3 15 l 0.400000
828 3 15 l 100
828 3 15 h 100
throttle 3 16 l 0.400000
978 3 16 l 100
978 3 16 h 100
96 4 0 l 100
96 4 0 h 100
601 4 1 l 100
602 4 1 h 100
1098 4 2 l 100
1098 4 2 h 100
1590 4 3 l 100
1590 4 3 h 100
230 4 5 l 100
230 4 5 h 100
746 4 6 l 100
746 4 6 h 100
throttle 4 7 l 0.400000
1257 4 7 l 100
1255 4 7 h 100
846 4 8 l 100
846 4 8 h 100
1374 4 9 l 100
1376 4 9 h 100
192 4 10 l 38
195 4 10 l 61
193 4 10 h 100
708 4 11 l 100
708 4 11 h 100
456 4 12 l 100
456 4 12 h 100
957 4 13 l 100
955 4 13 h 100
1482 4 14 l 100
1482 4 14 h 100
348 4 15 l 100
350 4 15 h 100
255 4 16 l 100
254 4 16 h 100
976 5 0 l 100
973 5 0 h 100
486 5 1 l 100
486 5 1 h 100
1616 5 2 l 100
1616 5 2 h 100
1127 5 3 l 100
1122 5 3 h 100
624 5 4 l 100
626 5 4 h 100
1281 5 6 l 100
1278 5 6 h 100
throttle 5 7 l 0.300000
771 5 7 l 100
768 5 7 h 100
90 5 8 l 100
92 5 8 h 100
1249 5 9 l 100
1249 5 9 h 100
739 5 10 l 100
739 5 10 h 100
225 5 11 l 100
223 5 11 h 100
1399 5 12 l 100
1399 5 12 h 100
877 5 13 l 100
876 5 13 h 100
366 5 14 l 100
367 5 14 h 100
1500 5 15 l 100
1501 5 15 h 100
1152 5 16 l 100
1153 5 16 h 100
248 6 0 l 100
248 6 0 h 100
762 6 1 l 100
762 6 1 h 100
889 6 2 l 100
890 6 2 h 100
1411 6 3 l 100
1411 6 3 h 100
619 6 4 l 100
620 6 4 h 100
1116 6 5 l 100
1118 6 5 h 100
throttle 6 7 l 0.300000
120 6 7 l 100
120 6 7 h 100
1147 6 8 l 100
1148 6 8 h 100
6 6 9 l 100
8 6 9 h 100
144 6 10 l 100
146 6 10 h 100
649 6 11 l 100
650 6 11 h 100
1512 6 12 l 100
1513 6 12 h 100
378 6 13 l 100
379 6 13 h 100
504 6 14 l 100
506 6 14 h 100
996 6 15 l 100
997 6 15 h 100
396 6 16 l 100
398 6 16 h 100
1142 7 0 l 100
1142 7 0 h 100
642 7 1 l 100
642 7 1 h 100
499 7 2 l 100
499 7 2 h 100
3 7 3 l 100
1 7 3 h 100
790 7 4 l 100
787 7 4 h 100
273 7 5 l 100
270 7 5 h 100
138 7 6 l 100
138 7 6 h 100
391 7 8 l 100
391 7 8 h 100
1524 7 9 l 100
1524 7 9 h 100
1431 7 10 l 100
1428 7 10 h 100
903 7 11 l 100
901 7 11 h 100
24 7 12 l 100
24 7 12 h 100
1180 7 13 l 100
1177 7 13 h 100
1030 7 14 l 100
1026 7 14 h 100
522 7 15 l 100
523 7 15 h 100
1323 7 16 l 100
1320 7 16 h 100
870 8 0 l 100
870 8 0 h 100
1395 8 1 l 100
1393 8 1 h 100
216 8 2 l 100
216 8 2 h 100
732 8 3 l 100
732 8 3 h 52
734 8 3 h 47
1243 8 4 l 100
1242 8 4 h 100
87 8 5 l 100
84 8 5 h 100
598 8 6 l 100
595 8 6 h 100
throttle 8 7 l 0.300000
1095 8 7 l 100
1094 8 7 h 100
450 8 9 l 100
450 8 9 h 100
948 8 10 l 100
949 8 10 h 100
1470 8 11 l 100
1470 8 11 h 100
342 8 12 l 100
342 8 12 h 100
842 8 13 l 100
840 8 13 h 100
1368 8 14 l 100
1370 8 14 h 100
186 8 15 l 100
188 8 15 h 100
993 8 16 l 100
990 8 16 h 100
108 9 0 l 100
108 9 0 h 100
1266 9 1 l 100
1268 9 1 h 100
750 9 2 l 100
750 9 2 h 100
240 9 3 l 60
243 9 3 l 39
240 9 3 h 100
473 9 4 l 100
468 9 4 h 100
1609 9 5 l 100
1609 9 5 h 100
1112 9 6 l 100
1112 9 6 h 100
throttle 9 7 l 0.300000
615 9 7 l 100
612 9 7 h 100
864 9 8 l 100
866 9 8 h 100
1496 9 10 l 100
1496 9 10 h 100
966 9 11 l 100
967 9 11 h 100
1237 9 12 l 100
1237 9 12 h 100
726 9 13 l 100
726 9 13 h 100
211 9 14 l 100
211 9 14 h 100
1386 9 15 l 100
1387 9 15 h 100
264 9 16 l 100
266 9 16 h 100
984 10 0 l 100
984 10 0 h 100
1511 10 1 l 100
1508 10 1 h 100
1626 10 2 l 100
1627 10 2 h 100
493 10 3 l 100
492 10 3 h 100
636 10 4 l 100
637 10 4 h 100
1138 10 5 l 100
1135 10 5 h 100
1295 10 6 l 100
1292 10 6 h 100
throttle 10 7 l 0.300000
132 10 7 l 53
135 10 7 l 46
132 10 7 h 100
102 10 8 l 100
103 10 8 h 100
606 10 9 l 100
607 10 9 h 100
1260 10 11 l 100
1260 10 11 h 100
1404 10 12 l 100
1404 10 12 h 100
235 10 13 l 100
235 10 13 h 100
374 10 14 l 100
372 10 14 h 100
882 10 15 l 100
882 10 15 h 100
1170 10 16 l 100
1171 10 16 h 100
258 11 0 l 100
260 11 0 h 100
1417 11 1 l 100
1418 11 1 h 100
1284 11 2 l 100
1284 11 2 h 100
774 11 3 l 100
775 11 3 h 100
630 11 4 l 100
631 11 4 h 100
126 11 5 l 100
127 11 5 h 100
1621 11 6 l 100
1622 11 6 h 100
throttle 11 7 l 0.300000
1129 11 7 l 100
1129 11 7 h 100
1164 11 8 l 100
1164 11 8 h 100
660 11 9 l 100
660 11 9 h 100
516 11 10 l 100
516 11 10 h 100
1518 11 12 l 100
1518 11 12 h 100
1014 11 13 l 100
1014 11 13 h 100
897 11 14 l 100
895 11 14 h 100
384 11 15 l 100
385 11 15 h 100
414 11 16 l 100
414 11 16 h 100
1163 12 0 l 100
1158 12 0 h 100
15 12 1 l 100
13 12 1 h 100
513 12 2 l 100
511 12 2 h 100
1011 12 3 l 100
1008 12 3 h 0
1009 12 3 h 99
798 12 4 l 100
798 12 4 h 100
1308 12 5 l 100
1309 12 5 h 100
154 12 6 l 100
151 12 6 h 100
throttle 12 7 l 0.317959
654 12 7 l 18
655 12 7 l 61
658 12 7 l 19
655 12 7 h 100
408 12 8 l 100
408 12 8 h 100
914 12 9 l 33
916 12 9 l 66
913 12 9 h 100
1434 12 10 l 100
1434 12 10 h 100
285 12 11 l 100
282 12 11 h 100
541 12 13 l 100
541 12 13 h 100
1047 12 14 l 100
1044 12 14 h 69
1045 12 14 h 30
1542 12 15 l 100
1542 12 15 h 100
1339 12 16 l 100
1339 12 16 h 100
402 13 0 l 100
402 13 0 h 100
1536 13 1 l 100
1537 13 1 h 100
1038 13 2 l 100
1038 13 2 h 100
534 13 3 l 100
534 13 3 h 100
36 13 4 l 100
37 13 4 h 100
1192 13 5 l 100
1188 13 5 h 100
683 13 6 l 100
679 13 6 h 100
throttle 13 7 l 0.300000
172 13 7 l 100
169 13 7 h 100
1332 13 8 l 100
1332 13 8 h 100
816 13 9 l 100
816 13 9 h 100
312 13 10 l 100
312 13 10 h 100
1440 13 11 l 100
1441 13 11 h 100
928 13 12 l 100
924 13 12 h 100
1554 13 14 l 100
1554 13 14 h 100
1056 13 15 l 100
1056 13 15 h 100
564 13 16 l 100
564 13 16 h 100
1329 14 0 l 100
1327 14 0 h 100
162 14 1 l 100
164 14 1 h 100
311 14 2 l 100
308 14 2 h 100
810 14 3 l 100
810 14 3 h 100
34 14 4 l 100
30 14 4 h 100
529 14 5 l 100
529 14 5 h 100
677 14 6 l 100
674 14 6 h 100
throttle 14 7 l 0.300000
1186 14 7 l 100
1182 14 7 h 100
780 14 8 l 100
782 14 8 h 100
906 14 9 l 100
907 14 9 h 100
1032 14 10 l 100
1034 14 10 h 100
1530 14 11 l 100
1531 14 11 h 100
792 14 12 l 100
793 14 12 h 100
1305 14 13 l 100
1303 14 13 h 100
276 14 15 l 100
277 14 15 h 100
322 14 16 l 100
318 14 16 h 100
562 15 0 l 100
560 15 0 h 100
48 15 1 l 100
49 15 1 h 100
1552 15 2 l 100
1550 15 2 h 100
1053 15 3 l 100
1050 15 3 h 100
185 15 4 l 100
182 15 4 h 100
1353 15 5 l 100
1351 15 5 h 100
1200 15 6 l 100
1201 15 6 h 100
throttle 15 7 l 0.300000
690 15 7 l 100
691 15 7 h 100
1218 15 8 l 100
1220 15 8 h 100
809 15 9 l 100
805 15 9 h 100
666 15 10 l 100
666 15 10 h 100
156 15 11 l 100
157 15 11 h 100
922 15 12 l 100
918 15 12 h 100
420 15 13 l 100
420 15 13 h 100
300 15 14 l 100
301 15 14 h 100
757 15 16 l 100
756 15 16 h 100
1584 16 0 l 100
1584 16 0 h 100
288 16 1 l 100
288 16 1 h 100
1296 16 2 l 100
1298 16 2 h 100
114 16 3 l 100
114 16 3 h 100
552 16 4 l 100
554 16 4 h 100
294 16 5 l 100
295 16 5 h 100
18 16 6 l 100
18 16 6 h 100
throttle 16 7 l 0.300000
1425 16 7 l 100
1422 16 7 h 100
1272 16 8 l 100
1274 16 8 h 100
1006 16 9 l 100
1004 16 9 h 100
1020 16 10 l 100
1020 16 10 h 100
1476 16 11 l 100
1476 16 11 h 100
1446 16 12 l 100
1446 16 12 h 100
480 16 13 l 100
481 16 13 h 100
474 16 14 l 100
474 16 14 h 100
1596 16 15 l 100
1596 16 15 h 100
