tunnel_num s t prio weight
328 0 1 l 100
324 0 1 h 100
822 0 2 l 100
823 0 2 h 100
1344 0 3 l 100
1345 0 3 h 100
179 0 4 l 100
174 0 4 h 100
684 0 5 l 100
684 0 5 h 100
1198 0 6 l 100
1194 0 6 h 100
42 0 7 l 100
42 0 7 h 100
703 0 8 l 100
702 0 8 h 100
1214 0 9 l 100
1212 0 9 h 100
61 0 10 l 100
60 0 10 h 100
578 0 11 l 100
576 0 11 h 100
1068 0 12 l 100
1068 0 12 h 52
1070 0 12 h 47
1560 0 13 l 100
1562 0 13 h 100
426 0 14 l 75
429 0 14 l 24
426 0 14 h 100
931 0 15 l 100
931 0 15 h 100
1314 0 16 l 100
1314 0 16 h 100
696 1 0 l 100
697 1 0 h 100
1362 1 2 l 100
1364 1 2 h 100
834 1 3 l 100
836 1 3 h 100
1062 1 4 l 100
1064 1 4 h 100
574 1 5 l 100
570 1 5 h 100
58 1 6 l 100
56 1 6 h 100
1206 1 7 l 100
1208 1 7 h 100
1578 1 8 l 100
1580 1 8 h 100
1086 1 9 l 100
1086 1 9 h 100
588 1 10 l 100
589 1 10 h 100
78 1 11 l 100
80 1 11 h 100
336 1 12 l 100
336 1 12 h 100
1464 1 13 l 100
1465 1 13 h 100
942 1 14 l 100
942 1 14 h 100
445 1 15 l 100
445 1 15 h 100
546 1 16 l 100
547 1 16 h 100
1572 2 0 l 100
1573 2 0 h 100
440 2 1 l 100
440 2 1 h 100
1080 2 3 l 100
1080 2 3 h 100
1231 2 4 l 100
1231 2 4 h 100
73 2 5 l 100
74 2 5 h 100
204 2 6 l 100
206 2 6 h 100
720 2 7 l 100
720 2 7 h 100
858 2 8 l 100
858 2 8 h 100
1380 2 9 l 100
1381 2 9 h 100
1489 2 10 l 100
1488 2 10 h 100
361 2 11 l 100
360 2 11 h 100
462 2 12 l 100
463 2 12 h 100
960 2 13 l 100
960 2 13 h 100
1109 2 14 l 100
1106 2 14 h 100
1606 2 15 l 100
shutdown 2 15 h
1452 2 16 l 100
1453 2 16 h 100
852 3 0 l 100
853 3 0 h 100
354 3 1 l 100
356 3 1 h 100
198 3 2 l 100
199 3 2 h 100
1224 3 4 l 100
1224 3 4 h 100
715 3 5 l 100
716 3 5 h 100
582 3 6 l 100
584 3 6 h 100
68 3 7 l 100
68 3 7 h 100
1566 3 8 l 100
1566 3 8 h 100
1074 3 9 l 100
1074 3 9 h 100
936 3 10 l 100
936 3 10 h 100
432 3 11 l 100
432 3 11 h 100
330 3 12 l 100
330 3 12 h 100
1458 3 13 l 100
1460 3 13 h 100
1359 3 14 l 100
1357 3 14 h 100
831 3 15 l 100
shutdown 3 15 h
982 3 16 l 100
978 3 16 h 100
96 4 0 l 100
97 4 0 h 100
603 4 1 l 100
602 4 1 h 100
1098 4 2 l 100
1098 4 2 h 100
1591 4 3 l 34
1592 4 3 l 65
1590 4 3 h 100
229 4 5 l 100
230 4 5 h 100
744 4 6 l 100
744 4 6 h 100
1254 4 7 l 100
1256 4 7 h 100
846 4 8 l 100
848 4 8 h 100
1374 4 9 l 100
1375 4 9 h 100
193 4 10 l 100
192 4 10 h 100
708 4 11 l 100
708 4 11 h 100
456 4 12 l 100
458 4 12 h 100
957 4 13 l 63
958 4 13 l 36
956 4 13 h 100
1486 4 14 l 100
1483 4 14 h 100
351 4 15 l 100
shutdown 4 15 h
255 4 16 l 100
253 4 16 h 100
976 5 0 l 100
974 5 0 h 100
486 5 1 l 100
486 5 1 h 100
1618 5 2 l 100
1616 5 2 h 100
1124 5 3 l 100
1124 5 3 h 100
627 5 4 l 100
626 5 4 h 100
1282 5 6 l 100
1278 5 6 h 100
772 5 7 l 37
773 5 7 l 62
768 5 7 h 100
91 5 8 l 100
92 5 8 h 100
1249 5 9 l 100
1249 5 9 h 100
739 5 10 l 100
740 5 10 h 100
225 5 11 l 100
224 5 11 h 100
1398 5 12 l 100
1399 5 12 h 100
876 5 13 l 100
877 5 13 h 100
366 5 14 l 100
366 5 14 h 100
1503 5 15 l 100
1500 5 15 h 100
1152 5 16 l 100
1152 5 16 h 100
246 6 0 l 100
247 6 0 h 100
762 6 1 l 100
764 6 1 h 100
888 6 2 l 100
890 6 2 h 100
1410 6 3 l 100
1412 6 3 h 100
618 6 4 l 100
620 6 4 h 100
1116 6 5 l 100
1116 6 5 h 100
120 6 7 l 100
121 6 7 h 100
1146 6 8 l 100
1148 6 8 h 100
6 6 9 l 100
7 6 9 h 100
144 6 10 l 100
145 6 10 h 100
648 6 11 l 100
650 6 11 h 100
1512 6 12 l 100
1512 6 12 h 100
378 6 13 l 100
379 6 13 h 100
504 6 14 l 100
504 6 14 h 100
997 6 15 l 100
997 6 15 h 100
396 6 16 l 100
397 6 16 h 100
1140 7 0 l 100
1141 7 0 h 100
642 7 1 l 100
644 7 1 h 100
500 7 2 l 100
500 7 2 h 100
4 7 3 l 100
2 7 3 h 100
786 7 4 l 52
790 7 4 l 47
788 7 4 h 100
270 7 5 l 100
270 7 5 h 100
138 7 6 l 100
139 7 6 h 100
390 7 8 l 100
392 7 8 h 100
1524 7 9 l 100
1526 7 9 h 100
1428 7 10 l 100
1428 7 10 h 100
900 7 11 l 100
902 7 11 h 100
24 7 12 l 100
24 7 12 h 100
1177 7 13 l 100
1176 7 13 h 100
1029 7 14 l 54
1031 7 14 l 45
1026 7 14 h 100
523 7 15 l 100
523 7 15 h 100
1320 7 16 l 100
1320 7 16 h 100
872 8 0 l 100
870 8 0 h 100
1395 8 1 l 100
1394 8 1 h 100
220 8 2 l 100
216 8 2 h 100
732 8 3 l 100
732 8 3 h 100
1242 8 4 l 100
1244 8 4 h 100
85 8 5 l 100
86 8 5 h 100
594 8 6 l 100
596 8 6 h 100
1092 8 7 l 100
1092 8 7 h 100
450 8 9 l 100
450 8 9 h 100
948 8 10 l 100
948 8 10 h 100
1470 8 11 l 100
1472 8 11 h 100
342 8 12 l 100
344 8 12 h 100
843 8 13 l 100
842 8 13 h 100
1370 8 14 l 100
1370 8 14 h 100
188 8 15 l 100
188 8 15 h 100
993 8 16 l 100
990 8 16 h 100
108 9 0 l 100
108 9 0 h 100
1266 9 1 l 100
1267 9 1 h 100
750 9 2 l 100
750 9 2 h 100
240 9 3 l 100
240 9 3 h 100
468 9 4 l 100
468 9 4 h 100
1609 9 5 l 100
1610 9 5 h 100
1111 9 6 l 81
1115 9 6 l 18
1111 9 6 h 100
614 9 7 l 100
614 9 7 h 100
867 9 8 l 100
864 9 8 h 100
1494 9 10 l 100
1494 9 10 h 100
966 9 11 l 100
967 9 11 h 100
1237 9 12 l 100
1237 9 12 h 100
726 9 13 l 100
728 9 13 h 100
211 9 14 l 100
212 9 14 h 100
1389 9 15 l 100
shutdown 9 15 h
264 9 16 l 100
265 9 16 h 100
985 10 0 l 100
984 10 0 h 100
1506 10 1 l 100
1507 10 1 h 100
1626 10 2 l 100
1627 10 2 h 100
492 10 3 l 100
493 10 3 h 100
636 10 4 l 100
636 10 4 h 100
1138 10 5 l 100
1136 10 5 h 100
1290 10 6 l 100
1291 10 6 h 100
132 10 7 l 90
134 10 7 l 9
134 10 7 h 100
102 10 8 l 100
103 10 8 h 100
606 10 9 l 100
606 10 9 h 100
1264 10 11 l 100
1260 10 11 h 100
1404 10 12 l 100
1405 10 12 h 100
235 10 13 l 100
235 10 13 h 100
375 10 14 l 100
374 10 14 h 100
882 10 15 l 100
882 10 15 h 100
1170 10 16 l 100
1170 10 16 h 100
258 11 0 l 100
258 11 0 h 100
1416 11 1 l 100
1418 11 1 h 100
1289 11 2 l 100
1284 11 2 h 100
774 11 3 l 100
774 11 3 h 100
630 11 4 l 100
632 11 4 h 100
127 11 5 l 100
128 11 5 h 100
1620 11 6 l 100
1622 11 6 h 100
1129 11 7 l 100
1128 11 7 h 100
1164 11 8 l 100
1166 11 8 h 100
660 11 9 l 100
660 11 9 h 100
516 11 10 l 100
516 11 10 h 100
1518 11 12 l 100
1519 11 12 h 100
1014 11 13 l 100
1015 11 13 h 100
897 11 14 l 100
896 11 14 h 100
384 11 15 l 100
384 11 15 h 100
414 11 16 l 100
414 11 16 h 100
1158 12 0 l 100
1159 12 0 h 100
15 12 1 l 100
12 12 1 h 100
513 12 2 l 100
511 12 2 h 100
1008 12 3 l 100
1009 12 3 h 100
801 12 4 l 100
800 12 4 h 100
1309 12 5 l 100
1309 12 5 h 100
152 12 6 l 100
152 12 6 h 100
654 12 7 l 39
656 12 7 l 2
659 12 7 l 58
655 12 7 h 100
408 12 8 l 100
410 12 8 h 100
913 12 9 l 100
912 12 9 h 100
1434 12 10 l 100
1435 12 10 h 100
282 12 11 l 100
282 12 11 h 100
541 12 13 l 100
541 12 13 h 100
1044 12 14 l 100
1044 12 14 h 14
1045 12 14 h 85
1542 12 15 l 100
1542 12 15 h 100
1338 12 16 l 100
1340 12 16 h 100
402 13 0 l 100
402 13 0 h 100
1536 13 1 l 100
1537 13 1 h 100
1038 13 2 l 100
1038 13 2 h 100
538 13 3 l 100
536 13 3 h 43
534 13 3 h 56
37 13 4 l 100
37 13 4 h 36
38 13 4 h 63
1188 13 5 l 100
1189 13 5 h 100
678 13 6 l 100
679 13 6 h 100
169 13 7 l 100
169 13 7 h 100
1333 13 8 l 100
1334 13 8 h 100
816 13 9 l 100
818 13 9 h 100
312 13 10 l 100
313 13 10 h 100
1440 13 11 l 100
1440 13 11 h 100
924 13 12 l 100
925 13 12 h 100
1554 13 14 l 100
1554 13 14 h 100
1056 13 15 l 100
1056 13 15 h 100
564 13 16 l 100
565 13 16 h 100
1329 14 0 l 100
1326 14 0 h 100
162 14 1 l 100
162 14 1 h 100
311 14 2 l 100
308 14 2 h 100
811 14 3 l 100
811 14 3 h 100
33 14 4 l 100
31 14 4 h 100
528 14 5 l 100
528 14 5 h 100
672 14 6 l 100
672 14 6 h 100
1187 14 7 l 100
1182 14 7 h 100
781 14 8 l 100
782 14 8 h 100
907 14 9 l 100
908 14 9 h 100
1032 14 10 l 100
1034 14 10 h 100
1532 14 11 l 100
1532 14 11 h 100
792 14 12 l 100
793 14 12 h 100
1302 14 13 l 100
1303 14 13 h 100
276 14 15 l 100
276 14 15 h 100
319 14 16 l 100
319 14 16 h 100
562 15 0 l 100
559 15 0 h 100
49 15 1 l 100
49 15 1 h 100
1552 15 2 l 100
shutdown 15 2 h
1053 15 3 l 100
shutdown 15 3 h
185 15 4 l 100
shutdown 15 4 h
1350 15 5 l 100
1350 15 5 h 100
1201 15 6 l 100
1201 15 6 h 100
691 15 7 l 100
691 15 7 h 100
1220 15 8 l 100
1220 15 8 h 100
809 15 9 l 100
shutdown 15 9 h
670 15 10 l 100
666 15 10 h 100
156 15 11 l 100
156 15 11 h 100
918 15 12 l 100
918 15 12 h 100
420 15 13 l 100
420 15 13 h 100
300 15 14 l 100
300 15 14 h 100
757 15 16 l 100
758 15 16 h 100
1584 16 0 l 100
1584 16 0 h 100
288 16 1 l 100
288 16 1 h 100
1296 16 2 l 100
1297 16 2 h 100
114 16 3 l 100
114 16 3 h 100
557 16 4 l 100
553 16 4 h 100
294 16 5 l 100
294 16 5 h 100
18 16 6 l 100
19 16 6 h 100
1422 16 7 l 100
1422 16 7 h 100
1275 16 8 l 100
1273 16 8 h 100
1002 16 9 l 100
1003 16 9 h 100
1020 16 10 l 100
1020 16 10 h 100
1476 16 11 l 100
1476 16 11 h 100
1446 16 12 l 100
1446 16 12 h 100
480 16 13 l 100
481 16 13 h 100
474 16 14 l 100
475 16 14 h 100
1597 16 15 l 100
1598 16 15 h 100
