tunnel_num s t prio weight
throttle 0 1 l 0.500000
324 0 1 l 100
324 0 1 h 100
throttle 0 2 l 0.437455
825 0 2 l 100
824 0 2 h 100
1344 0 3 l 100
1344 0 3 h 100
throttle 0 4 l 0.500000
175 0 4 l 100
176 0 4 h 100
throttle 0 5 l 0.500000
684 0 5 l 100
684 0 5 h 100
throttle 0 6 l 0.500000
1194 0 6 l 100
1194 0 6 h 100
throttle 0 7 l 0.316079
42 0 7 l 100
42 0 7 h 100
throttle 0 8 l 0.400000
706 0 8 l 100
703 0 8 h 100
throttle 0 9 l 0.500000
1213 0 9 l 100
1214 0 9 h 100
throttle 0 10 l 0.500000
64 0 10 l 100
62 0 10 h 100
throttle 0 11 l 0.500000
579 0 11 l 100
577 0 11 h 100
throttle 0 12 l 0.500000
1070 0 12 l 100
1070 0 12 h 100
throttle 0 13 l 0.500000
1561 0 13 l 100
1562 0 13 h 100
throttle 0 14 l 0.500000
428 0 14 l 100
428 0 14 h 100
throttle 0 15 l 0.500000
930 0 15 l 100
931 0 15 h 100
throttle 0 16 l 0.500000
1317 0 16 l 100
1315 0 16 h 100
throttle 1 0 l 0.800000
696 1 0 l 100
696 1 0 h 100
1362 1 2 l 100
1362 1 2 h 100
throttle 1 3 l 0.700000
836 1 3 l 100
836 1 3 h 100
1062 1 4 l 100
1062 1 4 h 100
570 1 5 l 100
570 1 5 h 100
54 1 6 l 100
54 1 6 h 100
throttle 1 7 l 0.700000
1206 1 7 l 100
1207 1 7 h 100
1578 1 8 l 100
1578 1 8 h 100
1086 1 9 l 100
1086 1 9 h 100
588 1 10 l 100
588 1 10 h 100
78 1 11 l 100
78 1 11 h 100
336 1 12 l 100
338 1 12 h 100
1464 1 13 l 100
1466 1 13 h 100
946 1 14 l 100
942 1 14 h 100
444 1 15 l 100
444 1 15 h 100
546 1 16 l 100
546 1 16 h 100
throttle 2 0 l 0.700000
1573 2 0 l 100
1574 2 0 h 100
438 2 1 l 100
438 2 1 h 100
throttle 2 3 l 0.700000
1081 2 3 l 100
1082 2 3 h 100
1230 2 4 l 100
1232 2 4 h 100
72 2 5 l 100
72 2 5 h 100
208 2 6 l 100
204 2 6 h 100
throttle 2 7 l 0.800000
720 2 7 l 100
721 2 7 h 100
858 2 8 l 100
858 2 8 h 100
1380 2 9 l 100
1380 2 9 h 100
1488 2 10 l 100
1488 2 10 h 100
362 2 11 l 100
360 2 11 h 100
462 2 12 l 100
462 2 12 h 100
960 2 13 l 100
960 2 13 h 100
1104 2 14 l 100
1106 2 14 h 100
1602 2 15 l 100
1602 2 15 h 100
1452 2 16 l 100
1452 2 16 h 100
852 3 0 l 100
852 3 0 h 100
throttle 3 1 l 0.500000
358 3 1 l 100
356 3 1 h 100
throttle 3 2 l 0.500000
199 3 2 l 100
200 3 2 h 100
throttle 3 4 l 0.500000
1225 3 4 l 100
1225 3 4 h 100
throttle 3 5 l 0.500000
718 3 5 l 100
716 3 5 h 100
throttle 3 6 l 0.500000
584 3 6 l 100
584 3 6 h 100
throttle 3 7 l 0.400000
68 3 7 l 100
68 3 7 h 100
throttle 3 8 l 0.500000
1567 3 8 l 100
1567 3 8 h 100
throttle 3 9 l 0.500000
1078 3 9 l 100
1076 3 9 h 100
throttle 3 10 l 0.500000
940 3 10 l 100
938 3 10 h 100
throttle 3 11 l 0.500000
436 3 11 l 100
434 3 11 h 100
throttle 3 12 l 0.500000
334 3 12 l 100
332 3 12 h 100
throttle 3 13 l 0.500000
1462 3 13 l 100
1460 3 13 h 100
throttle 3 14 l 0.500000
1360 3 14 l 100
1358 3 14 h 100
throttle 3 15 l 0.500000
832 3 15 l 100
830 3 15 h 100
throttle 3 16 l 0.500000
983 3 16 l 100
980 3 16 h 100
throttle 4 0 l 0.700000
100 4 0 l 100
98 4 0 h 100
601 4 1 l 100
602 4 1 h 100
1098 4 2 l 100
1100 4 2 h 100
throttle 4 3 l 0.700000
1593 4 3 l 100
1591 4 3 h 100
230 4 5 l 100
230 4 5 h 100
749 4 6 l 100
745 4 6 h 100
throttle 4 7 l 0.700000
1258 4 7 l 100
1255 4 7 h 100
850 4 8 l 100
846 4 8 h 100
1379 4 9 l 100
1374 4 9 h 100
192 4 10 l 100
192 4 10 h 100
708 4 11 l 100
708 4 11 h 100
458 4 12 l 100
457 4 12 h 100
955 4 13 l 27
956 4 13 l 72
954 4 13 h 100
1485 4 14 l 100
1482 4 14 h 100
350 4 15 l 100
348 4 15 h 100
257 4 16 l 100
252 4 16 h 100
throttle 5 0 l 0.800000
972 5 0 l 100
972 5 0 h 100
486 5 1 l 100
486 5 1 h 100
1616 5 2 l 100
1614 5 2 h 100
throttle 5 3 l 0.700000
1126 5 3 l 100
1124 5 3 h 100
628 5 4 l 100
624 5 4 h 100
1282 5 6 l 100
1278 5 6 h 100
throttle 5 7 l 0.700000
773 5 7 l 100
769 5 7 h 100
90 5 8 l 100
90 5 8 h 100
1253 5 9 l 100
1248 5 9 h 100
738 5 10 l 100
740 5 10 h 100
226 5 11 l 100
222 5 11 h 100
1401 5 12 l 100
1399 5 12 h 100
877 5 13 l 100
876 5 13 h 100
367 5 14 l 100
368 5 14 h 100
1500 5 15 l 100
1500 5 15 h 100
1152 5 16 l 100
1152 5 16 h 100
throttle 6 0 l 0.700000
246 6 0 l 100
246 6 0 h 100
762 6 1 l 100
762 6 1 h 100
888 6 2 l 100
888 6 2 h 100
throttle 6 3 l 0.700000
1412 6 3 l 100
1412 6 3 h 100
618 6 4 l 100
618 6 4 h 100
1116 6 5 l 100
1116 6 5 h 100
throttle 6 7 l 0.700000
120 6 7 l 100
120 6 7 h 100
1146 6 8 l 100
1146 6 8 h 100
6 6 9 l 100
6 6 9 h 100
144 6 10 l 100
144 6 10 h 100
648 6 11 l 100
648 6 11 h 100
1515 6 12 l 100
1512 6 12 h 100
378 6 13 l 100
378 6 13 h 100
504 6 14 l 100
504 6 14 h 100
996 6 15 l 100
996 6 15 h 100
396 6 16 l 100
396 6 16 h 100
1140 7 0 l 100
1140 7 0 h 100
throttle 7 1 l 0.500000
642 7 1 l 100
643 7 1 h 100
throttle 7 2 l 0.400000
501 7 2 l 100
499 7 2 h 100
2 7 3 l 100
2 7 3 h 100
throttle 7 4 l 0.400000
790 7 4 l 100
787 7 4 h 100
throttle 7 5 l 0.500000
270 7 5 l 100
271 7 5 h 100
throttle 7 6 l 0.400000
138 7 6 l 100
138 7 6 h 100
throttle 7 8 l 0.500000
390 7 8 l 100
391 7 8 h 100
throttle 7 9 l 0.400000
1529 7 9 l 100
1525 7 9 h 100
throttle 7 10 l 0.500000
1428 7 10 l 100
1429 7 10 h 100
throttle 7 11 l 0.500000
900 7 11 l 100
901 7 11 h 100
throttle 7 12 l 0.500000
24 7 12 l 100
24 7 12 h 77
25 7 12 h 22
throttle 7 13 l 0.500000
1176 7 13 l 100
1177 7 13 h 100
throttle 7 14 l 0.500000
1030 7 14 l 100
1027 7 14 h 100
throttle 7 15 l 0.500000
522 7 15 l 100
523 7 15 h 100
throttle 7 16 l 0.500000
1320 7 16 l 100
1321 7 16 h 100
throttle 8 0 l 0.700000
871 8 0 l 100
872 8 0 h 100
1395 8 1 l 100
1392 8 1 h 100
220 8 2 l 100
216 8 2 h 100
throttle 8 3 l 0.800000
733 8 3 l 100
733 8 3 h 100
1242 8 4 l 100
1242 8 4 h 100
84 8 5 l 100
84 8 5 h 100
599 8 6 l 100
594 8 6 h 100
throttle 8 7 l 0.763651
1096 8 7 l 100
1094 8 7 h 100
450 8 9 l 100
450 8 9 h 100
948 8 10 l 100
948 8 10 h 100
1470 8 11 l 100
1472 8 11 h 100
342 8 12 l 100
344 8 12 h 100
840 8 13 l 100
840 8 13 h 100
1369 8 14 l 100
1369 8 14 h 100
186 8 15 l 100
186 8 15 h 100
990 8 16 l 100
990 8 16 h 100
throttle 9 0 l 0.700000
109 9 0 l 100
110 9 0 h 100
1266 9 1 l 100
1268 9 1 h 100
750 9 2 l 100
750 9 2 h 100
throttle 9 3 l 0.700000
244 9 3 l 100
242 9 3 h 100
468 9 4 l 100
470 9 4 h 100
1613 9 5 l 100
1608 9 5 h 100
1115 9 6 l 100
1110 9 6 h 100
throttle 9 7 l 0.700000
612 9 7 l 100
613 9 7 h 100
864 9 8 l 100
865 9 8 h 100
1494 9 10 l 100
1496 9 10 h 100
966 9 11 l 100
967 9 11 h 100
1241 9 12 l 100
1237 9 12 h 100
726 9 13 l 100
728 9 13 h 100
210 9 14 l 100
211 9 14 h 100
1386 9 15 l 100
1386 9 15 h 100
264 9 16 l 100
266 9 16 h 100
throttle 10 0 l 0.800000
986 10 0 l 100
986 10 0 h 100
1506 10 1 l 100
1506 10 1 h 100
1627 10 2 l 100
1628 10 2 h 100
throttle 10 3 l 0.700000
494 10 3 l 100
494 10 3 h 100
641 10 4 l 30
636 10 4 l 69
636 10 4 h 100
1135 10 5 l 100
1134 10 5 h 100
1295 10 6 l 100
1292 10 6 h 100
throttle 10 7 l 0.700000
137 10 7 l 100
132 10 7 h 100
104 10 8 l 100
102 10 8 h 100
609 10 9 l 91
611 10 9 l 8
608 10 9 h 100
1260 10 11 l 100
1262 10 11 h 100
1404 10 12 l 100
1406 10 12 h 100
235 10 13 l 100
236 10 13 h 100
374 10 14 l 57
376 10 14 l 42
372 10 14 h 100
882 10 15 l 100
882 10 15 h 100
1170 10 16 l 100
1172 10 16 h 100
throttle 11 0 l 0.700000
259 11 0 l 100
259 11 0 h 100
1416 11 1 l 100
1416 11 1 h 100
1284 11 2 l 100
1284 11 2 h 100
throttle 11 3 l 0.700000
778 11 3 l 100
776 11 3 h 100
630 11 4 l 100
630 11 4 h 100
126 11 5 l 100
126 11 5 h 100
1620 11 6 l 100
1620 11 6 h 100
throttle 11 7 l 0.800000
1128 11 7 l 100
1129 11 7 h 100
1164 11 8 l 100
1164 11 8 h 100
660 11 9 l 100
660 11 9 h 100
516 11 10 l 100
516 11 10 h 100
1518 11 12 l 100
1518 11 12 h 100
1014 11 13 l 100
1014 11 13 h 100
899 11 14 l 100
894 11 14 h 100
384 11 15 l 100
384 11 15 h 100
414 11 16 l 100
414 11 16 h 100
throttle 12 0 l 0.700000
1160 12 0 l 100
1160 12 0 h 100
15 12 1 l 100
13 12 1 h 100
513 12 2 l 47
515 12 2 l 52
511 12 2 h 100
throttle 12 3 l 0.700000
1010 12 3 l 100
1010 12 3 h 100
798 12 4 l 100
798 12 4 h 100
1312 12 5 l 100
1309 12 5 h 100
153 12 6 l 100
152 12 6 h 100
throttle 12 7 l 0.700000
658 12 7 l 100
654 12 7 h 100
411 12 8 l 100
408 12 8 h 100
913 12 9 l 100
913 12 9 h 100
1434 12 10 l 100
1436 12 10 h 100
286 12 11 l 100
282 12 11 h 100
541 12 13 l 61
543 12 13 l 38
540 12 13 h 100
1047 12 14 l 100
1044 12 14 h 100
1542 12 15 l 100
1542 12 15 h 100
1339 12 16 l 100
1339 12 16 h 100
throttle 13 0 l 0.700000
403 13 0 l 100
403 13 0 h 100
1536 13 1 l 100
1537 13 1 h 100
1038 13 2 l 100
1040 13 2 h 100
throttle 13 3 l 0.700000
536 13 3 l 100
536 13 3 h 100
36 13 4 l 100
37 13 4 h 100
1193 13 5 l 100
1188 13 5 h 100
683 13 6 l 100
679 13 6 h 100
throttle 13 7 l 0.700000
171 13 7 l 100
168 13 7 h 100
1332 13 8 l 100
1332 13 8 h 100
819 13 9 l 100
816 13 9 h 100
312 13 10 l 100
314 13 10 h 100
1440 13 11 l 100
1441 13 11 h 100
928 13 12 l 100
925 13 12 h 100
1554 13 14 l 100
1556 13 14 h 100
1056 13 15 l 100
1056 13 15 h 100
569 13 16 l 100
566 13 16 h 100
throttle 14 0 l 0.700000
1326 14 0 l 100
1328 14 0 h 100
162 14 1 l 100
162 14 1 h 100
306 14 2 l 100
307 14 2 h 100
throttle 14 3 l 0.800000
814 14 3 l 100
812 14 3 h 100
32 14 4 l 100
32 14 4 h 100
528 14 5 l 100
528 14 5 h 100
672 14 6 l 100
674 14 6 h 100
throttle 14 7 l 0.700000
1182 14 7 l 100
1183 14 7 h 100
780 14 8 l 100
780 14 8 h 100
906 14 9 l 100
907 14 9 h 100
1032 14 10 l 100
1034 14 10 h 100
1530 14 11 l 100
1532 14 11 h 100
795 14 12 l 100
793 14 12 h 100
1302 14 13 l 100
1304 14 13 h 100
276 14 15 l 100
276 14 15 h 100
322 14 16 l 100
318 14 16 h 100
throttle 15 0 l 0.700000
558 15 0 l 100
559 15 0 h 100
48 15 1 l 100
48 15 1 h 100
1552 15 2 l 100
1548 15 2 h 100
throttle 15 3 l 0.700000
1054 15 3 l 100
1052 15 3 h 100
180 15 4 l 100
180 15 4 h 100
1355 15 5 l 100
1350 15 5 h 100
1204 15 6 l 100
1200 15 6 h 100
throttle 15 7 l 0.700000
690 15 7 l 100
691 15 7 h 100
1218 15 8 l 100
1218 15 8 h 100
804 15 9 l 100
804 15 9 h 100
666 15 10 l 100
666 15 10 h 100
156 15 11 l 100
156 15 11 h 100
918 15 12 l 100
920 15 12 h 100
423 15 13 l 100
420 15 13 h 100
305 15 14 l 100
300 15 14 h 100
756 15 16 l 100
756 15 16 h 100
throttle 16 0 l 0.800000
1585 16 0 l 100
1585 16 0 h 100
288 16 1 l 100
288 16 1 h 100
1296 16 2 l 100
1296 16 2 h 100
throttle 16 3 l 0.700000
119 16 3 l 100
116 16 3 h 100
552 16 4 l 100
552 16 4 h 100
294 16 5 l 100
294 16 5 h 100
18 16 6 l 100
18 16 6 h 100
throttle 16 7 l 0.700000
1422 16 7 l 100
1423 16 7 h 100
1272 16 8 l 100
1272 16 8 h 100
1002 16 9 l 100
1002 16 9 h 100
1020 16 10 l 100
1020 16 10 h 100
1476 16 11 l 100
1476 16 11 h 100
1446 16 12 l 100
1448 16 12 h 100
480 16 13 l 100
480 16 13 h 100
477 16 14 l 100
474 16 14 h 100
1596 16 15 l 100
1596 16 15 h 100
