tunnel_num s t prio weight
throttle 0 1 l 0.400000
325 0 1 l 100
326 0 1 h 100
throttle 0 2 l 0.400000
822 0 2 l 100
822 0 2 h 100
throttle 0 3 l 0.468228
1344 0 3 l 100
1344 0 3 h 100
throttle 0 4 l 0.400000
174 0 4 l 100
174 0 4 h 100
throttle 0 5 l 0.400000
685 0 5 l 100
686 0 5 h 100
throttle 0 6 l 0.500000
1197 0 6 l 100
1195 0 6 h 100
throttle 0 7 l 0.468858
44 0 7 l 31
45 0 7 l 68
43 0 7 h 100
throttle 0 8 l 0.400000
707 0 8 l 100
702 0 8 h 100
throttle 0 9 l 0.400000
1212 0 9 l 100
1212 0 9 h 100
throttle 0 10 l 0.500000
61 0 10 l 100
61 0 10 h 100
throttle 0 11 l 0.400000
578 0 11 l 100
578 0 11 h 100
throttle 0 12 l 0.400000
1068 0 12 l 100
1068 0 12 h 29
1069 0 12 h 70
throttle 0 13 l 0.400000
1560 0 13 l 100
1560 0 13 h 100
throttle 0 14 l 0.500000
427 0 14 l 45
429 0 14 l 54
427 0 14 h 100
throttle 0 15 l 0.400000
932 0 15 l 100
932 0 15 h 100
throttle 0 16 l 0.500000
1314 0 16 l 100
1314 0 16 h 100
697 1 0 l 100
698 1 0 h 100
1362 1 2 l 100
1362 1 2 h 100
834 1 3 l 100
835 1 3 h 100
1062 1 4 l 100
1062 1 4 h 100
570 1 5 l 100
570 1 5 h 100
54 1 6 l 100
54 1 6 h 100
throttle 1 7 l 0.300000
1206 1 7 l 100
1206 1 7 h 100
1578 1 8 l 100
1578 1 8 h 100
1086 1 9 l 100
1086 1 9 h 100
588 1 10 l 100
588 1 10 h 100
78 1 11 l 100
78 1 11 h 100
336 1 12 l 100
336 1 12 h 100
1464 1 13 l 100
1466 1 13 h 100
942 1 14 l 100
942 1 14 h 100
444 1 15 l 100
444 1 15 h 100
546 1 16 l 100
546 1 16 h 100
1572 2 0 l 100
1572 2 0 h 100
438 2 1 l 100
438 2 1 h 100
1080 2 3 l 100
1080 2 3 h 100
1232 2 4 l 100
1230 2 4 h 100
72 2 5 l 100
72 2 5 h 100
205 2 6 l 100
204 2 6 h 100
throttle 2 7 l 0.300000
720 2 7 l 100
720 2 7 h 100
858 2 8 l 100
858 2 8 h 100
1382 2 9 l 100
1380 2 9 h 100
1489 2 10 l 100
1489 2 10 h 100
361 2 11 l 100
361 2 11 h 100
462 2 12 l 100
463 2 12 h 100
960 2 13 l 100
960 2 13 h 100
1109 2 14 l 100
1104 2 14 h 100
1602 2 15 l 100
1602 2 15 h 100
1453 2 16 l 100
1454 2 16 h 100
852 3 0 l 100
852 3 0 h 100
throttle 3 1 l 0.400000
354 3 1 l 100
355 3 1 h 100
throttle 3 2 l 0.400000
198 3 2 l 100
198 3 2 h 100
throttle 3 4 l 0.400000
1228 3 4 l 100
1226 3 4 h 100
throttle 3 5 l 0.400000
714 3 5 l 100
715 3 5 h 100
throttle 3 6 l 0.400000
582 3 6 l 100
582 3 6 h 100
throttle 3 7 l 0.400000
66 3 7 l 100
66 3 7 h 100
throttle 3 8 l 0.400000
1566 3 8 l 100
1568 3 8 h 100
throttle 3 9 l 0.400000
1074 3 9 l 100
1075 3 9 h 100
throttle 3 10 l 0.400000
937 3 10 l 100
937 3 10 h 100
throttle 3 11 l 0.400000
433 3 11 l 100
433 3 11 h 100
throttle 3 12 l 0.400000
330 3 12 l 100
330 3 12 h 100
throttle 3 13 l 0.400000
1458 3 13 l 100
1459 3 13 h 100
throttle 3 14 l 0.400000
1356 3 14 l 100
1357 3 14 h 100
throttle 3 15 l 0.400000
828 3 15 l 100
829 3 15 h 100
throttle 3 16 l 0.400000
978 3 16 l 100
978 3 16 h 100
101 4 0 l 100
96 4 0 h 100
600 4 1 l 100
601 4 1 h 100
1098 4 2 l 100
1098 4 2 h 100
1590 4 3 l 100
1592 4 3 h 100
231 4 5 l 100
229 4 5 h 100
749 4 6 l 100
744 4 6 h 100
throttle 4 7 l 0.310594
1257 4 7 l 85
1258 4 7 l 14
1254 4 7 h 100
846 4 8 l 100
846 4 8 h 100
1378 4 9 l 62
1374 4 9 l 37
1375 4 9 h 100
194 4 10 l 100
194 4 10 h 100
708 4 11 l 100
708 4 11 h 100
456 4 12 l 49
461 4 12 l 50
456 4 12 h 100
956 4 13 l 67
957 4 13 l 32
954 4 13 h 100
1482 4 14 l 33
1486 4 14 l 66
1484 4 14 h 100
348 4 15 l 100
348 4 15 h 100
252 4 16 l 100
253 4 16 h 100
976 5 0 l 100
973 5 0 h 100
488 5 1 l 100
488 5 1 h 100
1615 5 2 l 100
1616 5 2 h 100
1122 5 3 l 100
1122 5 3 h 100
624 5 4 l 100
624 5 4 h 100
1281 5 6 l 100
1278 5 6 h 100
throttle 5 7 l 0.300000
768 5 7 l 100
768 5 7 h 100
90 5 8 l 100
90 5 8 h 100
1249 5 9 l 100
1249 5 9 h 100
739 5 10 l 100
739 5 10 h 100
224 5 11 l 100
224 5 11 h 100
1403 5 12 l 100
1398 5 12 h 100
880 5 13 l 100
876 5 13 h 100
371 5 14 l 100
366 5 14 h 100
1500 5 15 l 100
1500 5 15 h 100
1152 5 16 l 100
1152 5 16 h 100
247 6 0 l 100
248 6 0 h 100
762 6 1 l 100
762 6 1 h 100
888 6 2 l 100
888 6 2 h 100
1410 6 3 l 100
1411 6 3 h 100
618 6 4 l 100
618 6 4 h 100
1116 6 5 l 100
1116 6 5 h 100
throttle 6 7 l 0.300000
120 6 7 l 100
120 6 7 h 100
1146 6 8 l 100
1146 6 8 h 100
6 6 9 l 100
6 6 9 h 100
144 6 10 l 100
144 6 10 h 100
648 6 11 l 100
648 6 11 h 100
1512 6 12 l 100
1512 6 12 h 100
378 6 13 l 100
380 6 13 h 100
504 6 14 l 100
504 6 14 h 100
996 6 15 l 100
996 6 15 h 100
396 6 16 l 100
396 6 16 h 100
1141 7 0 l 100
1142 7 0 h 100
642 7 1 l 100
643 7 1 h 100
501 7 2 l 100
499 7 2 h 100
0 7 3 l 100
1 7 3 h 100
790 7 4 l 100
787 7 4 h 100
273 7 5 l 100
271 7 5 h 100
138 7 6 l 100
138 7 6 h 100
390 7 8 l 100
391 7 8 h 100
1524 7 9 l 100
1525 7 9 h 100
1428 7 10 l 100
1428 7 10 h 100
900 7 11 l 100
901 7 11 h 100
24 7 12 l 100
25 7 12 h 100
1180 7 13 l 100
1177 7 13 h 100
1030 7 14 l 100
1027 7 14 h 100
522 7 15 l 100
523 7 15 h 100
1320 7 16 l 100
1321 7 16 h 100
873 8 0 l 100
870 8 0 h 100
1396 8 1 l 100
1392 8 1 h 100
216 8 2 l 100
216 8 2 h 100
732 8 3 l 100
734 8 3 h 100
1242 8 4 l 100
1242 8 4 h 100
84 8 5 l 100
84 8 5 h 100
596 8 6 l 100
594 8 6 h 100
throttle 8 7 l 0.300000
1096 8 7 l 100
1094 8 7 h 100
451 8 9 l 100
450 8 9 h 100
949 8 10 l 100
950 8 10 h 100
1470 8 11 l 100
1470 8 11 h 100
342 8 12 l 100
343 8 12 h 100
840 8 13 l 100
840 8 13 h 100
1370 8 14 l 37
1372 8 14 l 62
1370 8 14 h 100
186 8 15 l 100
186 8 15 h 100
994 8 16 l 100
990 8 16 h 100
108 9 0 l 100
108 9 0 h 100
1268 9 1 l 100
1266 9 1 h 100
750 9 2 l 100
750 9 2 h 100
240 9 3 l 100
241 9 3 h 100
468 9 4 l 100
470 9 4 h 100
1613 9 5 l 100
1608 9 5 h 100
1110 9 6 l 100
1112 9 6 h 100
throttle 9 7 l 0.300000
613 9 7 l 100
612 9 7 h 100
864 9 8 l 100
864 9 8 h 100
1497 9 10 l 100
1494 9 10 h 100
966 9 11 l 100
968 9 11 h 100
1236 9 12 l 39
1239 9 12 l 60
1238 9 12 h 100
726 9 13 l 100
726 9 13 h 100
210 9 14 l 100
211 9 14 h 100
1386 9 15 l 100
1386 9 15 h 100
264 9 16 l 100
264 9 16 h 100
985 10 0 l 100
985 10 0 h 100
1506 10 1 l 100
1506 10 1 h 100
1627 10 2 l 100
1627 10 2 h 100
493 10 3 l 100
493 10 3 h 100
640 10 4 l 100
638 10 4 h 100
1135 10 5 l 100
1135 10 5 h 100
1295 10 6 l 100
1290 10 6 h 100
throttle 10 7 l 0.300000
132 10 7 l 54
137 10 7 l 45
132 10 7 h 100
106 10 8 l 100
104 10 8 h 100
610 10 9 l 100
606 10 9 h 100
1261 10 11 l 100
1262 10 11 h 100
1408 10 12 l 100
1405 10 12 h 100
235 10 13 l 100
235 10 13 h 100
375 10 14 l 23
377 10 14 l 76
374 10 14 h 100
883 10 15 l 100
883 10 15 h 100
1170 10 16 l 100
1170 10 16 h 100
258 11 0 l 100
258 11 0 h 100
1416 11 1 l 100
1416 11 1 h 100
1284 11 2 l 100
1284 11 2 h 100
774 11 3 l 100
774 11 3 h 100
630 11 4 l 100
630 11 4 h 100
126 11 5 l 100
126 11 5 h 100
1620 11 6 l 100
1620 11 6 h 100
throttle 11 7 l 0.300000
1128 11 7 l 100
1129 11 7 h 100
1164 11 8 l 100
1164 11 8 h 100
660 11 9 l 100
662 11 9 h 100
517 11 10 l 100
518 11 10 h 100
1518 11 12 l 100
1518 11 12 h 100
1014 11 13 l 100
1016 11 13 h 100
896 11 14 l 100
894 11 14 h 100
384 11 15 l 100
384 11 15 h 100
414 11 16 l 100
416 11 16 h 100
1159 12 0 l 100
1159 12 0 h 100
13 12 1 l 100
13 12 1 h 100
515 12 2 l 100
511 12 2 h 100
1009 12 3 l 100
1009 12 3 h 100
802 12 4 l 57
798 12 4 l 42
799 12 4 h 100
1312 12 5 l 100
1310 12 5 h 100
152 12 6 l 100
151 12 6 h 100
throttle 12 7 l 0.400000
655 12 7 l 100
655 12 7 h 100
408 12 8 l 100
408 12 8 h 100
916 12 9 l 100
914 12 9 h 100
1437 12 10 l 100
1435 12 10 h 100
282 12 11 l 100
284 12 11 h 100
545 12 13 l 6
540 12 13 l 93
542 12 13 h 100
1048 12 14 l 100
1046 12 14 h 100
1542 12 15 l 100
1544 12 15 h 100
1342 12 16 l 100
1340 12 16 h 100
402 13 0 l 100
402 13 0 h 100
1536 13 1 l 100
1538 13 1 h 100
1038 13 2 l 100
1038 13 2 h 100
534 13 3 l 100
535 13 3 h 100
36 13 4 l 100
36 13 4 h 100
1190 13 5 l 100
1188 13 5 h 100
683 13 6 l 100
678 13 6 h 100
throttle 13 7 l 0.300000
171 13 7 l 100
169 13 7 h 100
1332 13 8 l 100
1333 13 8 h 100
816 13 9 l 100
816 13 9 h 100
313 13 10 l 100
313 13 10 h 100
1440 13 11 l 100
1442 13 11 h 100
924 13 12 l 100
926 13 12 h 100
1558 13 14 l 100
1554 13 14 h 100
1056 13 15 l 100
1056 13 15 h 100
564 13 16 l 100
564 13 16 h 100
1327 14 0 l 100
1327 14 0 h 100
163 14 1 l 100
162 14 1 h 100
311 14 2 l 100
308 14 2 h 100
810 14 3 l 100
810 14 3 h 100
34 14 4 l 100
32 14 4 h 100
529 14 5 l 100
528 14 5 h 100
672 14 6 l 100
674 14 6 h 100
throttle 14 7 l 0.300000
1182 14 7 l 100
1182 14 7 h 100
780 14 8 l 100
781 14 8 h 100
906 14 9 l 100
907 14 9 h 100
1034 14 10 l 100
1034 14 10 h 100
1530 14 11 l 100
1532 14 11 h 100
796 14 12 l 100
793 14 12 h 100
1305 14 13 l 100
1303 14 13 h 100
276 14 15 l 100
278 14 15 h 100
321 14 16 l 100
318 14 16 h 100
562 15 0 l 100
560 15 0 h 100
53 15 1 l 100
48 15 1 h 100
1552 15 2 l 100
1548 15 2 h 100
1053 15 3 l 100
1051 15 3 h 100
185 15 4 l 100
180 15 4 h 100
1353 15 5 l 100
1350 15 5 h 100
1202 15 6 l 100
1200 15 6 h 100
throttle 15 7 l 0.300000
691 15 7 l 100
691 15 7 h 100
1218 15 8 l 100
1218 15 8 h 100
805 15 9 l 100
804 15 9 h 100
667 15 10 l 100
667 15 10 h 100
156 15 11 l 100
156 15 11 h 100
923 15 12 l 100
920 15 12 h 100
422 15 13 l 100
420 15 13 h 100
305 15 14 l 100
300 15 14 h 100
756 15 16 l 100
756 15 16 h 100
1584 16 0 l 100
1586 16 0 h 100
288 16 1 l 100
289 16 1 h 100
1296 16 2 l 100
1296 16 2 h 100
114 16 3 l 100
115 16 3 h 100
555 16 4 l 100
552 16 4 h 100
294 16 5 l 100
294 16 5 h 100
18 16 6 l 100
18 16 6 h 100
throttle 16 7 l 0.300000
1422 16 7 l 100
1422 16 7 h 100
1273 16 8 l 100
1272 16 8 h 100
1002 16 9 l 100
1002 16 9 h 100
1020 16 10 l 100
1020 16 10 h 100
1476 16 11 l 100
1478 16 11 h 100
1448 16 12 l 100
1448 16 12 h 100
480 16 13 l 100
480 16 13 h 100
474 16 14 l 100
474 16 14 h 100
1596 16 15 l 100
1596 16 15 h 100
