tunnel_num s t weight
164 0 1 100
throttle 0 1 0.0142619707479
413 0 2 100
throttle 0 2 0.0142619707479
674 0 3 100
throttle 0 3 0.0142619707479
89 0 4 100
throttle 0 4 0.0142619707479
344 0 5 100
throttle 0 5 0.0142619707479
597 0 6 100
throttle 0 6 0.0142619707479
21 0 7 100
throttle 0 7 0.0142619707479
351 0 8 100
throttle 0 8 0.0142619707479
608 0 9 100
throttle 0 9 0.0142619707479
30 0 10 100
throttle 0 10 0.0142619707479
288 0 11 100
throttle 0 11 0.0142619707479
536 0 12 100
throttle 0 12 0.0142619707479
781 0 13 100
throttle 0 13 0.0142619707479
213 0 14 100
throttle 0 14 0.0142619707479
465 0 15 100
throttle 0 15 0.0142619707479
658 0 16 100
throttle 0 16 0.0142619707479
348 1 0 100
throttle 1 0 0.0142619707479
681 1 2 100
throttle 1 2 0.0142619707479
419 1 3 100
throttle 1 3 0.0142619707479
531 1 4 100
throttle 1 4 0.0142619707479
285 1 5 100
throttle 1 5 0.0142619707479
27 1 6 100
throttle 1 6 0.0142619707479
605 1 7 100
throttle 1 7 0.0142619707479
791 1 8 100
throttle 1 8 0.0142619707479
543 1 9 100
throttle 1 9 0.0142619707479
294 1 10 100
throttle 1 10 0.0142619707479
41 1 11 100
throttle 1 11 0.0142619707479
168 1 12 100
throttle 1 12 0.0142619707479
732 1 13 100
throttle 1 13 0.0142619707479
473 1 14 100
throttle 1 14 0.0142619707479
222 1 15 100
throttle 1 15 0.0142619707479
273 1 16 100
throttle 1 16 0.0142619707479
788 2 0 100
throttle 2 0 0.0142619707479
220 2 1 100
throttle 2 1 0.0142619707479
540 2 3 100
throttle 2 3 0.0142619707479
615 2 4 100
throttle 2 4 0.0142619707479
37 2 5 100
throttle 2 5 0.0142619707479
103 2 6 100
throttle 2 6 0.0142619707479
362 2 7 100
throttle 2 7 0.0142619707479
429 2 8 100
throttle 2 8 0.0142619707479
690 2 9 100
throttle 2 9 0.0142619707479
744 2 10 100
throttle 2 10 0.0142619707479
180 2 11 100
throttle 2 11 0.0142619707479
232 2 12 100
throttle 2 12 0.0142619707479
481 2 13 100
throttle 2 13 0.0142619707479
553 2 14 100
throttle 2 14 0.0142619707479
801 2 15 100
throttle 2 15 0.0142619707479
726 2 16 100
throttle 2 16 0.0142619707479
428 3 0 100
throttle 3 0 0.0142619707479
179 3 1 100
throttle 3 1 0.0142619707479
99 3 2 100
throttle 3 2 0.0142619707479
612 3 4 100
throttle 3 4 0.0142619707479
359 3 5 100
throttle 3 5 0.0142619707479
293 3 6 100
throttle 3 6 0.0142619707479
35 3 7 100
throttle 3 7 0.0142619707479
783 3 8 100
throttle 3 8 0.0142619707479
537 3 9 100
throttle 3 9 0.0142619707479
468 3 10 100
throttle 3 10 0.0142619707479
216 3 11 100
throttle 3 11 0.0142619707479
165 3 12 100
throttle 3 12 0.0142619707479
731 3 13 100
throttle 3 13 0.0142619707479
680 3 14 100
throttle 3 14 0.0142619707479
416 3 15 100
throttle 3 15 0.0142619707479
489 3 16 100
throttle 3 16 0.0142619707479
50 4 0 100
throttle 4 0 0.0142619707479
300 4 1 100
throttle 4 1 0.0142619707479
550 4 2 100
throttle 4 2 0.0142619707479
795 4 3 100
throttle 4 3 0.0142619707479
114 4 5 100
throttle 4 5 0.0142619707479
373 4 6 100
throttle 4 6 0.0142619707479
629 4 7 100
throttle 4 7 0.0142619707479
424 4 8 100
throttle 4 8 0.0142619707479
687 4 9 100
throttle 4 9 0.0142619707479
97 4 10 100
throttle 4 10 0.0142619707479
355 4 11 100
throttle 4 11 0.0142619707479
228 4 12 100
throttle 4 12 0.0142619707479
477 4 13 100
throttle 4 13 0.0142619707479
741 4 14 100
throttle 4 14 0.0142619707479
174 4 15 100
throttle 4 15 0.0142619707479
127 4 16 100
throttle 4 16 0.0142619707479
488 5 0 100
throttle 5 0 0.0142619707479
243 5 1 100
throttle 5 1 0.0142619707479
808 5 2 100
throttle 5 2 0.0142619707479
561 5 3 100
throttle 5 3 0.0142619707479
312 5 4 100
throttle 5 4 0.0142619707479
641 5 6 100
throttle 5 6 0.0142619707479
386 5 7 100
throttle 5 7 0.0142619707479
45 5 8 100
throttle 5 8 0.0142619707479
625 5 9 100
throttle 5 9 0.0142619707479
371 5 10 100
throttle 5 10 0.0142619707479
113 5 11 100
throttle 5 11 0.0142619707479
700 5 12 100
throttle 5 12 0.0142619707479
438 5 13 100
throttle 5 13 0.0142619707479
183 5 14 100
throttle 5 14 0.0142619707479
750 5 15 100
throttle 5 15 0.0142619707479
578 5 16 100
throttle 5 16 0.0142619707479
123 6 0 100
throttle 6 0 0.0142619707479
381 6 1 100
throttle 6 1 0.0142619707479
445 6 2 100
throttle 6 2 0.0142619707479
707 6 3 100
throttle 6 3 0.0142619707479
310 6 4 100
throttle 6 4 0.0142619707479
560 6 5 100
throttle 6 5 0.0142619707479
60 6 7 100
throttle 6 7 0.0142619707479
575 6 8 100
throttle 6 8 0.0142619707479
3 6 9 100
throttle 6 9 0.0142619707479
74 6 10 100
throttle 6 10 0.0142619707479
324 6 11 100
throttle 6 11 0.0142619707479
756 6 12 100
throttle 6 12 0.0142619707479
190 6 13 100
throttle 6 13 0.0142619707479
252 6 14 100
throttle 6 14 0.0142619707479
498 6 15 100
throttle 6 15 0.0142619707479
198 6 16 100
throttle 6 16 0.0142619707479
570 7 0 100
throttle 7 0 0.0142619707479
323 7 1 100
throttle 7 1 0.0142619707479
251 7 2 100
throttle 7 2 0.0142619707479
2 7 3 100
throttle 7 3 0.0142619707479
395 7 4 100
throttle 7 4 0.0142619707479
137 7 5 100
throttle 7 5 0.0142619707479
69 7 6 100
throttle 7 6 0.0142619707479
195 7 8 100
throttle 7 8 0.0142619707479
764 7 9 100
throttle 7 9 0.0142619707479
714 7 10 100
throttle 7 10 0.0142619707479
450 7 11 100
throttle 7 11 0.0142619707479
14 7 12 100
throttle 7 12 0.0142619707479
588 7 13 100
throttle 7 13 0.0142619707479
513 7 14 100
throttle 7 14 0.0142619707479
261 7 15 100
throttle 7 15 0.0142619707479
662 7 16 100
throttle 7 16 0.0142619707479
437 8 0 100
throttle 8 0 0.0142619707479
698 8 1 100
throttle 8 1 0.0142619707479
110 8 2 100
throttle 8 2 0.0142619707479
366 8 3 100
throttle 8 3 0.0142619707479
621 8 4 100
throttle 8 4 0.0142619707479
42 8 5 100
throttle 8 5 0.0142619707479
299 8 6 100
throttle 8 6 0.0142619707479
548 8 7 100
throttle 8 7 0.0142619707479
227 8 9 100
throttle 8 9 0.0142619707479
475 8 10 100
throttle 8 10 0.0142619707479
736 8 11 100
throttle 8 11 0.0142619707479
172 8 12 100
throttle 8 12 0.0142619707479
421 8 13 100
throttle 8 13 0.0142619707479
684 8 14 100
throttle 8 14 0.0142619707479
93 8 15 100
throttle 8 15 0.0142619707479
496 8 16 100
throttle 8 16 0.0142619707479
56 9 0 100
throttle 9 0 0.0142619707479
633 9 1 100
throttle 9 1 0.0142619707479
375 9 2 100
throttle 9 2 0.0142619707479
122 9 3 100
throttle 9 3 0.0142619707479
234 9 4 100
throttle 9 4 0.0142619707479
805 9 5 100
throttle 9 5 0.0142619707479
555 9 6 100
throttle 9 6 0.0142619707479
308 9 7 100
throttle 9 7 0.0142619707479
434 9 8 100
throttle 9 8 0.0142619707479
747 9 10 100
throttle 9 10 0.0142619707479
485 9 11 100
throttle 9 11 0.0142619707479
619 9 12 100
throttle 9 12 0.0142619707479
364 9 13 100
throttle 9 13 0.0142619707479
105 9 14 100
throttle 9 14 0.0142619707479
693 9 15 100
throttle 9 15 0.0142619707479
132 9 16 100
throttle 9 16 0.0142619707479
492 10 0 100
throttle 10 0 0.0142619707479
753 10 1 100
throttle 10 1 0.0142619707479
815 10 2 100
throttle 10 2 0.0142619707479
246 10 3 100
throttle 10 3 0.0142619707479
320 10 4 100
throttle 10 4 0.0142619707479
569 10 5 100
throttle 10 5 0.0142619707479
647 10 6 100
throttle 10 6 0.0142619707479
66 10 7 100
throttle 10 7 0.0142619707479
53 10 8 100
throttle 10 8 0.0142619707479
303 10 9 100
throttle 10 9 0.0142619707479
632 10 11 100
throttle 10 11 0.0142619707479
704 10 12 100
throttle 10 12 0.0142619707479
119 10 13 100
throttle 10 13 0.0142619707479
188 10 14 100
throttle 10 14 0.0142619707479
443 10 15 100
throttle 10 15 0.0142619707479
585 10 16 100
throttle 10 16 0.0142619707479
131 11 0 100
throttle 11 0 0.0142619707479
710 11 1 100
throttle 11 1 0.0142619707479
642 11 2 100
throttle 11 2 0.0142619707479
387 11 3 100
throttle 11 3 0.0142619707479
317 11 4 100
throttle 11 4 0.0142619707479
65 11 5 100
throttle 11 5 0.0142619707479
812 11 6 100
throttle 11 6 0.0142619707479
566 11 7 100
throttle 11 7 0.0142619707479
582 11 8 100
throttle 11 8 0.0142619707479
332 11 9 100
throttle 11 9 0.0142619707479
260 11 10 100
throttle 11 10 0.0142619707479
759 11 12 100
throttle 11 12 0.0142619707479
509 11 13 100
throttle 11 13 0.0142619707479
448 11 14 100
throttle 11 14 0.0142619707479
192 11 15 100
throttle 11 15 0.0142619707479
209 11 16 100
throttle 11 16 0.0142619707479
580 12 0 100
throttle 12 0 0.0142619707479
7 12 1 100
throttle 12 1 0.0142619707479
256 12 2 100
throttle 12 2 0.0142619707479
506 12 3 100
throttle 12 3 0.0142619707479
399 12 4 100
throttle 12 4 0.0142619707479
654 12 5 100
throttle 12 5 0.0142619707479
77 12 6 100
throttle 12 6 0.0142619707479
329 12 7 100
throttle 12 7 0.0142619707479
205 12 8 100
throttle 12 8 0.0142619707479
457 12 9 100
throttle 12 9 0.0142619707479
719 12 10 100
throttle 12 10 0.0142619707479
143 12 11 100
throttle 12 11 0.0142619707479
272 12 13 100
throttle 12 13 0.0142619707479
522 12 14 100
throttle 12 14 0.0142619707479
771 12 15 100
throttle 12 15 0.0142619707479
671 12 16 100
throttle 12 16 0.0142619707479
203 13 0 100
throttle 13 0 0.0142619707479
768 13 1 100
throttle 13 1 0.0142619707479
520 13 2 100
throttle 13 2 0.0142619707479
269 13 3 100
throttle 13 3 0.0142619707479
18 13 4 100
throttle 13 4 0.0142619707479
594 13 5 100
throttle 13 5 0.0142619707479
340 13 6 100
throttle 13 6 0.0142619707479
86 13 7 100
throttle 13 7 0.0142619707479
667 13 8 100
throttle 13 8 0.0142619707479
409 13 9 100
throttle 13 9 0.0142619707479
158 13 10 100
throttle 13 10 0.0142619707479
722 13 11 100
throttle 13 11 0.0142619707479
464 13 12 100
throttle 13 12 0.0142619707479
777 13 14 100
throttle 13 14 0.0142619707479
528 13 15 100
throttle 13 15 0.0142619707479
284 13 16 100
throttle 13 16 0.0142619707479
663 14 0 100
throttle 14 0 0.0142619707479
82 14 1 100
throttle 14 1 0.0142619707479
154 14 2 100
throttle 14 2 0.0142619707479
407 14 3 100
throttle 14 3 0.0142619707479
16 14 4 100
throttle 14 4 0.0142619707479
264 14 5 100
throttle 14 5 0.0142619707479
336 14 6 100
throttle 14 6 0.0142619707479
591 14 7 100
throttle 14 7 0.0142619707479
390 14 8 100
throttle 14 8 0.0142619707479
454 14 9 100
throttle 14 9 0.0142619707479
518 14 10 100
throttle 14 10 0.0142619707479
766 14 11 100
throttle 14 11 0.0142619707479
396 14 12 100
throttle 14 12 0.0142619707479
651 14 13 100
throttle 14 13 0.0142619707479
138 14 15 100
throttle 14 15 0.0142619707479
159 14 16 100
throttle 14 16 0.0142619707479
279 15 0 100
throttle 15 0 0.0142619707479
24 15 1 100
throttle 15 1 0.0142619707479
776 15 2 100
throttle 15 2 0.0142619707479
527 15 3 100
throttle 15 3 0.0142619707479
91 15 4 100
throttle 15 4 0.0142619707479
675 15 5 100
throttle 15 5 0.0142619707479
600 15 6 100
throttle 15 6 0.0142619707479
345 15 7 100
throttle 15 7 0.0142619707479
609 15 8 100
throttle 15 8 0.0142619707479
403 15 9 100
throttle 15 9 0.0142619707479
335 15 10 100
throttle 15 10 0.0142619707479
79 15 11 100
throttle 15 11 0.0142619707479
459 15 12 100
throttle 15 12 0.0142619707479
210 15 13 100
throttle 15 13 0.0142619707479
150 15 14 100
throttle 15 14 0.0142619707479
378 15 16 100
throttle 15 16 0.0142619707479
794 16 0 100
throttle 16 0 0.0142619707479
144 16 1 100
throttle 16 1 0.0142619707479
649 16 2 100
throttle 16 2 0.0142619707479
59 16 3 100
throttle 16 3 0.0142619707479
276 16 4 100
throttle 16 4 0.0142619707479
147 16 5 100
throttle 16 5 0.0142619707479
9 16 6 100
throttle 16 6 0.0142619707479
713 16 7 100
throttle 16 7 0.0142619707479
638 16 8 100
throttle 16 8 0.0142619707479
501 16 9 100
throttle 16 9 0.0142619707479
510 16 10 100
throttle 16 10 0.0142619707479
740 16 11 100
throttle 16 11 0.0142619707479
725 16 12 100
throttle 16 12 0.0142619707479
241 16 13 100
throttle 16 13 0.0142619707479
237 16 14 100
throttle 16 14 0.0142619707479
798 16 15 100
throttle 16 15 0.0142619707479
