tunnel_num s t weight
163 0 1 100
throttle 0 1 0.205507220946
411 0 2 100
throttle 0 2 0.205507220946
672 0 3 100
throttle 0 3 0.205507220946
87 0 4 100
throttle 0 4 0.205507220946
342 0 5 100
throttle 0 5 0.205507220946
598 0 6 100
throttle 0 6 0.205507220946
21 0 7 100
throttle 0 7 0.205507220946
353 0 8 100
throttle 0 8 0.205507220946
606 0 9 100
throttle 0 9 0.205507220946
31 0 10 100
throttle 0 10 0.205507220946
290 0 11 100
throttle 0 11 0.205507220946
534 0 12 100
throttle 0 12 0.205507220946
780 0 13 100
throttle 0 13 0.205507220946
214 0 14 100
throttle 0 14 0.205507220946
466 0 15 100
throttle 0 15 0.205507220946
659 0 16 100
throttle 0 16 0.205507220946
350 1 0 100
throttle 1 0 0.205507220946
681 1 2 100
throttle 1 2 0.205507220946
419 1 3 100
throttle 1 3 0.205507220946
533 1 4 100
throttle 1 4 0.205507220946
285 1 5 100
throttle 1 5 0.205507220946
27 1 6 100
throttle 1 6 0.205507220946
604 1 7 100
throttle 1 7 0.205507220946
789 1 8 100
throttle 1 8 0.205507220946
543 1 9 100
throttle 1 9 0.205507220946
296 1 10 100
throttle 1 10 0.205507220946
39 1 11 100
throttle 1 11 0.205507220946
168 1 12 100
throttle 1 12 0.205507220946
732 1 13 100
throttle 1 13 0.205507220946
471 1 14 100
throttle 1 14 0.205507220946
222 1 15 100
throttle 1 15 0.205507220946
273 1 16 100
throttle 1 16 0.205507220946
786 2 0 100
throttle 2 0 0.205507220946
220 2 1 100
throttle 2 1 0.205507220946
540 2 3 100
throttle 2 3 0.205507220946
615 2 4 100
throttle 2 4 0.205507220946
36 2 5 100
throttle 2 5 0.205507220946
102 2 6 100
throttle 2 6 0.205507220946
360 2 7 100
throttle 2 7 0.205507220946
429 2 8 100
throttle 2 8 0.205507220946
691 2 9 100
throttle 2 9 0.205507220946
746 2 10 100
throttle 2 10 0.205507220946
180 2 11 100
throttle 2 11 0.205507220946
232 2 12 100
throttle 2 12 0.205507220946
481 2 13 100
throttle 2 13 0.205507220946
552 2 14 100
throttle 2 14 0.205507220946
801 2 15 100
throttle 2 15 0.205507220946
726 2 16 100
throttle 2 16 0.205507220946
426 3 0 100
throttle 3 0 0.205507220946
179 3 1 100
throttle 3 1 0.205507220946
99 3 2 100
throttle 3 2 0.205507220946
612 3 4 100
throttle 3 4 0.205507220946
357 3 5 100
throttle 3 5 0.205507220946
292 3 6 100
throttle 3 6 0.205507220946
33 3 7 100
throttle 3 7 0.205507220946
783 3 8 100
throttle 3 8 0.205507220946
537 3 9 100
throttle 3 9 0.205507220946
470 3 10 100
throttle 3 10 0.205507220946
216 3 11 100
throttle 3 11 0.205507220946
165 3 12 100
throttle 3 12 0.205507220946
729 3 13 100
throttle 3 13 0.205507220946
678 3 14 100
throttle 3 14 0.205507220946
415 3 15 100
throttle 3 15 0.205507220946
491 3 16 100
throttle 3 16 0.205507220946
48 4 0 100
throttle 4 0 0.205507220946
300 4 1 100
throttle 4 1 0.205507220946
550 4 2 100
throttle 4 2 0.205507220946
795 4 3 100
throttle 4 3 0.205507220946
114 4 5 100
throttle 4 5 0.205507220946
372 4 6 100
throttle 4 6 0.205507220946
628 4 7 100
throttle 4 7 0.205507220946
423 4 8 100
throttle 4 8 0.205507220946
689 4 9 100
throttle 4 9 0.205507220946
97 4 10 100
throttle 4 10 0.205507220946
354 4 11 100
throttle 4 11 0.205507220946
228 4 12 100
throttle 4 12 0.205507220946
478 4 13 100
throttle 4 13 0.205507220946
741 4 14 100
throttle 4 14 0.205507220946
175 4 15 100
throttle 4 15 0.205507220946
128 4 16 100
throttle 4 16 0.205507220946
487 5 0 100
throttle 5 0 0.205507220946
243 5 1 100
throttle 5 1 0.205507220946
808 5 2 100
throttle 5 2 0.205507220946
561 5 3 100
throttle 5 3 0.205507220946
312 5 4 100
throttle 5 4 0.205507220946
640 5 6 100
throttle 5 6 0.205507220946
385 5 7 100
throttle 5 7 0.205507220946
45 5 8 100
throttle 5 8 0.205507220946
624 5 9 100
throttle 5 9 0.205507220946
369 5 10 100
throttle 5 10 0.205507220946
111 5 11 100
throttle 5 11 0.205507220946
700 5 12 100
throttle 5 12 0.205507220946
439 5 13 100
throttle 5 13 0.205507220946
183 5 14 100
throttle 5 14 0.205507220946
751 5 15 100
throttle 5 15 0.205507220946
576 5 16 100
throttle 5 16 0.205507220946
125 6 0 100
throttle 6 0 0.205507220946
381 6 1 100
throttle 6 1 0.205507220946
445 6 2 100
throttle 6 2 0.205507220946
707 6 3 100
throttle 6 3 0.205507220946
309 6 4 100
throttle 6 4 0.205507220946
558 6 5 100
throttle 6 5 0.205507220946
62 6 7 100
throttle 6 7 0.205507220946
575 6 8 100
throttle 6 8 0.205507220946
3 6 9 100
throttle 6 9 0.205507220946
72 6 10 100
throttle 6 10 0.205507220946
324 6 11 100
throttle 6 11 0.205507220946
756 6 12 100
throttle 6 12 0.205507220946
189 6 13 100
throttle 6 13 0.205507220946
252 6 14 100
throttle 6 14 0.205507220946
498 6 15 100
throttle 6 15 0.205507220946
198 6 16 100
throttle 6 16 0.205507220946
570 7 0 100
throttle 7 0 0.205507220946
322 7 1 100
throttle 7 1 0.205507220946
249 7 2 100
throttle 7 2 0.205507220946
0 7 3 100
throttle 7 3 0.205507220946
394 7 4 100
throttle 7 4 0.205507220946
136 7 5 100
throttle 7 5 0.205507220946
70 7 6 100
throttle 7 6 0.205507220946
197 7 8 100
throttle 7 8 0.205507220946
762 7 9 100
throttle 7 9 0.205507220946
715 7 10 100
throttle 7 10 0.205507220946
451 7 11 100
throttle 7 11 0.205507220946
13 7 12 100
throttle 7 12 0.205507220946
589 7 13 100
throttle 7 13 0.205507220946
514 7 14 100
throttle 7 14 0.205507220946
262 7 15 100
throttle 7 15 0.205507220946
661 7 16 100
throttle 7 16 0.205507220946
435 8 0 100
throttle 8 0 0.205507220946
697 8 1 100
throttle 8 1 0.205507220946
109 8 2 100
throttle 8 2 0.205507220946
366 8 3 100
throttle 8 3 0.205507220946
623 8 4 100
throttle 8 4 0.205507220946
42 8 5 100
throttle 8 5 0.205507220946
297 8 6 100
throttle 8 6 0.205507220946
546 8 7 100
throttle 8 7 0.205507220946
226 8 9 100
throttle 8 9 0.205507220946
474 8 10 100
throttle 8 10 0.205507220946
735 8 11 100
throttle 8 11 0.205507220946
171 8 12 100
throttle 8 12 0.205507220946
420 8 13 100
throttle 8 13 0.205507220946
684 8 14 100
throttle 8 14 0.205507220946
93 8 15 100
throttle 8 15 0.205507220946
495 8 16 100
throttle 8 16 0.205507220946
54 9 0 100
throttle 9 0 0.205507220946
634 9 1 100
throttle 9 1 0.205507220946
375 9 2 100
throttle 9 2 0.205507220946
120 9 3 100
throttle 9 3 0.205507220946
234 9 4 100
throttle 9 4 0.205507220946
805 9 5 100
throttle 9 5 0.205507220946
556 9 6 100
throttle 9 6 0.205507220946
307 9 7 100
throttle 9 7 0.205507220946
432 9 8 100
throttle 9 8 0.205507220946
748 9 10 100
throttle 9 10 0.205507220946
484 9 11 100
throttle 9 11 0.205507220946
619 9 12 100
throttle 9 12 0.205507220946
363 9 13 100
throttle 9 13 0.205507220946
106 9 14 100
throttle 9 14 0.205507220946
694 9 15 100
throttle 9 15 0.205507220946
133 9 16 100
throttle 9 16 0.205507220946
494 10 0 100
throttle 10 0 0.205507220946
753 10 1 100
throttle 10 1 0.205507220946
813 10 2 100
throttle 10 2 0.205507220946
246 10 3 100
throttle 10 3 0.205507220946
319 10 4 100
throttle 10 4 0.205507220946
567 10 5 100
throttle 10 5 0.205507220946
645 10 6 100
throttle 10 6 0.205507220946
67 10 7 100
throttle 10 7 0.205507220946
51 10 8 100
throttle 10 8 0.205507220946
303 10 9 100
throttle 10 9 0.205507220946
631 10 11 100
throttle 10 11 0.205507220946
702 10 12 100
throttle 10 12 0.205507220946
117 10 13 100
throttle 10 13 0.205507220946
186 10 14 100
throttle 10 14 0.205507220946
441 10 15 100
throttle 10 15 0.205507220946
585 10 16 100
throttle 10 16 0.205507220946
129 11 0 100
throttle 11 0 0.205507220946
708 11 1 100
throttle 11 1 0.205507220946
643 11 2 100
throttle 11 2 0.205507220946
389 11 3 100
throttle 11 3 0.205507220946
316 11 4 100
throttle 11 4 0.205507220946
64 11 5 100
throttle 11 5 0.205507220946
811 11 6 100
throttle 11 6 0.205507220946
565 11 7 100
throttle 11 7 0.205507220946
583 11 8 100
throttle 11 8 0.205507220946
330 11 9 100
throttle 11 9 0.205507220946
259 11 10 100
throttle 11 10 0.205507220946
759 11 12 100
throttle 11 12 0.205507220946
507 11 13 100
throttle 11 13 0.205507220946
449 11 14 100
throttle 11 14 0.205507220946
192 11 15 100
throttle 11 15 0.205507220946
208 11 16 100
throttle 11 16 0.205507220946
581 12 0 100
throttle 12 0 0.205507220946
7 12 1 100
throttle 12 1 0.205507220946
256 12 2 100
throttle 12 2 0.205507220946
504 12 3 100
throttle 12 3 0.205507220946
401 12 4 100
throttle 12 4 0.205507220946
656 12 5 100
throttle 12 5 0.205507220946
76 12 6 100
throttle 12 6 0.205507220946
328 12 7 100
throttle 12 7 0.205507220946
204 12 8 100
throttle 12 8 0.205507220946
456 12 9 100
throttle 12 9 0.205507220946
717 12 10 100
throttle 12 10 0.205507220946
141 12 11 100
throttle 12 11 0.205507220946
270 12 13 100
throttle 12 13 0.205507220946
524 12 14 100
throttle 12 14 0.205507220946
773 12 15 100
throttle 12 15 0.205507220946
669 12 16 100
throttle 12 16 0.205507220946
201 13 0 100
throttle 13 0 0.205507220946
768 13 1 100
throttle 13 1 0.205507220946
519 13 2 100
throttle 13 2 0.205507220946
267 13 3 100
throttle 13 3 0.205507220946
19 13 4 100
throttle 13 4 0.205507220946
595 13 5 100
throttle 13 5 0.205507220946
339 13 6 100
throttle 13 6 0.205507220946
85 13 7 100
throttle 13 7 0.205507220946
666 13 8 100
throttle 13 8 0.205507220946
408 13 9 100
throttle 13 9 0.205507220946
156 13 10 100
throttle 13 10 0.205507220946
720 13 11 100
throttle 13 11 0.205507220946
462 13 12 100
throttle 13 12 0.205507220946
778 13 14 100
throttle 13 14 0.205507220946
529 13 15 100
throttle 13 15 0.205507220946
282 13 16 100
throttle 13 16 0.205507220946
664 14 0 100
throttle 14 0 0.205507220946
81 14 1 100
throttle 14 1 0.205507220946
153 14 2 100
throttle 14 2 0.205507220946
405 14 3 100
throttle 14 3 0.205507220946
15 14 4 100
throttle 14 4 0.205507220946
264 14 5 100
throttle 14 5 0.205507220946
336 14 6 100
throttle 14 6 0.205507220946
592 14 7 100
throttle 14 7 0.205507220946
390 14 8 100
throttle 14 8 0.205507220946
455 14 9 100
throttle 14 9 0.205507220946
517 14 10 100
throttle 14 10 0.205507220946
766 14 11 100
throttle 14 11 0.205507220946
397 14 12 100
throttle 14 12 0.205507220946
652 14 13 100
throttle 14 13 0.205507220946
140 14 15 100
throttle 14 15 0.205507220946
160 14 16 100
throttle 14 16 0.205507220946
280 15 0 100
throttle 15 0 0.205507220946
25 15 1 100
throttle 15 1 0.205507220946
774 15 2 100
throttle 15 2 0.205507220946
526 15 3 100
throttle 15 3 0.205507220946
91 15 4 100
throttle 15 4 0.205507220946
676 15 5 100
throttle 15 5 0.205507220946
600 15 6 100
throttle 15 6 0.205507220946
346 15 7 100
throttle 15 7 0.205507220946
609 15 8 100
throttle 15 8 0.205507220946
404 15 9 100
throttle 15 9 0.205507220946
333 15 10 100
throttle 15 10 0.205507220946
79 15 11 100
throttle 15 11 0.205507220946
460 15 12 100
throttle 15 12 0.205507220946
211 15 13 100
throttle 15 13 0.205507220946
152 15 14 100
throttle 15 14 0.205507220946
379 15 16 100
throttle 15 16 0.205507220946
793 16 0 100
throttle 16 0 0.205507220946
146 16 1 100
throttle 16 1 0.205507220946
648 16 2 100
throttle 16 2 0.205507220946
57 16 3 100
throttle 16 3 0.205507220946
276 16 4 100
throttle 16 4 0.205507220946
149 16 5 100
throttle 16 5 0.205507220946
10 16 6 100
throttle 16 6 0.205507220946
712 16 7 100
throttle 16 7 0.205507220946
637 16 8 100
throttle 16 8 0.205507220946
501 16 9 100
throttle 16 9 0.205507220946
510 16 10 100
throttle 16 10 0.205507220946
740 16 11 100
throttle 16 11 0.205507220946
723 16 12 100
throttle 16 12 0.205507220946
240 16 13 100
throttle 16 13 0.205507220946
239 16 14 100
throttle 16 14 0.205507220946
798 16 15 100
throttle 16 15 0.205507220946
