tunnel_num s t weight
1021 0 1 50
1023 0 1 50
500 0 2 50
501 0 2 50
1203 0 3 50
1205 0 3 50
680 0 4 50
682 0 4 50
153 0 5 50
154 0 5 50
888 0 6 50
886 0 6 50
355 0 7 50
357 0 7 50
770 0 8 50
771 0 8 50
245 0 9 33
246 0 9 33
247 0 9 33
960 0 10 33
958 0 10 33
959 0 10 33
443 0 11 33
444 0 11 33
445 0 11 33
1144 0 12 33
1145 0 12 33
1143 0 12 33
626 0 13 33
627 0 13 33
628 0 13 33
90 0 14 50
92 0 14 50
840 0 15 50
838 0 15 50
572 0 16 50
573 0 16 50
27 0 17 50
28 0 17 50
753 0 18 100
228 0 19 100
944 0 20 50
945 0 20 50
156 1 0 50
158 1 0 50
1209 1 2 50
1210 1 2 50
506 1 3 50
508 1 3 50
539 1 4 50
541 1 4 50
1060 1 5 50
1061 1 5 50
360 1 6 50
358 1 6 50
889 1 7 50
891 1 7 50
632 1 8 50
633 1 8 50
1149 1 9 33
1150 1 9 33
1151 1 9 33
449 1 10 33
450 1 10 33
451 1 10 33
964 1 11 33
965 1 11 33
966 1 11 33
1027 1 12 50
1028 1 12 50
304 1 13 33
305 1 13 33
306 1 13 33
845 1 14 100
96 1 15 50
98 1 15 50
434 1 16 50
435 1 16 50
949 1 17 50
950 1 17 50
237 1 18 100
762 1 19 100
827 1 20 100
1251 2 0 50
1252 2 0 50
720 2 1 50
719 2 1 50
544 2 3 33
542 2 3 33
543 2 3 33
892 2 4 50
893 2 4 50
361 2 5 33
362 2 5 33
363 2 5 33
686 2 6 50
687 2 6 50
162 2 7 50
163 2 7 50
512 2 8 33
513 2 8 33
514 2 8 33
1216 2 9 33
1217 2 9 33
1215 2 9 33
312 2 10 33
310 2 10 33
311 2 10 33
1033 2 11 33
1034 2 11 33
1035 2 11 33
104 2 12 33
102 2 12 33
103 2 12 33
850 2 13 33
851 2 13 33
852 2 13 33
1155 2 14 33
1156 2 14 33
1157 2 14 33
640 2 15 33
638 2 15 33
639 2 15 33
298 2 16 33
299 2 16 33
300 2 16 33
1018 2 17 33
1019 2 17 33
1020 2 17 33
88 2 18 50
89 2 18 50
835 2 19 33
836 2 19 33
837 2 19 33
1140 2 20 33
1141 2 20 33
1142 2 20 33
1089 3 0 50
1091 3 0 50
395 3 1 50
397 3 1 50
42 3 2 33
43 3 2 33
44 3 2 33
248 3 4 100
773 3 5 33
774 3 5 33
775 3 5 33
448 3 6 50
446 3 6 50
961 3 7 100
629 3 8 33
630 3 8 33
631 3 8 33
1146 3 9 33
1147 3 9 33
1148 3 9 33
841 3 10 33
842 3 10 33
843 3 10 33
93 3 11 33
94 3 11 33
95 3 11 33
1024 3 12 33
1025 3 12 33
1026 3 12 33
301 3 13 33
302 3 13 33
303 3 13 33
1208 3 14 50
1206 3 14 50
505 3 15 50
503 3 15 50
856 3 16 50
857 3 16 50
108 3 17 50
109 3 17 50
1039 3 18 100
316 3 19 50
317 3 19 50
1221 3 20 50
1223 3 20 50
969 4 0 50
967 4 0 50
452 4 1 50
454 4 1 50
1152 4 2 33
1153 4 2 33
1154 4 2 33
635 4 3 50
637 4 3 50
45 4 5 100
776 4 6 50
777 4 6 50
251 4 7 50
252 4 7 50
509 4 8 33
510 4 8 33
511 4 8 33
1212 4 9 33
1213 4 9 33
1214 4 9 33
683 4 10 33
684 4 10 33
685 4 10 33
160 4 11 33
161 4 11 33
159 4 11 33
99 4 12 33
100 4 12 33
101 4 12 33
848 4 13 33
849 4 13 33
847 4 13 33
308 4 14 100
1031 4 15 100
697 4 16 50
695 4 16 50
171 4 17 50
173 4 17 50
shutdown 4 18
shutdown 4 19
shutdown 4 20
853 5 0 50
855 5 0 50
105 5 1 50
107 5 1 50
641 5 2 33
642 5 2 33
643 5 2 33
1160 5 3 33
1158 5 3 33
1159 5 3 33
455 5 4 100
253 5 6 50
255 5 6 50
778 5 7 100
364 5 8 33
365 5 8 33
366 5 8 33
896 5 9 33
897 5 9 33
895 5 9 33
165 5 10 33
166 5 10 33
167 5 10 33
689 5 11 33
690 5 11 33
691 5 11 33
1218 5 12 33
1219 5 12 33
1220 5 12 33
515 5 13 33
516 5 13 33
517 5 13 33
1036 5 14 50
1037 5 14 50
313 5 15 50
314 5 15 50
553 5 16 50
551 5 16 50
1068 5 17 100
374 5 18 100
901 5 19 50
903 5 19 50
176 5 20 50
178 5 20 50
692 6 0 50
694 6 0 50
168 6 1 50
170 6 1 50
518 6 2 50
519 6 2 50
1224 6 3 50
1226 6 3 50
1064 6 4 50
1063 6 4 50
545 6 5 50
547 6 5 50
368 6 7 50
367 6 7 50
1164 6 8 50
1165 6 8 50
648 6 9 33
649 6 9 33
647 6 9 33
973 6 10 33
974 6 10 33
975 6 10 33
461 6 11 50
462 6 11 50
320 6 12 50
319 6 12 50
1042 6 13 33
1043 6 13 33
1044 6 13 33
115 6 14 100
860 6 15 100
401 6 16 50
403 6 16 50
1095 6 17 100
202 6 18 100
924 6 19 100
786 6 20 100
548 7 0 50
550 7 0 50
1065 7 1 50
1067 7 1 50
722 7 2 33
723 7 2 33
724 7 2 33
0 7 3 50
2 7 3 50
174 7 4 50
175 7 4 50
698 7 5 100
372 7 6 50
373 7 6 50
1045 7 8 33
1046 7 8 33
1047 7 8 33
331 7 9 33
332 7 9 33
333 7 9 33
1227 7 10 33
1228 7 10 33
1229 7 10 33
521 7 11 33
522 7 11 33
523 7 11 33
653 7 12 33
654 7 12 33
655 7 12 33
1173 7 13 33
1174 7 13 33
1175 7 13 33
866 7 14 100
124 7 15 100
265 7 16 50
267 7 16 50
793 7 17 50
795 7 17 50
shutdown 7 18
shutdown 7 19
shutdown 7 20
185 8 0 50
186 8 0 50
910 8 1 50
911 8 1 50
386 8 2 33
387 8 2 33
388 8 2 33
1077 8 3 33
1078 8 3 33
1079 8 3 33
563 8 4 33
564 8 4 33
565 8 4 33
18 8 5 33
19 8 5 33
20 8 5 33
740 8 6 50
741 8 6 50
216 8 7 33
217 8 7 33
215 8 7 33
416 8 9 33
417 8 9 33
418 8 9 33
1113 8 10 33
1114 8 10 33
1115 8 10 33
600 8 11 33
601 8 11 33
599 8 11 33
64 8 12 33
65 8 12 33
63 8 12 33
802 8 13 33
803 8 13 33
804 8 13 33
274 8 14 50
275 8 14 50
992 8 15 50
991 8 15 50
1122 8 16 50
1123 8 16 50
608 8 17 50
609 8 17 50
69 8 18 100
811 8 19 50
812 8 19 50
283 8 20 50
284 8 20 50
21 9 0 33
22 9 0 33
23 9 0 33
568 9 1 33
566 9 1 33
567 9 1 33
1080 9 2 33
1081 9 2 33
1082 9 2 33
389 9 3 33
390 9 3 33
391 9 3 33
419 9 4 33
420 9 4 33
421 9 4 33
937 9 5 33
938 9 5 33
939 9 5 33
218 9 6 33
219 9 6 33
220 9 6 33
744 9 7 33
745 9 7 33
743 9 7 33
805 9 8 33
806 9 8 33
807 9 8 33
602 9 10 33
603 9 10 33
604 9 10 33
1116 9 11 33
1117 9 11 33
1118 9 11 33
1184 9 12 33
1182 9 12 33
1183 9 12 33
480 9 13 33
481 9 13 33
479 9 13 33
994 9 14 33
995 9 14 33
996 9 14 33
277 9 15 33
278 9 15 33
279 9 15 33
1003 9 16 50
1004 9 16 50
289 9 17 50
290 9 17 50
817 9 18 100
75 9 19 33
76 9 19 33
77 9 19 33
136 9 20 33
137 9 20 33
135 9 20 33
1120 10 0 33
1121 10 0 33
1119 10 0 33
605 10 1 33
606 10 1 33
607 10 1 33
940 10 2 33
941 10 2 33
942 10 2 33
424 10 3 33
422 10 3 33
423 10 3 33
746 10 4 33
747 10 4 33
748 10 4 33
221 10 5 33
222 10 5 33
223 10 5 33
569 10 6 33
570 10 6 33
571 10 6 33
24 10 7 33
25 10 7 33
26 10 7 33
659 10 8 33
660 10 8 33
661 10 8 33
129 10 9 33
130 10 9 33
131 10 9 33
1185 10 11 33
1186 10 11 33
1187 10 11 33
280 10 12 33
281 10 12 33
282 10 12 33
997 10 13 33
998 10 13 33
999 10 13 33
66 10 14 33
67 10 14 33
68 10 14 33
808 10 15 33
809 10 15 33
810 10 15 33
880 10 16 50
881 10 16 50
346 10 17 33
347 10 17 33
348 10 17 33
671 10 18 100
144 10 19 33
145 10 19 33
146 10 19 33
491 10 20 33
492 10 20 33
493 10 20 33
1000 11 0 33
1001 11 0 33
1002 11 0 33
288 11 1 33
286 11 1 33
287 11 1 33
1188 11 2 33
1189 11 2 33
1190 11 2 33
482 11 3 33
483 11 3 33
484 11 3 33
132 11 4 50
133 11 4 50
664 11 5 33
662 11 5 33
663 11 5 33
337 11 6 50
338 11 6 50
872 11 7 50
871 11 7 50
224 11 8 33
225 11 8 33
226 11 8 33
749 11 9 33
750 11 9 33
751 11 9 33
425 11 10 33
426 11 10 33
427 11 10 33
611 11 12 33
612 11 12 33
613 11 12 33
1125 11 13 33
1126 11 13 33
1127 11 13 33
816 11 14 33
814 11 14 33
815 11 14 33
72 11 15 33
73 11 15 33
74 11 15 33
716 11 16 33
717 11 16 33
718 11 16 33
1248 11 17 33
1249 11 17 33
1250 11 17 33
916 11 18 50
918 11 18 50
192 11 19 33
193 11 19 33
191 11 19 33
1083 11 20 33
1084 11 20 33
1085 11 20 33
877 12 0 33
878 12 0 33
879 12 0 33
344 12 1 50
343 12 1 50
1056 12 2 33
1054 12 2 33
1055 12 2 33
533 12 3 33
534 12 3 33
535 12 3 33
488 12 4 50
489 12 4 50
1194 12 5 33
1195 12 5 33
1196 12 5 33
668 12 6 50
669 12 6 50
141 12 7 50
142 12 7 50
81 12 8 33
82 12 8 33
83 12 8 33
824 12 9 33
825 12 9 33
823 12 9 33
292 12 10 33
293 12 10 33
294 12 10 33
1009 12 11 33
1010 12 11 33
1011 12 11 33
432 12 13 33
433 12 13 33
431 12 13 33
1131 12 14 33
1132 12 14 33
1133 12 14 33
617 12 15 33
618 12 15 33
619 12 15 33
578 12 16 33
579 12 16 33
580 12 16 33
33 12 17 33
34 12 17 33
35 12 17 33
760 12 18 50
759 12 18 50
233 12 19 33
234 12 19 33
235 12 19 33
194 12 20 33
195 12 20 33
196 12 20 33
713 13 0 33
714 13 0 33
715 13 0 33
1245 13 1 33
1246 13 1 33
1247 13 1 33
536 13 2 33
537 13 2 33
538 13 2 33
1057 13 3 33
1058 13 3 33
1059 13 3 33
352 13 4 33
353 13 4 33
354 13 4 33
883 13 5 33
884 13 5 33
885 13 5 33
152 13 6 33
150 13 6 33
151 13 6 33
677 13 7 33
678 13 7 33
679 13 7 33
1200 13 8 33
1201 13 8 33
1202 13 8 33
497 13 9 33
498 13 9 33
499 13 9 33
1016 13 10 33
1017 13 10 33
1015 13 10 33
296 13 11 33
297 13 11 33
295 13 11 33
832 13 12 33
833 13 12 33
834 13 12 33
624 13 14 33
625 13 14 33
623 13 14 33
1137 13 15 33
1138 13 15 33
1139 13 15 33
440 13 16 50
441 13 16 50
955 13 17 50
956 13 17 50
242 13 18 100
768 13 19 33
769 13 19 33
767 13 19 33
40 13 20 33
41 13 20 33
39 13 20 33
577 14 0 50
575 14 0 50
31 14 1 100
392 14 2 33
393 14 2 33
394 14 2 33
1086 14 3 50
1087 14 3 50
947 14 4 100
428 14 5 50
429 14 5 50
756 14 6 100
231 14 7 100
78 14 8 50
79 14 8 50
820 14 9 33
821 14 9 33
822 14 9 33
1128 14 10 33
1129 14 10 33
1130 14 10 33
616 14 11 33
614 14 11 33
615 14 11 33
485 14 12 33
486 14 12 33
487 14 12 33
1192 14 13 33
1193 14 13 33
1191 14 13 33
1006 14 15 50
1007 14 15 50
875 14 16 100
341 14 17 50
342 14 17 50
665 14 18 100
138 14 19 50
139 14 19 50
1240 14 20 50
1239 14 20 50
437 15 0 50
439 15 0 50
952 15 1 50
954 15 1 50
620 15 2 33
621 15 2 33
622 15 2 33
1134 15 3 50
1135 15 3 50
37 15 4 50
38 15 4 50
581 15 5 50
582 15 5 50
240 15 6 100
765 15 7 50
766 15 7 50
1197 15 8 50
1198 15 8 50
496 15 9 33
494 15 9 33
495 15 9 33
147 15 10 33
148 15 10 33
149 15 10 33
674 15 11 33
675 15 11 33
676 15 11 33
829 15 12 33
830 15 12 33
831 15 12 33
84 15 13 33
85 15 13 33
86 15 13 33
1012 15 14 50
1013 15 14 50
711 15 16 100
1242 15 17 50
1244 15 17 50
913 15 18 50
915 15 18 50
188 15 19 50
189 15 19 50
349 15 20 50
350 15 20 50
48 16 0 50
49 16 0 50
781 16 1 50
782 16 1 50
256 16 2 33
257 16 2 33
258 16 2 33
970 16 3 50
971 16 3 50
458 16 4 50
460 16 4 50
1161 16 5 50
1163 16 5 50
644 16 6 50
646 16 6 50
113 16 7 50
111 16 7 50
554 16 8 50
555 16 8 50
3 16 9 50
4 16 9 50
725 16 10 50
726 16 10 50
197 16 11 33
198 16 11 33
199 16 11 33
920 16 12 33
921 16 12 33
919 16 12 33
398 16 13 50
399 16 13 50
1093 16 14 100
585 16 15 50
586 16 15 50
530 16 17 100
1235 16 18 100
705 16 19 100
181 16 20 100
1170 17 0 50
1171 17 0 50
467 17 1 50
468 17 1 50
979 17 2 33
980 17 2 33
981 17 2 33
264 17 3 33
262 17 3 33
263 17 3 33
328 17 4 50
330 17 4 50
862 17 5 100
120 17 6 100
650 17 7 50
652 17 7 50
408 17 8 50
407 17 8 50
928 17 9 50
929 17 9 50
208 17 10 33
206 17 10 33
207 17 10 33
731 17 11 33
732 17 11 33
733 17 11 33
792 17 12 33
790 17 12 33
791 17 12 33
54 17 13 50
55 17 13 50
592 17 14 50
591 17 14 50
1101 17 15 50
1103 17 15 50
907 17 16 100
708 17 18 100
1236 17 19 100
10 17 20 100
1052 18 0 100
528 18 1 100
869 18 2 50
870 18 2 50
334 18 3 100
shutdown 18 4
126 18 5 100
478 18 6 100
shutdown 18 7
271 18 8 100
988 18 9 100
60 18 10 100
801 18 11 50
799 18 11 50
1112 18 12 50
1111 18 12 50
596 18 13 100
934 18 14 100
413 18 15 100
739 18 16 100
213 18 17 100
15 18 19 100
383 18 20 100
905 19 0 50
906 19 0 50
183 19 1 100
1072 19 2 33
1073 19 2 33
1071 19 2 33
377 19 3 50
378 19 3 50
shutdown 19 4
557 19 5 50
559 19 5 50
205 19 6 100
shutdown 19 7
404 19 8 50
405 19 8 50
925 19 9 33
926 19 9 33
927 19 9 33
587 19 10 33
588 19 10 33
589 19 10 33
1098 19 11 33
1099 19 11 33
1100 19 11 33
787 19 12 33
788 19 12 33
789 19 12 33
51 19 13 33
52 19 13 33
53 19 13 33
976 19 14 50
977 19 14 50
259 19 15 50
260 19 15 50
1169 19 16 100
464 19 17 100
117 19 18 100
325 19 20 50
327 19 20 50
736 20 0 50
735 20 0 50
210 20 1 100
931 20 2 33
932 20 2 33
933 20 2 33
410 20 3 50
411 20 3 50
shutdown 20 4
1074 20 5 50
1076 20 5 50
562 20 6 100
shutdown 20 7
268 20 8 50
269 20 8 50
985 20 9 33
986 20 9 33
987 20 9 33
473 20 10 33
474 20 10 33
475 20 10 33
1176 20 11 50
1177 20 11 50
1107 20 12 33
1108 20 12 33
1109 20 12 33
593 20 13 33
594 20 13 33
595 20 13 33
57 20 14 50
58 20 14 50
796 20 15 50
797 20 15 50
1050 20 16 100
524 20 17 100
1230 20 18 100
701 20 19 50
703 20 19 50
