tunnel_num s t weight
1021 0 1 56
1022 0 1 43
502 0 2 100
1204 0 3 100
680 0 4 100
155 0 5 100
887 0 6 100
355 0 7 100
770 0 8 91
772 0 8 8
245 0 9 100
958 0 10 100
445 0 11 100
1145 0 12 100
628 0 13 100
90 0 14 100
838 0 15 100
572 0 16 100
27 0 17 100
753 0 18 100
228 0 19 100
943 0 20 100
157 1 0 100
1211 1 2 100
507 1 3 100
541 1 4 100
1062 1 5 100
358 1 6 100
889 1 7 100
634 1 8 100
1149 1 9 100
449 1 10 100
966 1 11 100
1029 1 12 100
306 1 13 100
844 1 14 100
97 1 15 100
434 1 16 100
949 1 17 100
238 1 18 100
761 1 19 100
826 1 20 100
1253 2 0 100
721 2 1 100
544 2 3 100
894 2 4 100
361 2 5 100
688 2 6 100
164 2 7 100
513 2 8 100
1216 2 9 100
310 2 10 100
1033 2 11 100
102 2 12 100
850 2 13 100
1155 2 14 100
638 2 15 100
298 2 16 100
1018 2 17 100
89 2 18 100
835 2 19 100
1140 2 20 100
1090 3 0 100
396 3 1 100
42 3 2 100
249 3 4 100
774 3 5 100
447 3 6 100
962 3 7 100
629 3 8 100
1146 3 9 100
841 3 10 100
93 3 11 100
1024 3 12 100
301 3 13 100
1206 3 14 100
503 3 15 100
856 3 16 100
109 3 17 100
1039 3 18 100
317 3 19 100
1221 3 20 100
967 4 0 100
452 4 1 100
1152 4 2 100
636 4 3 100
47 4 5 100
776 4 6 100
252 4 7 100
511 4 8 100
1213 4 9 100
684 4 10 37
685 4 10 62
159 4 11 100
99 4 12 100
849 4 13 100
307 4 14 100
1030 4 15 100
695 4 16 100
171 4 17 100
899 4 18 100
369 4 19 100
322 4 20 100
854 5 0 100
106 5 1 100
641 5 2 100
1159 5 3 100
456 5 4 100
254 5 6 100
780 5 7 100
365 5 8 100
895 5 9 100
165 5 10 100
689 5 11 100
1218 5 12 100
515 5 13 100
1037 5 14 100
314 5 15 100
553 5 16 100
1070 5 17 100
374 5 18 100
903 5 19 100
178 5 20 100
693 6 0 100
168 6 1 100
520 6 2 100
1225 6 3 100
1063 6 4 100
546 6 5 100
367 6 7 100
1166 6 8 100
648 6 9 100
974 6 10 100
463 6 11 100
321 6 12 100
1044 6 13 100
114 6 14 100
859 6 15 100
401 6 16 100
1095 6 17 100
201 6 18 100
922 6 19 100
784 6 20 100
548 7 0 100
1065 7 1 100
724 7 2 100
1 7 3 100
174 7 4 100
699 7 5 100
373 7 6 100
1046 7 8 100
333 7 9 100
1228 7 10 100
523 7 11 100
655 7 12 100
1175 7 13 100
865 7 14 100
123 7 15 100
267 7 16 100
795 7 17 100
471 7 18 100
984 7 19 100
1106 7 20 100
187 8 0 100
912 8 1 100
386 8 2 100
1077 8 3 100
563 8 4 100
19 8 5 100
742 8 6 100
215 8 7 100
416 8 9 100
1115 8 10 100
599 8 11 100
63 8 12 100
802 8 13 100
274 8 14 100
991 8 15 100
1123 8 16 100
609 8 17 100
69 8 18 100
812 8 19 100
283 8 20 100
23 9 0 100
568 9 1 100
1082 9 2 100
389 9 3 100
421 9 4 100
937 9 5 100
220 9 6 100
745 9 7 100
805 9 8 100
602 9 10 100
1116 9 11 100
1182 9 12 100
479 9 13 100
994 9 14 100
277 9 15 100
1004 9 16 100
290 9 17 100
817 9 18 100
75 9 19 100
135 9 20 100
1121 10 0 100
607 10 1 100
940 10 2 100
422 10 3 100
747 10 4 100
222 10 5 100
571 10 6 100
26 10 7 100
660 10 8 100
129 10 9 100
1185 10 11 100
281 10 12 100
997 10 13 100
66 10 14 100
809 10 15 100
881 10 16 100
347 10 17 100
671 10 18 100
145 10 19 100
491 10 20 100
1002 11 0 100
288 11 1 100
1188 11 2 100
483 11 3 100
134 11 4 100
662 11 5 100
339 11 6 100
873 11 7 100
224 11 8 100
749 11 9 100
425 11 10 100
611 11 12 100
1125 11 13 100
814 11 14 100
72 11 15 100
717 11 16 100
1249 11 17 100
918 11 18 100
191 11 19 100
1083 11 20 100
879 12 0 100
345 12 1 100
1054 12 2 100
534 12 3 69
535 12 3 30
490 12 4 100
1194 12 5 100
670 12 6 100
143 12 7 100
82 12 8 100
823 12 9 100
293 12 10 100
1009 12 11 100
433 12 13 100
1131 12 14 100
617 12 15 100
578 12 16 100
33 12 17 100
760 12 18 100
234 12 19 100
194 12 20 100
714 13 0 100
1246 13 1 100
537 13 2 100
1057 13 3 100
353 13 4 100
884 13 5 49
885 13 5 50
151 13 6 100
679 13 7 100
1201 13 8 100
497 13 9 34
499 13 9 65
1016 13 10 100
295 13 11 100
833 13 12 100
623 13 14 100
1138 13 15 100
441 13 16 100
956 13 17 100
242 13 18 100
767 13 19 100
39 13 20 100
575 14 0 100
30 14 1 100
392 14 2 100
1086 14 3 100
948 14 4 100
429 14 5 100
755 14 6 100
230 14 7 100
79 14 8 100
820 14 9 100
1129 14 10 100
614 14 11 100
485 14 12 100
1191 14 13 100
1006 14 15 100
874 14 16 100
340 14 17 100
665 14 18 100
139 14 19 100
1239 14 20 100
437 15 0 100
953 15 1 100
620 15 2 98
621 15 2 1
1134 15 3 100
36 15 4 100
582 15 5 100
239 15 6 100
764 15 7 100
1198 15 8 100
494 15 9 100
147 15 10 100
674 15 11 100
829 15 12 100
85 15 13 100
1012 15 14 100
710 15 16 100
1243 15 17 100
915 15 18 100
189 15 19 100
349 15 20 100
50 16 0 100
781 16 1 100
256 16 2 100
971 16 3 100
458 16 4 100
1163 16 5 100
644 16 6 100
111 16 7 100
555 16 8 100
4 16 9 100
726 16 10 100
198 16 11 100
919 16 12 100
399 16 13 100
1092 16 14 100
584 16 15 100
530 16 17 100
1234 16 18 100
706 16 19 100
179 16 20 100
1170 17 0 100
467 17 1 100
979 17 2 100
263 17 3 100
328 17 4 100
864 17 5 100
120 17 6 100
650 17 7 100
408 17 8 100
929 17 9 100
207 17 10 100
732 17 11 100
790 17 12 100
55 17 13 100
590 17 14 100
1102 17 15 100
907 17 16 100
709 17 18 100
1238 17 19 100
9 17 20 100
1053 18 0 100
529 18 1 100
870 18 2 100
334 18 3 100
657 18 4 100
126 18 5 100
477 18 6 100
1181 18 7 100
271 18 8 100
988 18 9 100
60 18 10 100
801 18 11 100
1112 18 12 100
596 18 13 100
934 18 14 100
413 18 15 100
738 18 16 100
214 18 17 100
15 18 19 100
383 18 20 100
904 19 0 100
182 19 1 100
1071 19 2 100
378 19 3 100
6 19 4 100
559 19 5 100
203 19 6 100
728 19 7 100
405 19 8 100
925 19 9 100
589 19 10 100
1098 19 11 100
787 19 12 100
51 19 13 100
977 19 14 100
259 19 15 100
1168 19 16 100
466 19 17 100
117 19 18 100
327 19 20 100
734 20 0 100
209 20 1 100
931 20 2 100
411 20 3 100
380 20 4 100
1076 20 5 100
560 20 6 100
12 20 7 100
268 20 8 100
985 20 9 100
475 20 10 100
1176 20 11 100
1107 20 12 100
593 20 13 100
57 20 14 100
796 20 15 100
1048 20 16 100
525 20 17 100
1230 20 18 100
703 20 19 100
