tunnel_num s t weight
1021 0 1 50
1022 0 1 50
500 0 2 50
502 0 2 50
1203 0 3 50
1204 0 3 50
680 0 4 33
681 0 4 33
682 0 4 33
153 0 5 50
155 0 5 50
886 0 6 50
887 0 6 50
355 0 7 33
356 0 7 33
357 0 7 33
770 0 8 50
772 0 8 50
247 0 9 100
960 0 10 100
443 0 11 100
1143 0 12 100
628 0 13 100
90 0 14 33
91 0 14 33
92 0 14 33
840 0 15 33
838 0 15 33
839 0 15 33
573 0 16 50
574 0 16 50
28 0 17 50
29 0 17 50
753 0 18 50
754 0 18 50
227 0 19 50
228 0 19 50
944 0 20 33
945 0 20 33
943 0 20 33
156 1 0 50
157 1 0 50
1209 1 2 50
1211 1 2 50
506 1 3 50
507 1 3 50
539 1 4 33
540 1 4 33
541 1 4 33
1060 1 5 50
1062 1 5 50
358 1 6 50
359 1 6 50
889 1 7 33
890 1 7 33
891 1 7 33
632 1 8 50
634 1 8 50
1151 1 9 100
451 1 10 100
964 1 11 100
1027 1 12 50
1029 1 12 50
306 1 13 100
844 1 14 50
845 1 14 50
96 1 15 50
97 1 15 50
435 1 16 50
436 1 16 50
950 1 17 50
951 1 17 50
237 1 18 50
238 1 18 50
761 1 19 50
762 1 19 50
826 1 20 50
827 1 20 50
1251 2 0 50
1253 2 0 50
721 2 1 50
719 2 1 50
542 2 3 100
892 2 4 50
894 2 4 50
361 2 5 50
363 2 5 50
688 2 6 50
686 2 6 50
162 2 7 50
164 2 7 50
512 2 8 50
514 2 8 50
1217 2 9 50
1215 2 9 50
312 2 10 50
311 2 10 50
1033 2 11 100
102 2 12 100
850 2 13 50
852 2 13 50
1155 2 14 50
1157 2 14 50
640 2 15 50
638 2 15 50
300 2 16 100
1020 2 17 100
89 2 18 100
835 2 19 50
837 2 19 50
1140 2 20 50
1142 2 20 50
1089 3 0 50
1090 3 0 50
395 3 1 50
396 3 1 50
42 3 2 100
248 3 4 33
249 3 4 33
250 3 4 33
773 3 5 50
774 3 5 50
446 3 6 50
447 3 6 50
961 3 7 33
962 3 7 33
963 3 7 33
629 3 8 50
630 3 8 50
1146 3 9 50
1148 3 9 50
841 3 10 50
843 3 10 50
93 3 11 100
1024 3 12 100
301 3 13 50
303 3 13 50
1208 3 14 33
1206 3 14 33
1207 3 14 33
504 3 15 33
505 3 15 33
503 3 15 33
857 3 16 50
858 3 16 50
108 3 17 50
110 3 17 50
1041 3 18 50
1039 3 18 50
316 3 19 50
317 3 19 50
1221 3 20 33
1222 3 20 33
1223 3 20 33
968 4 0 33
969 4 0 33
967 4 0 33
452 4 1 33
453 4 1 33
454 4 1 33
1152 4 2 50
1154 4 2 50
635 4 3 33
636 4 3 33
637 4 3 33
46 4 5 50
47 4 5 50
776 4 6 50
777 4 6 50
251 4 7 50
252 4 7 50
510 4 8 50
511 4 8 50
1214 4 9 100
685 4 10 100
161 4 11 50
159 4 11 50
99 4 12 50
101 4 12 50
849 4 13 100
307 4 14 33
308 4 14 33
309 4 14 33
1032 4 15 33
1030 4 15 33
1031 4 15 33
696 4 16 100
172 4 17 100
899 4 18 100
369 4 19 50
371 4 19 50
322 4 20 50
324 4 20 50
853 5 0 50
854 5 0 50
105 5 1 50
106 5 1 50
641 5 2 50
643 5 2 50
1158 5 3 50
1159 5 3 50
456 5 4 50
457 5 4 50
254 5 6 50
255 5 6 50
779 5 7 50
780 5 7 50
364 5 8 50
365 5 8 50
895 5 9 100
165 5 10 100
690 5 11 50
691 5 11 50
1219 5 12 50
1220 5 12 50
515 5 13 50
517 5 13 50
1036 5 14 50
1037 5 14 50
313 5 15 50
314 5 15 50
552 5 16 50
551 5 16 50
1068 5 17 50
1069 5 17 50
374 5 18 50
375 5 18 50
901 5 19 33
902 5 19 33
903 5 19 33
176 5 20 50
178 5 20 50
692 6 0 50
693 6 0 50
168 6 1 50
169 6 1 50
520 6 2 50
518 6 2 50
1224 6 3 50
1225 6 3 50
1064 6 4 50
1063 6 4 50
546 6 5 50
547 6 5 50
368 6 7 50
367 6 7 50
1165 6 8 100
649 6 9 100
975 6 10 100
461 6 11 50
463 6 11 50
321 6 12 50
319 6 12 50
1044 6 13 100
114 6 14 50
115 6 14 50
859 6 15 33
860 6 15 33
861 6 15 33
402 6 16 50
403 6 16 50
1096 6 17 100
201 6 18 100
922 6 19 50
924 6 19 50
784 6 20 50
786 6 20 50
548 7 0 33
549 7 0 33
550 7 0 33
1065 7 1 33
1066 7 1 33
1067 7 1 33
722 7 2 50
724 7 2 50
0 7 3 33
1 7 3 33
2 7 3 33
174 7 4 50
175 7 4 50
699 7 5 50
700 7 5 50
372 7 6 50
373 7 6 50
1046 7 8 50
1047 7 8 50
333 7 9 100
1229 7 10 100
521 7 11 50
523 7 11 50
653 7 12 50
655 7 12 50
1175 7 13 100
865 7 14 33
866 7 14 33
867 7 14 33
123 7 15 33
124 7 15 33
125 7 15 33
266 7 16 100
794 7 17 100
471 7 18 100
984 7 19 50
982 7 19 50
1104 7 20 50
1106 7 20 50
185 8 0 50
187 8 0 50
912 8 1 50
910 8 1 50
386 8 2 50
388 8 2 50
1077 8 3 50
1078 8 3 50
563 8 4 100
18 8 5 50
19 8 5 50
741 8 6 100
215 8 7 100
416 8 9 100
1113 8 10 100
601 8 11 50
599 8 11 50
65 8 12 50
63 8 12 50
802 8 13 100
274 8 14 33
275 8 14 33
276 8 14 33
992 8 15 33
993 8 15 33
991 8 15 33
1122 8 16 100
608 8 17 50
610 8 17 50
69 8 18 50
71 8 18 50
811 8 19 50
812 8 19 50
283 8 20 50
284 8 20 50
23 9 0 100
568 9 1 100
1081 9 2 50
1082 9 2 50
389 9 3 50
391 9 3 50
421 9 4 100
937 9 5 100
220 9 6 100
745 9 7 100
805 9 8 100
602 9 10 100
1117 9 11 50
1118 9 11 50
1184 9 12 50
1183 9 12 50
479 9 13 100
994 9 14 50
996 9 14 50
278 9 15 50
279 9 15 50
1003 9 16 50
1005 9 16 50
289 9 17 50
291 9 17 50
817 9 18 50
819 9 18 50
75 9 19 50
77 9 19 50
137 9 20 50
135 9 20 50
1121 10 0 100
607 10 1 100
941 10 2 50
942 10 2 50
424 10 3 50
422 10 3 50
shutdown 10 4
221 10 5 100
571 10 6 100
shutdown 10 7
659 10 8 100
129 10 9 100
1186 10 11 50
1187 10 11 50
281 10 12 50
282 10 12 50
997 10 13 100
67 10 14 50
68 10 14 50
809 10 15 50
810 10 15 50
880 10 16 50
882 10 16 50
346 10 17 100
673 10 18 50
671 10 18 50
144 10 19 100
491 10 20 50
493 10 20 50
1000 11 0 100
286 11 1 100
1188 11 2 100
482 11 3 100
132 11 4 50
134 11 4 50
664 11 5 50
663 11 5 50
337 11 6 50
339 11 6 50
873 11 7 50
871 11 7 50
225 11 8 50
226 11 8 50
750 11 9 50
751 11 9 50
426 11 10 50
427 11 10 50
611 11 12 100
1126 11 13 50
1127 11 13 50
814 11 14 100
72 11 15 100
718 11 16 100
1250 11 17 100
918 11 18 100
192 11 19 50
193 11 19 50
1083 11 20 50
1085 11 20 50
877 12 0 100
345 12 1 50
343 12 1 50
1054 12 2 100
533 12 3 100
488 12 4 50
490 12 4 50
1195 12 5 50
1196 12 5 50
668 12 6 50
670 12 6 50
141 12 7 50
143 12 7 50
81 12 8 50
83 12 8 50
824 12 9 50
825 12 9 50
293 12 10 50
294 12 10 50
1009 12 11 100
433 12 13 50
431 12 13 50
1131 12 14 50
1133 12 14 50
617 12 15 100
580 12 16 100
35 12 17 100
760 12 18 100
233 12 19 50
235 12 19 50
194 12 20 50
196 12 20 50
715 13 0 100
1247 13 1 100
536 13 2 50
538 13 2 50
1057 13 3 50
1059 13 3 50
354 13 4 100
883 13 5 50
885 13 5 50
152 13 6 100
679 13 7 100
1200 13 8 100
497 13 9 100
1015 13 10 100
296 13 11 50
297 13 11 50
832 13 12 50
834 13 12 50
625 13 14 50
623 13 14 50
1137 13 15 50
1139 13 15 50
440 13 16 50
442 13 16 50
955 13 17 50
957 13 17 50
242 13 18 50
244 13 18 50
769 13 19 50
767 13 19 50
41 13 20 50
39 13 20 50
576 14 0 33
577 14 0 33
575 14 0 33
30 14 1 50
31 14 1 50
392 14 2 50
394 14 2 50
1088 14 3 33
1086 14 3 33
1087 14 3 33
946 14 4 33
947 14 4 33
948 14 4 33
428 14 5 50
429 14 5 50
755 14 6 50
756 14 6 50
232 14 7 33
230 14 7 33
231 14 7 33
78 14 8 50
79 14 8 50
820 14 9 50
822 14 9 50
1129 14 10 50
1130 14 10 50
614 14 11 100
485 14 12 50
487 14 12 50
1193 14 13 50
1191 14 13 50
1008 14 15 33
1006 14 15 33
1007 14 15 33
875 14 16 50
876 14 16 50
341 14 17 50
342 14 17 50
665 14 18 100
138 14 19 50
139 14 19 50
1240 14 20 33
1241 14 20 33
1239 14 20 33
437 15 0 33
438 15 0 33
439 15 0 33
952 15 1 50
953 15 1 50
620 15 2 50
622 15 2 50
1136 15 3 33
1134 15 3 33
1135 15 3 33
36 15 4 33
37 15 4 33
38 15 4 33
581 15 5 50
582 15 5 50
240 15 6 50
239 15 6 50
764 15 7 33
765 15 7 33
766 15 7 33
1197 15 8 50
1198 15 8 50
496 15 9 50
495 15 9 50
148 15 10 50
149 15 10 50
674 15 11 100
829 15 12 100
84 15 13 50
86 15 13 50
1012 15 14 33
1013 15 14 33
1014 15 14 33
712 15 16 50
711 15 16 50
1242 15 17 50
1244 15 17 50
913 15 18 50
915 15 18 50
188 15 19 50
189 15 19 50
349 15 20 33
350 15 20 33
351 15 20 33
49 16 0 100
782 16 1 50
783 16 1 50
258 16 2 100
970 16 3 50
972 16 3 50
459 16 4 100
1161 16 5 50
1162 16 5 50
645 16 6 50
646 16 6 50
112 16 7 100
554 16 8 100
3 16 9 50
5 16 9 50
725 16 10 50
727 16 10 50
199 16 11 100
921 16 12 100
400 16 13 50
398 16 13 50
1093 16 14 50
1094 16 14 50
585 16 15 100
530 16 17 50
531 16 17 50
1233 16 18 50
1235 16 18 50
704 16 19 50
705 16 19 50
180 16 20 50
181 16 20 50
1171 17 0 50
1172 17 0 50
468 17 1 50
469 17 1 50
981 17 2 100
264 17 3 50
262 17 3 50
329 17 4 100
862 17 5 50
863 17 5 50
121 17 6 50
122 17 6 50
651 17 7 100
409 17 8 50
407 17 8 50
928 17 9 50
930 17 9 50
206 17 10 100
733 17 11 100
792 17 12 100
56 17 13 50
54 17 13 50
592 17 14 50
591 17 14 50
1101 17 15 50
1103 17 15 50
907 17 16 50
908 17 16 50
707 17 18 50
708 17 18 50
1236 17 19 50
1237 17 19 50
10 17 20 50
11 17 20 50
1052 18 0 50
1053 18 0 50
528 18 1 50
529 18 1 50
870 18 2 100
336 18 3 50
334 18 3 50
657 18 4 50
658 18 4 50
126 18 5 50
127 18 5 50
477 18 6 100
1180 18 7 50
1181 18 7 50
273 18 8 50
271 18 8 50
988 18 9 50
990 18 9 50
60 18 10 50
62 18 10 50
801 18 11 100
1112 18 12 100
596 18 13 50
598 18 13 50
934 18 14 100
413 18 15 100
737 18 16 50
739 18 16 50
212 18 17 50
213 18 17 50
17 18 19 50
15 18 19 50
385 18 20 50
383 18 20 50
904 19 0 33
905 19 0 33
906 19 0 33
182 19 1 50
183 19 1 50
1073 19 2 50
1071 19 2 50
377 19 3 50
378 19 3 50
6 19 4 100
557 19 5 33
558 19 5 33
559 19 5 33
203 19 6 50
205 19 6 50
728 19 7 100
404 19 8 50
405 19 8 50
925 19 9 50
927 19 9 50
587 19 10 100
1099 19 11 50
1100 19 11 50
787 19 12 50
789 19 12 50
51 19 13 50
53 19 13 50
976 19 14 50
977 19 14 50
259 19 15 33
260 19 15 33
261 19 15 33
1169 19 16 50
1167 19 16 50
464 19 17 50
465 19 17 50
117 19 18 50
119 19 18 50
325 19 20 50
327 19 20 50
736 20 0 33
734 20 0 33
735 20 0 33
209 20 1 50
210 20 1 50
931 20 2 50
933 20 2 50
410 20 3 33
411 20 3 33
412 20 3 33
380 20 4 50
382 20 4 50
1074 20 5 50
1076 20 5 50
560 20 6 50
562 20 6 50
12 20 7 50
14 20 7 50
268 20 8 50
269 20 8 50
985 20 9 50
987 20 9 50
473 20 10 50
475 20 10 50
1176 20 11 50
1178 20 11 50
1107 20 12 50
1109 20 12 50
593 20 13 50
595 20 13 50
57 20 14 33
58 20 14 33
59 20 14 33
796 20 15 33
797 20 15 33
798 20 15 33
1049 20 16 50
1050 20 16 50
524 20 17 50
526 20 17 50
1232 20 18 50
1230 20 18 50
701 20 19 50
703 20 19 50
