tunnel_num s t weight
1021 0 1 100
502 0 2 100
1203 0 3 100
680 0 4 100
154 0 5 100
886 0 6 100
355 0 7 100
770 0 8 100
246 0 9 100
959 0 10 100
443 0 11 100
1143 0 12 100
626 0 13 91
628 0 13 8
90 0 14 100
838 0 15 100
574 0 16 100
29 0 17 100
752 0 18 100
227 0 19 100
943 0 20 100
156 1 0 100
1211 1 2 100
506 1 3 100
539 1 4 100
1060 1 5 100
358 1 6 100
889 1 7 100
632 1 8 100
1151 1 9 100
451 1 10 100
964 1 11 100
1029 1 12 100
306 1 13 100
844 1 14 100
96 1 15 100
434 1 16 100
949 1 17 100
236 1 18 100
761 1 19 100
826 1 20 100
1253 2 0 100
721 2 1 100
542 2 3 100
894 2 4 100
363 2 5 100
688 2 6 100
164 2 7 100
514 2 8 100
1217 2 9 100
312 2 10 100
1033 2 11 100
102 2 12 100
852 2 13 100
1157 2 14 100
638 2 15 100
300 2 16 100
1020 2 17 100
89 2 18 100
837 2 19 100
1142 2 20 100
1089 3 0 100
395 3 1 100
42 3 2 100
250 3 4 100
773 3 5 100
446 3 6 100
963 3 7 100
630 3 8 100
1148 3 9 100
843 3 10 100
93 3 11 100
1024 3 12 100
303 3 13 100
1206 3 14 100
503 3 15 100
856 3 16 100
108 3 17 100
1039 3 18 100
316 3 19 100
1221 3 20 100
967 4 0 100
452 4 1 100
1152 4 2 100
635 4 3 100
47 4 5 100
776 4 6 100
252 4 7 100
511 4 8 100
1214 4 9 100
685 4 10 100
159 4 11 100
99 4 12 100
849 4 13 100
307 4 14 100
1030 4 15 100
695 4 16 100
171 4 17 100
898 4 18 100
369 4 19 100
322 4 20 100
854 5 0 100
105 5 1 100
643 5 2 100
1159 5 3 100
457 5 4 100
253 5 6 100
780 5 7 100
365 5 8 100
895 5 9 100
165 5 10 100
691 5 11 100
1220 5 12 100
517 5 13 100
1036 5 14 100
313 5 15 100
552 5 16 100
1068 5 17 100
374 5 18 100
901 5 19 100
176 5 20 100
692 6 0 100
168 6 1 100
518 6 2 100
1224 6 3 100
1063 6 4 100
545 6 5 100
367 6 7 100
1165 6 8 100
649 6 9 100
975 6 10 100
461 6 11 100
319 6 12 100
1044 6 13 100
114 6 14 100
859 6 15 100
401 6 16 100
1095 6 17 100
200 6 18 100
922 6 19 100
784 6 20 100
548 7 0 100
1065 7 1 100
722 7 2 100
0 7 3 100
175 7 4 100
700 7 5 100
372 7 6 100
1047 7 8 100
333 7 9 100
1229 7 10 100
521 7 11 100
653 7 12 100
1175 7 13 100
865 7 14 100
123 7 15 100
265 7 16 100
793 7 17 100
470 7 18 100
982 7 19 100
1104 7 20 100
185 8 0 100
910 8 1 100
388 8 2 100
1078 8 3 100
565 8 4 100
19 8 5 100
740 8 6 100
217 8 7 100
416 8 9 100
1113 8 10 100
601 8 11 100
65 8 12 100
802 8 13 100
274 8 14 100
991 8 15 100
1123 8 16 100
608 8 17 100
69 8 18 100
812 8 19 100
284 8 20 100
23 9 0 100
568 9 1 100
1082 9 2 100
391 9 3 100
419 9 4 100
937 9 5 100
218 9 6 100
743 9 7 100
805 9 8 100
602 9 10 100
1118 9 11 100
1184 9 12 100
479 9 13 100
996 9 14 100
279 9 15 100
1005 9 16 100
291 9 17 100
817 9 18 100
77 9 19 100
137 9 20 100
1121 10 0 100
607 10 1 100
942 10 2 100
424 10 3 100
746 10 4 100
221 10 5 100
569 10 6 100
24 10 7 100
659 10 8 100
129 10 9 100
1187 10 11 100
282 10 12 100
997 10 13 100
68 10 14 100
810 10 15 100
882 10 16 100
346 10 17 100
671 10 18 100
144 10 19 100
493 10 20 100
1000 11 0 100
286 11 1 100
1188 11 2 100
482 11 3 100
134 11 4 100
664 11 5 100
339 11 6 100
873 11 7 100
226 11 8 100
751 11 9 100
427 11 10 100
611 11 12 100
1127 11 13 100
814 11 14 100
72 11 15 100
718 11 16 100
1250 11 17 100
918 11 18 100
193 11 19 100
1085 11 20 100
877 12 0 100
345 12 1 100
1054 12 2 100
533 12 3 100
490 12 4 100
1196 12 5 100
670 12 6 100
143 12 7 100
83 12 8 100
825 12 9 100
294 12 10 100
1009 12 11 100
433 12 13 100
1133 12 14 100
617 12 15 100
580 12 16 100
35 12 17 100
760 12 18 100
235 12 19 100
196 12 20 100
715 13 0 100
1247 13 1 100
538 13 2 100
1059 13 3 100
352 13 4 100
885 13 5 100
150 13 6 100
677 13 7 100
1200 13 8 100
497 13 9 100
1015 13 10 100
297 13 11 100
834 13 12 100
625 13 14 100
1139 13 15 100
442 13 16 100
957 13 17 100
242 13 18 100
769 13 19 100
41 13 20 100
575 14 0 100
30 14 1 100
392 14 2 100
1086 14 3 100
946 14 4 100
430 14 5 100
755 14 6 100
230 14 7 100
78 14 8 100
820 14 9 100
1129 14 10 100
614 14 11 100
485 14 12 100
1191 14 13 100
1006 14 15 100
876 14 16 100
342 14 17 100
665 14 18 100
138 14 19 100
1239 14 20 100
437 15 0 100
952 15 1 100
622 15 2 100
1134 15 3 100
38 15 4 100
583 15 5 100
239 15 6 100
766 15 7 100
1197 15 8 100
495 15 9 100
148 15 10 100
674 15 11 100
829 15 12 100
84 15 13 100
1012 15 14 100
712 15 16 100
1242 15 17 100
913 15 18 100
188 15 19 100
349 15 20 100
48 16 0 100
782 16 1 100
258 16 2 100
970 16 3 100
458 16 4 100
1161 16 5 100
644 16 6 100
111 16 7 100
555 16 8 100
3 16 9 100
725 16 10 100
199 16 11 100
921 16 12 100
398 16 13 100
1093 16 14 100
584 16 15 100
530 16 17 100
1233 16 18 100
704 16 19 100
179 16 20 100
1170 17 0 100
467 17 1 100
981 17 2 100
264 17 3 100
328 17 4 100
862 17 5 100
120 17 6 100
650 17 7 100
407 17 8 100
930 17 9 100
206 17 10 100
733 17 11 100
792 17 12 100
56 17 13 100
590 17 14 100
1101 17 15 100
907 17 16 100
707 17 18 100
1237 17 19 100
11 17 20 100
1053 18 0 100
527 18 1 100
870 18 2 100
336 18 3 100
656 18 4 100
126 18 5 100
476 18 6 100
1179 18 7 100
273 18 8 100
990 18 9 100
62 18 10 100
801 18 11 100
1112 18 12 100
598 18 13 100
935 18 14 100
413 18 15 100
737 18 16 100
212 18 17 100
15 18 19 100
383 18 20 100
906 19 0 100
182 19 1 100
1073 19 2 100
378 19 3 100
8 19 4 100
558 19 5 100
204 19 6 100
730 19 7 100
405 19 8 100
927 19 9 100
587 19 10 100
1100 19 11 100
789 19 12 100
53 19 13 100
977 19 14 100
259 19 15 100
1167 19 16 100
464 19 17 100
117 19 18 100
325 19 20 100
735 20 0 100
209 20 1 100
933 20 2 100
410 20 3 100
380 20 4 100
1075 20 5 100
560 20 6 100
12 20 7 100
268 20 8 78
269 20 8 21
985 20 9 100
473 20 10 100
1178 20 11 100
1109 20 12 100
593 20 13 100
57 20 14 100
796 20 15 100
1049 20 16 100
524 20 17 100
1230 20 18 100
701 20 19 100
