tunnel_num s t weight
1021 0 1 100
500 0 2 100
1203 0 3 100
681 0 4 100
shutdown 0 5
887 0 6 100
356 0 7 100
770 0 8 100
245 0 9 50
247 0 9 50
960 0 10 50
958 0 10 50
443 0 11 50
445 0 11 50
1145 0 12 50
1143 0 12 50
627 0 13 50
628 0 13 50
90 0 14 100
838 0 15 100
shutdown 0 16
shutdown 0 17
shutdown 0 18
shutdown 0 19
944 0 20 100
156 1 0 100
1209 1 2 100
506 1 3 100
540 1 4 100
shutdown 1 5
359 1 6 100
890 1 7 100
632 1 8 100
1149 1 9 50
1151 1 9 50
449 1 10 50
451 1 10 50
964 1 11 50
966 1 11 50
1027 1 12 100
305 1 13 50
306 1 13 50
845 1 14 100
96 1 15 100
shutdown 1 16
shutdown 1 17
shutdown 1 18
shutdown 1 19
827 1 20 100
1251 2 0 100
719 2 1 100
542 2 3 50
543 2 3 50
894 2 4 100
361 2 5 100
688 2 6 100
164 2 7 100
512 2 8 50
513 2 8 50
1216 2 9 50
1215 2 9 50
310 2 10 50
311 2 10 50
1033 2 11 50
1034 2 11 50
102 2 12 50
103 2 12 50
850 2 13 50
851 2 13 50
1155 2 14 100
638 2 15 100
shutdown 2 16
shutdown 2 17
shutdown 2 18
835 2 19 100
1140 2 20 100
1089 3 0 100
395 3 1 100
42 3 2 50
43 3 2 50
249 3 4 50
250 3 4 50
774 3 5 100
447 3 6 100
962 3 7 50
963 3 7 50
629 3 8 50
631 3 8 50
1146 3 9 50
1147 3 9 50
841 3 10 50
842 3 10 50
93 3 11 50
94 3 11 50
1024 3 12 50
1025 3 12 50
301 3 13 50
302 3 13 50
1206 3 14 100
503 3 15 100
858 3 16 100
shutdown 3 17
shutdown 3 18
317 3 19 100
1221 3 20 100
968 4 0 100
453 4 1 100
shutdown 4 2
636 4 3 100
45 4 5 33
46 4 5 33
47 4 5 33
776 4 6 50
777 4 6 50
251 4 7 50
252 4 7 50
shutdown 4 8
shutdown 4 9
shutdown 4 10
shutdown 4 11
shutdown 4 12
shutdown 4 13
307 4 14 50
309 4 14 50
1032 4 15 50
1030 4 15 50
696 4 16 33
697 4 16 33
695 4 16 33
171 4 17 33
172 4 17 33
173 4 17 33
898 4 18 33
899 4 18 33
900 4 18 33
369 4 19 33
370 4 19 33
371 4 19 33
322 4 20 33
323 4 20 33
324 4 20 33
shutdown 5 0
shutdown 5 1
641 5 2 100
1159 5 3 100
456 5 4 33
457 5 4 33
455 5 4 33
253 5 6 50
254 5 6 50
778 5 7 33
779 5 7 33
780 5 7 33
365 5 8 100
896 5 9 100
166 5 10 100
690 5 11 100
1219 5 12 100
516 5 13 50
517 5 13 50
1036 5 14 50
1038 5 14 50
314 5 15 50
315 5 15 50
552 5 16 50
551 5 16 50
1068 5 17 33
1069 5 17 33
1070 5 17 33
376 5 18 33
374 5 18 33
375 5 18 33
901 5 19 50
902 5 19 50
176 5 20 50
177 5 20 50
693 6 0 100
169 6 1 100
520 6 2 100
1225 6 3 100
1064 6 4 50
1063 6 4 50
545 6 5 50
546 6 5 50
368 6 7 50
367 6 7 50
1166 6 8 100
shutdown 6 9
shutdown 6 10
463 6 11 100
321 6 12 100
shutdown 6 13
114 6 14 50
116 6 14 50
859 6 15 100
401 6 16 50
402 6 16 50
1096 6 17 33
1097 6 17 33
1095 6 17 33
200 6 18 33
201 6 18 33
202 6 18 33
922 6 19 50
923 6 19 50
784 6 20 50
785 6 20 50
549 7 0 100
1066 7 1 100
shutdown 7 2
1 7 3 100
174 7 4 50
175 7 4 50
698 7 5 33
699 7 5 33
700 7 5 33
372 7 6 50
373 7 6 50
shutdown 7 8
shutdown 7 9
shutdown 7 10
shutdown 7 11
shutdown 7 12
shutdown 7 13
865 7 14 50
867 7 14 50
123 7 15 50
125 7 15 50
265 7 16 33
266 7 16 33
267 7 16 33
793 7 17 33
794 7 17 33
795 7 17 33
472 7 18 33
470 7 18 33
471 7 18 33
984 7 19 33
982 7 19 33
983 7 19 33
1104 7 20 33
1105 7 20 33
1106 7 20 33
185 8 0 100
910 8 1 100
386 8 2 50
387 8 2 50
1077 8 3 50
1079 8 3 50
shutdown 8 4
19 8 5 100
742 8 6 100
shutdown 8 7
416 8 9 50
417 8 9 50
1113 8 10 50
1114 8 10 50
600 8 11 50
599 8 11 50
64 8 12 50
63 8 12 50
802 8 13 50
803 8 13 50
274 8 14 100
991 8 15 100
1124 8 16 100
shutdown 8 17
shutdown 8 18
812 8 19 100
284 8 20 100
21 9 0 50
23 9 0 50
568 9 1 50
566 9 1 50
1080 9 2 50
1081 9 2 50
389 9 3 50
390 9 3 50
shutdown 9 4
938 9 5 100
shutdown 9 6
shutdown 9 7
805 9 8 50
806 9 8 50
602 9 10 50
603 9 10 50
1116 9 11 50
1117 9 11 50
1182 9 12 50
1183 9 12 50
480 9 13 50
479 9 13 50
995 9 14 50
996 9 14 50
277 9 15 50
279 9 15 50
shutdown 9 16
shutdown 9 17
shutdown 9 18
76 9 19 50
77 9 19 50
136 9 20 50
137 9 20 50
1121 10 0 50
1119 10 0 50
605 10 1 50
607 10 1 50
940 10 2 50
941 10 2 50
422 10 3 50
423 10 3 50
shutdown 10 4
222 10 5 100
shutdown 10 6
shutdown 10 7
659 10 8 50
660 10 8 50
129 10 9 50
130 10 9 50
1185 10 11 50
1186 10 11 50
280 10 12 50
281 10 12 50
997 10 13 50
998 10 13 50
66 10 14 50
68 10 14 50
808 10 15 50
810 10 15 50
shutdown 10 16
shutdown 10 17
shutdown 10 18
145 10 19 100
492 10 20 50
493 10 20 50
1000 11 0 50
1002 11 0 50
288 11 1 50
286 11 1 50
1188 11 2 50
1189 11 2 50
482 11 3 50
483 11 3 50
134 11 4 100
663 11 5 100
339 11 6 100
873 11 7 100
224 11 8 50
225 11 8 50
749 11 9 50
750 11 9 50
425 11 10 50
426 11 10 50
611 11 12 50
612 11 12 50
1125 11 13 50
1126 11 13 50
816 11 14 50
814 11 14 50
72 11 15 50
74 11 15 50
shutdown 11 16
shutdown 11 17
shutdown 11 18
192 11 19 100
1083 11 20 100
877 12 0 50
879 12 0 50
343 12 1 100
1054 12 2 50
1055 12 2 50
533 12 3 50
534 12 3 50
490 12 4 100
1195 12 5 100
670 12 6 100
143 12 7 100
81 12 8 50
82 12 8 50
824 12 9 50
823 12 9 50
292 12 10 50
293 12 10 50
1009 12 11 50
1010 12 11 50
432 12 13 50
431 12 13 50
1131 12 14 100
617 12 15 50
619 12 15 50
shutdown 12 16
shutdown 12 17
shutdown 12 18
233 12 19 100
194 12 20 100
714 13 0 50
715 13 0 50
1246 13 1 50
1247 13 1 50
536 13 2 50
537 13 2 50
1057 13 3 50
1058 13 3 50
shutdown 13 4
884 13 5 50
885 13 5 50
shutdown 13 6
shutdown 13 7
1200 13 8 50
1201 13 8 50
497 13 9 50
498 13 9 50
1016 13 10 50
1015 13 10 50
296 13 11 50
295 13 11 50
832 13 12 50
833 13 12 50
624 13 14 50
625 13 14 50
1138 13 15 50
1139 13 15 50
shutdown 13 16
shutdown 13 17
shutdown 13 18
768 13 19 50
769 13 19 50
40 13 20 50
41 13 20 50
575 14 0 100
31 14 1 100
392 14 2 100
1086 14 3 100
946 14 4 50
948 14 4 50
428 14 5 50
430 14 5 50
755 14 6 50
757 14 6 50
232 14 7 50
230 14 7 50
78 14 8 100
821 14 9 50
822 14 9 50
1128 14 10 50
1130 14 10 50
616 14 11 50
614 14 11 50
485 14 12 100
1192 14 13 50
1193 14 13 50
1006 14 15 100
874 14 16 50
876 14 16 50
340 14 17 50
342 14 17 50
665 14 18 50
667 14 18 50
138 14 19 50
140 14 19 50
1239 14 20 100
437 15 0 100
952 15 1 100
620 15 2 100
1134 15 3 100
36 15 4 100
582 15 5 50
583 15 5 50
241 15 6 50
239 15 6 50
764 15 7 100
1197 15 8 100
496 15 9 50
494 15 9 50
147 15 10 50
149 15 10 50
674 15 11 50
676 15 11 50
829 15 12 50
831 15 12 50
85 15 13 50
86 15 13 50
1012 15 14 100
712 15 16 50
710 15 16 50
1243 15 17 50
1244 15 17 50
913 15 18 100
188 15 19 50
190 15 19 50
349 15 20 100
50 16 0 100
shutdown 16 1
shutdown 16 2
972 16 3 100
458 16 4 33
459 16 4 33
460 16 4 33
1161 16 5 50
1162 16 5 50
644 16 6 50
645 16 6 50
112 16 7 33
113 16 7 33
111 16 7 33
556 16 8 100
shutdown 16 9
shutdown 16 10
shutdown 16 11
shutdown 16 12
shutdown 16 13
1092 16 14 50
1094 16 14 50
584 16 15 100
530 16 17 33
531 16 17 33
532 16 17 33
1233 16 18 33
1234 16 18 33
1235 16 18 33
704 16 19 33
705 16 19 33
706 16 19 33
179 16 20 50
180 16 20 50
shutdown 17 0
shutdown 17 1
shutdown 17 2
264 17 3 100
328 17 4 33
329 17 4 33
330 17 4 33
864 17 5 33
862 17 5 33
863 17 5 33
120 17 6 33
121 17 6 33
122 17 6 33
650 17 7 33
651 17 7 33
652 17 7 33
shutdown 17 8
shutdown 17 9
shutdown 17 10
shutdown 17 11
shutdown 17 12
shutdown 17 13
592 17 14 50
590 17 14 50
1102 17 15 50
1103 17 15 50
907 17 16 33
908 17 16 33
909 17 16 33
707 17 18 33
708 17 18 33
709 17 18 33
1236 17 19 33
1237 17 19 33
1238 17 19 33
9 17 20 33
10 17 20 33
11 17 20 33
shutdown 18 0
shutdown 18 1
shutdown 18 2
shutdown 18 3
656 18 4 33
657 18 4 33
658 18 4 33
128 18 5 33
126 18 5 33
127 18 5 33
476 18 6 33
477 18 6 33
478 18 6 33
1179 18 7 33
1180 18 7 33
1181 18 7 33
shutdown 18 8
shutdown 18 9
shutdown 18 10
shutdown 18 11
shutdown 18 12
shutdown 18 13
936 18 14 50
934 18 14 50
413 18 15 50
415 18 15 50
737 18 16 33
738 18 16 33
739 18 16 33
212 18 17 33
213 18 17 33
214 18 17 33
16 18 19 33
17 18 19 33
15 18 19 33
384 18 20 33
385 18 20 33
383 18 20 33
906 19 0 100
shutdown 19 1
1071 19 2 100
378 19 3 100
8 19 4 33
6 19 4 33
7 19 4 33
557 19 5 50
558 19 5 50
203 19 6 50
204 19 6 50
728 19 7 33
729 19 7 33
730 19 7 33
405 19 8 100
926 19 9 50
927 19 9 50
588 19 10 100
1099 19 11 100
787 19 12 100
52 19 13 50
53 19 13 50
976 19 14 50
978 19 14 50
259 19 15 100
1168 19 16 33
1169 19 16 33
1167 19 16 33
464 19 17 33
465 19 17 33
466 19 17 33
117 19 18 33
118 19 18 33
119 19 18 33
325 19 20 50
326 19 20 50
735 20 0 100
210 20 1 100
931 20 2 100
410 20 3 100
380 20 4 33
381 20 4 33
382 20 4 33
1074 20 5 50
1075 20 5 50
560 20 6 50
561 20 6 50
12 20 7 33
13 20 7 33
14 20 7 33
269 20 8 100
986 20 9 50
987 20 9 50
474 20 10 50
475 20 10 50
1176 20 11 100
1107 20 12 100
594 20 13 50
595 20 13 50
57 20 14 100
796 20 15 100
1048 20 16 50
1049 20 16 50
524 20 17 33
525 20 17 33
526 20 17 33
1232 20 18 33
1230 20 18 33
1231 20 18 33
701 20 19 50
702 20 19 50
