tunnel_num s t weight
163 0 1 100
throttle 0 1 0.173691811522
411 0 2 100
throttle 0 2 0.173691811522
672 0 3 100
throttle 0 3 0.173691811522
87 0 4 100
throttle 0 4 0.173691811522
342 0 5 100
throttle 0 5 0.173691811522
598 0 6 100
throttle 0 6 0.173691811522
21 0 7 100
throttle 0 7 0.173691811522
353 0 8 100
throttle 0 8 0.173691811522
606 0 9 100
throttle 0 9 0.173691811522
32 0 10 100
throttle 0 10 0.173691811522
289 0 11 100
throttle 0 11 0.173691811522
534 0 12 100
throttle 0 12 0.173691811522
780 0 13 100
throttle 0 13 0.173691811522
214 0 14 100
throttle 0 14 0.173691811522
466 0 15 100
throttle 0 15 0.173691811522
657 0 16 100
throttle 0 16 0.173691811522
350 1 0 100
throttle 1 0 0.173691811522
681 1 2 100
throttle 1 2 0.173691811522
419 1 3 100
throttle 1 3 0.173691811522
532 1 4 100
throttle 1 4 0.173691811522
285 1 5 100
throttle 1 5 0.173691811522
27 1 6 100
throttle 1 6 0.173691811522
604 1 7 100
throttle 1 7 0.173691811522
789 1 8 100
throttle 1 8 0.173691811522
543 1 9 100
throttle 1 9 0.173691811522
294 1 10 100
throttle 1 10 0.173691811522
39 1 11 100
throttle 1 11 0.173691811522
168 1 12 100
throttle 1 12 0.173691811522
732 1 13 100
throttle 1 13 0.173691811522
471 1 14 100
throttle 1 14 0.173691811522
223 1 15 100
throttle 1 15 0.173691811522
273 1 16 100
throttle 1 16 0.173691811522
786 2 0 100
throttle 2 0 0.173691811522
219 2 1 100
throttle 2 1 0.173691811522
540 2 3 100
throttle 2 3 0.173691811522
615 2 4 100
throttle 2 4 0.173691811522
37 2 5 100
throttle 2 5 0.173691811522
102 2 6 100
throttle 2 6 0.173691811522
360 2 7 100
throttle 2 7 0.173691811522
429 2 8 100
throttle 2 8 0.173691811522
690 2 9 100
throttle 2 9 0.173691811522
744 2 10 100
throttle 2 10 0.173691811522
181 2 11 100
throttle 2 11 0.173691811522
231 2 12 100
throttle 2 12 0.173691811522
480 2 13 100
throttle 2 13 0.173691811522
552 2 14 100
throttle 2 14 0.173691811522
803 2 15 100
throttle 2 15 0.173691811522
726 2 16 100
throttle 2 16 0.173691811522
426 3 0 100
throttle 3 0 0.173691811522
178 3 1 100
throttle 3 1 0.173691811522
99 3 2 100
throttle 3 2 0.173691811522
612 3 4 100
throttle 3 4 0.173691811522
359 3 5 100
throttle 3 5 0.173691811522
292 3 6 100
throttle 3 6 0.173691811522
33 3 7 100
throttle 3 7 0.173691811522
783 3 8 100
throttle 3 8 0.173691811522
537 3 9 100
throttle 3 9 0.173691811522
468 3 10 100
throttle 3 10 0.173691811522
218 3 11 100
throttle 3 11 0.173691811522
165 3 12 100
throttle 3 12 0.173691811522
729 3 13 100
throttle 3 13 0.173691811522
678 3 14 100
throttle 3 14 0.173691811522
415 3 15 100
throttle 3 15 0.173691811522
489 3 16 100
throttle 3 16 0.173691811522
48 4 0 100
throttle 4 0 0.173691811522
301 4 1 100
throttle 4 1 0.173691811522
550 4 2 100
throttle 4 2 0.173691811522
795 4 3 100
throttle 4 3 0.173691811522
115 4 5 100
throttle 4 5 0.173691811522
372 4 6 100
throttle 4 6 0.173691811522
628 4 7 100
throttle 4 7 0.173691811522
423 4 8 100
throttle 4 8 0.173691811522
688 4 9 100
throttle 4 9 0.173691811522
97 4 10 100
throttle 4 10 0.173691811522
356 4 11 100
throttle 4 11 0.173691811522
229 4 12 100
throttle 4 12 0.173691811522
479 4 13 100
throttle 4 13 0.173691811522
741 4 14 100
throttle 4 14 0.173691811522
175 4 15 100
throttle 4 15 0.173691811522
127 4 16 100
throttle 4 16 0.173691811522
487 5 0 100
throttle 5 0 0.173691811522
243 5 1 100
throttle 5 1 0.173691811522
808 5 2 100
throttle 5 2 0.173691811522
561 5 3 100
throttle 5 3 0.173691811522
313 5 4 100
throttle 5 4 0.173691811522
639 5 6 100
throttle 5 6 0.173691811522
385 5 7 100
throttle 5 7 0.173691811522
47 5 8 100
throttle 5 8 0.173691811522
624 5 9 100
throttle 5 9 0.173691811522
369 5 10 100
throttle 5 10 0.173691811522
112 5 11 100
throttle 5 11 0.173691811522
701 5 12 100
throttle 5 12 0.173691811522
439 5 13 100
throttle 5 13 0.173691811522
183 5 14 100
throttle 5 14 0.173691811522
750 5 15 100
throttle 5 15 0.173691811522
576 5 16 100
throttle 5 16 0.173691811522
125 6 0 100
throttle 6 0 0.173691811522
381 6 1 100
throttle 6 1 0.173691811522
445 6 2 100
throttle 6 2 0.173691811522
707 6 3 100
throttle 6 3 0.173691811522
309 6 4 100
throttle 6 4 0.173691811522
558 6 5 100
throttle 6 5 0.173691811522
62 6 7 100
throttle 6 7 0.173691811522
573 6 8 100
throttle 6 8 0.173691811522
3 6 9 100
throttle 6 9 0.173691811522
72 6 10 100
throttle 6 10 0.173691811522
325 6 11 100
throttle 6 11 0.173691811522
756 6 12 100
throttle 6 12 0.173691811522
189 6 13 100
throttle 6 13 0.173691811522
253 6 14 100
throttle 6 14 0.173691811522
500 6 15 100
throttle 6 15 0.173691811522
198 6 16 100
throttle 6 16 0.173691811522
570 7 0 100
throttle 7 0 0.173691811522
322 7 1 100
throttle 7 1 0.173691811522
249 7 2 100
throttle 7 2 0.173691811522
0 7 3 100
throttle 7 3 0.173691811522
394 7 4 100
throttle 7 4 0.173691811522
136 7 5 100
throttle 7 5 0.173691811522
70 7 6 100
throttle 7 6 0.173691811522
197 7 8 100
throttle 7 8 0.173691811522
762 7 9 100
throttle 7 9 0.173691811522
715 7 10 100
throttle 7 10 0.173691811522
451 7 11 100
throttle 7 11 0.173691811522
13 7 12 100
throttle 7 12 0.173691811522
589 7 13 100
throttle 7 13 0.173691811522
514 7 14 100
throttle 7 14 0.173691811522
262 7 15 100
throttle 7 15 0.173691811522
661 7 16 100
throttle 7 16 0.173691811522
435 8 0 100
throttle 8 0 0.173691811522
697 8 1 100
throttle 8 1 0.173691811522
109 8 2 100
throttle 8 2 0.173691811522
366 8 3 100
throttle 8 3 0.173691811522
622 8 4 100
throttle 8 4 0.173691811522
43 8 5 100
throttle 8 5 0.173691811522
298 8 6 100
throttle 8 6 0.173691811522
546 8 7 100
throttle 8 7 0.173691811522
227 8 9 100
throttle 8 9 0.173691811522
474 8 10 100
throttle 8 10 0.173691811522
735 8 11 100
throttle 8 11 0.173691811522
171 8 12 100
throttle 8 12 0.173691811522
422 8 13 100
throttle 8 13 0.173691811522
685 8 14 100
throttle 8 14 0.173691811522
94 8 15 100
throttle 8 15 0.173691811522
495 8 16 100
throttle 8 16 0.173691811522
54 9 0 100
throttle 9 0 0.173691811522
634 9 1 100
throttle 9 1 0.173691811522
375 9 2 100
throttle 9 2 0.173691811522
120 9 3 100
throttle 9 3 0.173691811522
234 9 4 100
throttle 9 4 0.173691811522
806 9 5 100
throttle 9 5 0.173691811522
556 9 6 100
throttle 9 6 0.173691811522
307 9 7 100
throttle 9 7 0.173691811522
432 9 8 100
throttle 9 8 0.173691811522
747 9 10 100
throttle 9 10 0.173691811522
484 9 11 100
throttle 9 11 0.173691811522
620 9 12 100
throttle 9 12 0.173691811522
363 9 13 100
throttle 9 13 0.173691811522
107 9 14 100
throttle 9 14 0.173691811522
693 9 15 100
throttle 9 15 0.173691811522
133 9 16 100
throttle 9 16 0.173691811522
494 10 0 100
throttle 10 0 0.173691811522
753 10 1 100
throttle 10 1 0.173691811522
813 10 2 100
throttle 10 2 0.173691811522
246 10 3 100
throttle 10 3 0.173691811522
319 10 4 100
throttle 10 4 0.173691811522
567 10 5 100
throttle 10 5 0.173691811522
645 10 6 100
throttle 10 6 0.173691811522
67 10 7 100
throttle 10 7 0.173691811522
51 10 8 100
throttle 10 8 0.173691811522
305 10 9 100
throttle 10 9 0.173691811522
630 10 11 100
throttle 10 11 0.173691811522
702 10 12 100
throttle 10 12 0.173691811522
117 10 13 100
throttle 10 13 0.173691811522
186 10 14 100
throttle 10 14 0.173691811522
443 10 15 100
throttle 10 15 0.173691811522
585 10 16 100
throttle 10 16 0.173691811522
129 11 0 100
throttle 11 0 0.173691811522
708 11 1 100
throttle 11 1 0.173691811522
643 11 2 100
throttle 11 2 0.173691811522
389 11 3 100
throttle 11 3 0.173691811522
316 11 4 100
throttle 11 4 0.173691811522
64 11 5 100
throttle 11 5 0.173691811522
811 11 6 100
throttle 11 6 0.173691811522
565 11 7 100
throttle 11 7 0.173691811522
582 11 8 100
throttle 11 8 0.173691811522
332 11 9 100
throttle 11 9 0.173691811522
258 11 10 100
throttle 11 10 0.173691811522
759 11 12 100
throttle 11 12 0.173691811522
508 11 13 100
throttle 11 13 0.173691811522
447 11 14 100
throttle 11 14 0.173691811522
193 11 15 100
throttle 11 15 0.173691811522
207 11 16 100
throttle 11 16 0.173691811522
581 12 0 100
throttle 12 0 0.173691811522
8 12 1 100
throttle 12 1 0.173691811522
256 12 2 100
throttle 12 2 0.173691811522
504 12 3 100
throttle 12 3 0.173691811522
400 12 4 100
throttle 12 4 0.173691811522
655 12 5 100
throttle 12 5 0.173691811522
75 12 6 100
throttle 12 6 0.173691811522
328 12 7 100
throttle 12 7 0.173691811522
204 12 8 100
throttle 12 8 0.173691811522
456 12 9 100
throttle 12 9 0.173691811522
717 12 10 100
throttle 12 10 0.173691811522
141 12 11 100
throttle 12 11 0.173691811522
271 12 13 100
throttle 12 13 0.173691811522
523 12 14 100
throttle 12 14 0.173691811522
771 12 15 100
throttle 12 15 0.173691811522
670 12 16 100
throttle 12 16 0.173691811522
201 13 0 100
throttle 13 0 0.173691811522
769 13 1 100
throttle 13 1 0.173691811522
519 13 2 100
throttle 13 2 0.173691811522
267 13 3 100
throttle 13 3 0.173691811522
18 13 4 100
throttle 13 4 0.173691811522
594 13 5 100
throttle 13 5 0.173691811522
339 13 6 100
throttle 13 6 0.173691811522
85 13 7 100
throttle 13 7 0.173691811522
667 13 8 100
throttle 13 8 0.173691811522
408 13 9 100
throttle 13 9 0.173691811522
157 13 10 100
throttle 13 10 0.173691811522
720 13 11 100
throttle 13 11 0.173691811522
462 13 12 100
throttle 13 12 0.173691811522
777 13 14 100
throttle 13 14 0.173691811522
528 13 15 100
throttle 13 15 0.173691811522
284 13 16 100
throttle 13 16 0.173691811522
664 14 0 100
throttle 14 0 0.173691811522
81 14 1 100
throttle 14 1 0.173691811522
154 14 2 100
throttle 14 2 0.173691811522
405 14 3 100
throttle 14 3 0.173691811522
15 14 4 100
throttle 14 4 0.173691811522
264 14 5 100
throttle 14 5 0.173691811522
337 14 6 100
throttle 14 6 0.173691811522
592 14 7 100
throttle 14 7 0.173691811522
390 14 8 100
throttle 14 8 0.173691811522
455 14 9 100
throttle 14 9 0.173691811522
518 14 10 100
throttle 14 10 0.173691811522
765 14 11 100
throttle 14 11 0.173691811522
397 14 12 100
throttle 14 12 0.173691811522
651 14 13 100
throttle 14 13 0.173691811522
138 14 15 100
throttle 14 15 0.173691811522
160 14 16 100
throttle 14 16 0.173691811522
280 15 0 100
throttle 15 0 0.173691811522
25 15 1 100
throttle 15 1 0.173691811522
775 15 2 100
throttle 15 2 0.173691811522
526 15 3 100
throttle 15 3 0.173691811522
91 15 4 100
throttle 15 4 0.173691811522
675 15 5 100
throttle 15 5 0.173691811522
602 15 6 100
throttle 15 6 0.173691811522
346 15 7 100
throttle 15 7 0.173691811522
611 15 8 100
throttle 15 8 0.173691811522
402 15 9 100
throttle 15 9 0.173691811522
334 15 10 100
throttle 15 10 0.173691811522
78 15 11 100
throttle 15 11 0.173691811522
459 15 12 100
throttle 15 12 0.173691811522
210 15 13 100
throttle 15 13 0.173691811522
150 15 14 100
throttle 15 14 0.173691811522
380 15 16 100
throttle 15 16 0.173691811522
793 16 0 100
throttle 16 0 0.173691811522
144 16 1 100
throttle 16 1 0.173691811522
648 16 2 100
throttle 16 2 0.173691811522
57 16 3 100
throttle 16 3 0.173691811522
278 16 4 100
throttle 16 4 0.173691811522
148 16 5 100
throttle 16 5 0.173691811522
9 16 6 100
throttle 16 6 0.173691811522
712 16 7 100
throttle 16 7 0.173691811522
636 16 8 100
throttle 16 8 0.173691811522
501 16 9 100
throttle 16 9 0.173691811522
510 16 10 100
throttle 16 10 0.173691811522
738 16 11 100
throttle 16 11 0.173691811522
724 16 12 100
throttle 16 12 0.173691811522
240 16 13 100
throttle 16 13 0.173691811522
237 16 14 100
throttle 16 14 0.173691811522
799 16 15 100
throttle 16 15 0.173691811522
