tunnel_num s t weight
1021 0 1 100
500 0 2 100
1203 0 3 100
680 0 4 100
155 0 5 100
886 0 6 100
355 0 7 100
772 0 8 100
245 0 9 100
960 0 10 100
445 0 11 100
1145 0 12 100
627 0 13 100
91 0 14 100
839 0 15 100
572 0 16 100
29 0 17 100
752 0 18 100
227 0 19 100
943 0 20 100
156 1 0 100
1209 1 2 100
506 1 3 100
539 1 4 100
1062 1 5 100
358 1 6 100
889 1 7 100
634 1 8 100
1149 1 9 100
451 1 10 100
966 1 11 100
1027 1 12 100
305 1 13 100
844 1 14 100
97 1 15 100
434 1 16 100
951 1 17 100
236 1 18 100
761 1 19 100
826 1 20 100
1251 2 0 100
719 2 1 100
543 2 3 100
892 2 4 100
363 2 5 100
686 2 6 100
162 2 7 100
512 2 8 100
1216 2 9 100
311 2 10 100
1034 2 11 100
103 2 12 100
851 2 13 100
1157 2 14 100
640 2 15 100
298 2 16 100
1020 2 17 100
87 2 18 100
837 2 19 100
1142 2 20 100
1089 3 0 100
395 3 1 100
43 3 2 100
248 3 4 100
773 3 5 100
446 3 6 100
961 3 7 100
631 3 8 100
1147 3 9 100
841 3 10 100
94 3 11 100
1025 3 12 100
302 3 13 100
1208 3 14 100
505 3 15 100
856 3 16 100
108 3 17 100
1039 3 18 100
316 3 19 100
1223 3 20 100
969 4 0 100
454 4 1 100
1154 4 2 100
637 4 3 100
46 4 5 100
777 4 6 100
252 4 7 100
510 4 8 100
1214 4 9 100
685 4 10 100
161 4 11 100
101 4 12 100
849 4 13 100
309 4 14 100
1032 4 15 100
697 4 16 100
172 4 17 100
898 4 18 100
369 4 19 100
322 4 20 100
854 5 0 100
106 5 1 100
643 5 2 100
1158 5 3 100
456 5 4 100
254 5 6 100
780 5 7 100
364 5 8 100
897 5 9 100
167 5 10 100
689 5 11 100
1220 5 12 100
515 5 13 100
1036 5 14 100
314 5 15 100
552 5 16 100
1068 5 17 100
374 5 18 100
901 5 19 100
176 5 20 100
692 6 0 100
168 6 1 100
518 6 2 100
1224 6 3 100
1063 6 4 100
547 6 5 100
367 6 7 100
1165 6 8 100
648 6 9 100
975 6 10 100
461 6 11 100
319 6 12 100
1043 6 13 100
114 6 14 100
859 6 15 100
401 6 16 100
1097 6 17 100
200 6 18 100
923 6 19 100
784 6 20 100
550 7 0 100
1067 7 1 100
724 7 2 100
2 7 3 100
174 7 4 100
699 7 5 100
373 7 6 100
1046 7 8 100
333 7 9 100
1229 7 10 100
523 7 11 100
655 7 12 100
1175 7 13 100
867 7 14 100
125 7 15 100
265 7 16 100
794 7 17 100
470 7 18 100
982 7 19 100
1104 7 20 100
187 8 0 100
912 8 1 100
386 8 2 100
1079 8 3 100
563 8 4 100
18 8 5 100
741 8 6 100
215 8 7 100
417 8 9 100
1114 8 10 100
600 8 11 100
63 8 12 100
803 8 13 100
275 8 14 100
992 8 15 100
1123 8 16 100
608 8 17 100
69 8 18 100
811 8 19 100
283 8 20 100
21 9 0 100
566 9 1 100
1081 9 2 100
390 9 3 100
420 9 4 100
939 9 5 100
219 9 6 100
745 9 7 100
806 9 8 100
603 9 10 100
1117 9 11 100
1183 9 12 100
480 9 13 100
994 9 14 100
278 9 15 100
1005 9 16 100
289 9 17 100
817 9 18 100
75 9 19 100
135 9 20 100
1119 10 0 100
605 10 1 100
941 10 2 100
423 10 3 100
747 10 4 100
223 10 5 100
570 10 6 100
26 10 7 100
660 10 8 100
130 10 9 100
1186 10 11 100
281 10 12 100
998 10 13 100
67 10 14 100
809 10 15 100
881 10 16 80
882 10 16 19
348 10 17 100
671 10 18 100
146 10 19 100
491 10 20 100
1002 11 0 100
288 11 1 100
1189 11 2 100
483 11 3 100
132 11 4 100
664 11 5 100
337 11 6 100
871 11 7 100
225 11 8 100
750 11 9 100
426 11 10 100
612 11 12 100
1126 11 13 100
815 11 14 100
73 11 15 100
717 11 16 100
1250 11 17 100
916 11 18 100
193 11 19 100
1085 11 20 100
879 12 0 100
343 12 1 100
1055 12 2 100
534 12 3 100
488 12 4 100
1194 12 5 100
668 12 6 100
141 12 7 100
82 12 8 100
824 12 9 100
292 12 10 36
293 12 10 63
1010 12 11 100
432 12 13 100
1132 12 14 100
618 12 15 100
578 12 16 100
34 12 17 100
758 12 18 100
234 12 19 100
195 12 20 100
715 13 0 100
1247 13 1 100
537 13 2 100
1057 13 3 100
354 13 4 100
883 13 5 100
152 13 6 100
679 13 7 100
1201 13 8 100
498 13 9 100
1016 13 10 100
296 13 11 100
833 13 12 100
623 13 14 100
1137 13 15 100
442 13 16 100
955 13 17 100
242 13 18 100
767 13 19 100
39 13 20 100
576 14 0 100
30 14 1 100
394 14 2 100
1087 14 3 100
946 14 4 100
428 14 5 100
755 14 6 100
230 14 7 100
79 14 8 100
820 14 9 100
1129 14 10 100
615 14 11 100
487 14 12 100
1191 14 13 100
1006 14 15 100
874 14 16 100
342 14 17 100
667 14 18 100
140 14 19 100
1239 14 20 100
438 15 0 100
953 15 1 100
622 15 2 100
1135 15 3 100
36 15 4 100
582 15 5 100
239 15 6 100
764 15 7 100
1198 15 8 100
495 15 9 100
148 15 10 100
675 15 11 100
830 15 12 100
84 15 13 100
1012 15 14 100
710 15 16 100
1244 15 17 100
913 15 18 100
190 15 19 100
349 15 20 100
48 16 0 100
781 16 1 100
256 16 2 100
971 16 3 100
459 16 4 100
1163 16 5 100
644 16 6 100
111 16 7 100
555 16 8 100
5 16 9 100
727 16 10 100
198 16 11 100
919 16 12 100
399 16 13 100
1092 16 14 100
584 16 15 100
531 16 17 100
1233 16 18 100
704 16 19 100
179 16 20 100
1172 17 0 100
469 17 1 100
981 17 2 100
262 17 3 100
329 17 4 100
862 17 5 100
121 17 6 100
651 17 7 100
407 17 8 100
928 17 9 100
208 17 10 100
731 17 11 100
792 17 12 100
54 17 13 100
592 17 14 100
1103 17 15 100
908 17 16 100
708 17 18 100
1236 17 19 100
10 17 20 100
1053 18 0 100
527 18 1 100
868 18 2 100
334 18 3 100
658 18 4 100
126 18 5 100
476 18 6 100
1181 18 7 100
272 18 8 100
988 18 9 100
60 18 10 100
799 18 11 100
1111 18 12 100
597 18 13 100
934 18 14 100
413 18 15 100
737 18 16 100
213 18 17 100
15 18 19 100
383 18 20 100
904 19 0 100
184 19 1 100
1073 19 2 100
377 19 3 100
8 19 4 100
557 19 5 100
203 19 6 100
730 19 7 100
404 19 8 100
925 19 9 100
589 19 10 100
1098 19 11 100
789 19 12 100
51 19 13 100
976 19 14 100
259 19 15 100
1167 19 16 100
464 19 17 100
117 19 18 100
325 19 20 100
734 20 0 100
209 20 1 100
933 20 2 100
411 20 3 22
412 20 3 77
382 20 4 100
1074 20 5 100
560 20 6 100
12 20 7 100
268 20 8 72
270 20 8 27
985 20 9 100
473 20 10 100
1178 20 11 100
1109 20 12 100
593 20 13 100
57 20 14 100
796 20 15 100
1048 20 16 100
524 20 17 100
1231 20 18 100
702 20 19 100
