tunnel_num s t weight
1021 0 1 100
500 0 2 100
1203 0 3 100
680 0 4 100
154 0 5 100
886 0 6 100
355 0 7 100
770 0 8 100
245 0 9 100
958 0 10 100
443 0 11 100
1143 0 12 100
628 0 13 100
90 0 14 100
838 0 15 100
572 0 16 100
27 0 17 100
752 0 18 100
229 0 19 100
944 0 20 100
156 1 0 100
1209 1 2 100
506 1 3 100
539 1 4 100
1061 1 5 100
358 1 6 100
889 1 7 100
632 1 8 100
1149 1 9 100
449 1 10 100
964 1 11 100
1027 1 12 100
306 1 13 100
846 1 14 100
96 1 15 100
434 1 16 100
949 1 17 100
236 1 18 100
763 1 19 100
828 1 20 100
1251 2 0 100
719 2 1 100
542 2 3 100
892 2 4 100
361 2 5 100
686 2 6 100
162 2 7 100
512 2 8 100
1216 2 9 100
310 2 10 100
1033 2 11 100
102 2 12 100
850 2 13 100
1155 2 14 100
638 2 15 100
298 2 16 100
1018 2 17 100
87 2 18 100
835 2 19 100
1140 2 20 100
1089 3 0 100
395 3 1 100
42 3 2 100
248 3 4 100
775 3 5 100
446 3 6 100
961 3 7 100
629 3 8 100
1147 3 9 100
842 3 10 100
93 3 11 100
1024 3 12 100
301 3 13 100
1206 3 14 100
503 3 15 100
858 3 16 100
109 3 17 100
1040 3 18 100
317 3 19 100
1221 3 20 100
967 4 0 100
452 4 1 100
1152 4 2 100
635 4 3 100
45 4 5 100
776 4 6 100
251 4 7 100
509 4 8 100
1213 4 9 100
684 4 10 100
159 4 11 100
99 4 12 100
849 4 13 100
308 4 14 100
1031 4 15 100
695 4 16 100
171 4 17 100
898 4 18 100
370 4 19 100
323 4 20 100
855 5 0 100
107 5 1 100
641 5 2 100
1159 5 3 100
455 5 4 100
253 5 6 100
778 5 7 100
365 5 8 100
896 5 9 100
166 5 10 100
690 5 11 100
1219 5 12 100
517 5 13 100
1036 5 14 100
314 5 15 100
551 5 16 100
1068 5 17 100
374 5 18 100
902 5 19 100
176 5 20 100
692 6 0 100
168 6 1 100
518 6 2 100
1224 6 3 100
1063 6 4 100
545 6 5 100
367 6 7 100
1165 6 8 100
648 6 9 100
974 6 10 100
461 6 11 100
319 6 12 100
1044 6 13 100
116 6 14 100
860 6 15 100
401 6 16 100
1095 6 17 100
200 6 18 100
923 6 19 100
785 6 20 100
548 7 0 100
1065 7 1 100
722 7 2 100
0 7 3 100
174 7 4 100
698 7 5 100
372 7 6 100
1045 7 8 100
332 7 9 100
1228 7 10 100
521 7 11 100
653 7 12 100
1175 7 13 100
866 7 14 100
124 7 15 100
265 7 16 100
793 7 17 100
470 7 18 100
983 7 19 100
1105 7 20 100
185 8 0 100
910 8 1 100
386 8 2 100
1077 8 3 100
563 8 4 100
19 8 5 100
741 8 6 100
215 8 7 100
417 8 9 100
1114 8 10 100
599 8 11 100
63 8 12 100
802 8 13 100
274 8 14 100
991 8 15 100
1123 8 16 100
609 8 17 100
70 8 18 100
812 8 19 100
284 8 20 100
21 9 0 100
566 9 1 100
1080 9 2 100
390 9 3 100
420 9 4 100
938 9 5 100
219 9 6 100
744 9 7 100
806 9 8 100
602 9 10 100
1116 9 11 100
1182 9 12 100
480 9 13 100
995 9 14 100
277 9 15 100
1004 9 16 100
290 9 17 100
818 9 18 100
76 9 19 100
136 9 20 100
1119 10 0 100
605 10 1 100
940 10 2 100
423 10 3 100
747 10 4 100
222 10 5 100
570 10 6 100
25 10 7 100
660 10 8 100
129 10 9 100
1185 10 11 100
280 10 12 100
998 10 13 100
66 10 14 100
808 10 15 100
881 10 16 100
347 10 17 100
672 10 18 100
145 10 19 100
492 10 20 100
1000 11 0 100
286 11 1 100
1188 11 2 100
482 11 3 100
132 11 4 100
663 11 5 100
337 11 6 100
871 11 7 100
225 11 8 100
749 11 9 100
425 11 10 100
611 11 12 100
1126 11 13 100
814 11 14 100
72 11 15 100
717 11 16 100
1249 11 17 100
917 11 18 100
192 11 19 100
1083 11 20 100
877 12 0 100
343 12 1 100
1054 12 2 100
533 12 3 100
488 12 4 100
1195 12 5 100
668 12 6 100
141 12 7 100
81 12 8 100
823 12 9 100
292 12 10 100
1009 12 11 100
431 12 13 100
1131 12 14 100
617 12 15 100
578 12 16 100
33 12 17 100
758 12 18 100
233 12 19 100
194 12 20 100
715 13 0 100
1247 13 1 100
536 13 2 100
1057 13 3 100
354 13 4 100
885 13 5 100
152 13 6 100
679 13 7 100
1200 13 8 100
498 13 9 100
1016 13 10 100
296 13 11 100
832 13 12 100
625 13 14 100
1139 13 15 100
440 13 16 100
955 13 17 100
242 13 18 100
769 13 19 100
41 13 20 100
575 14 0 100
31 14 1 100
392 14 2 100
1086 14 3 100
947 14 4 100
428 14 5 100
756 14 6 100
231 14 7 100
78 14 8 100
821 14 9 100
1128 14 10 100
614 14 11 100
485 14 12 100
1193 14 13 100
1006 14 15 100
876 14 16 100
342 14 17 100
665 14 18 100
138 14 19 100
1239 14 20 100
437 15 0 100
952 15 1 100
620 15 2 100
1134 15 3 100
37 15 4 100
582 15 5 100
240 15 6 100
765 15 7 100
1197 15 8 100
494 15 9 100
147 15 10 100
674 15 11 100
829 15 12 100
86 15 13 100
1012 15 14 100
712 15 16 100
1244 15 17 100
913 15 18 100
188 15 19 100
349 15 20 100
48 16 0 100
781 16 1 100
256 16 2 100
972 16 3 100
458 16 4 100
1162 16 5 100
644 16 6 100
111 16 7 100
555 16 8 100
4 16 9 100
726 16 10 100
198 16 11 100
919 16 12 100
398 16 13 100
1094 16 14 100
586 16 15 100
530 16 17 100
1233 16 18 100
704 16 19 100
180 16 20 100
1170 17 0 100
467 17 1 100
979 17 2 100
264 17 3 100
328 17 4 100
862 17 5 100
120 17 6 100
650 17 7 100
408 17 8 100
929 17 9 100
207 17 10 100
732 17 11 100
790 17 12 100
54 17 13 100
592 17 14 100
1103 17 15 100
907 17 16 100
707 17 18 100
1236 17 19 100
10 17 20 100
1051 18 0 100
527 18 1 100
868 18 2 100
335 18 3 100
656 18 4 100
126 18 5 100
476 18 6 100
1179 18 7 100
272 18 8 100
989 18 9 100
61 18 10 100
800 18 11 100
1110 18 12 100
596 18 13 100
934 18 14 100
413 18 15 100
737 18 16 100
212 18 17 100
15 18 19 100
383 18 20 100
906 19 0 100
184 19 1 100
1071 19 2 100
378 19 3 100
7 19 4 100
558 19 5 100
204 19 6 100
729 19 7 100
405 19 8 100
926 19 9 100
588 19 10 100
1099 19 11 100
787 19 12 100
53 19 13 100
976 19 14 100
259 19 15 100
1167 19 16 100
464 19 17 100
117 19 18 100
325 19 20 100
735 20 0 100
210 20 1 100
931 20 2 100
410 20 3 100
381 20 4 100
1074 20 5 100
561 20 6 100
13 20 7 100
269 20 8 100
986 20 9 100
474 20 10 100
1176 20 11 100
1107 20 12 100
595 20 13 100
57 20 14 100
796 20 15 100
1049 20 16 100
524 20 17 100
1230 20 18 100
701 20 19 100
