tunnel_num s t weight
1021 0 1 100
500 0 2 93
501 0 2 6
1205 0 3 100
680 0 4 100
154 0 5 100
886 0 6 100
355 0 7 100
770 0 8 100
245 0 9 100
958 0 10 100
443 0 11 100
1143 0 12 100
628 0 13 100
91 0 14 100
839 0 15 100
572 0 16 100
27 0 17 100
752 0 18 100
229 0 19 100
943 0 20 100
156 1 0 100
1210 1 2 100
508 1 3 100
539 1 4 100
1061 1 5 100
358 1 6 100
889 1 7 100
632 1 8 100
1149 1 9 100
449 1 10 100
964 1 11 100
1028 1 12 100
304 1 13 100
844 1 14 100
97 1 15 100
434 1 16 100
949 1 17 100
236 1 18 100
761 1 19 100
826 1 20 100
1252 2 0 100
720 2 1 100
543 2 3 100
892 2 4 100
362 2 5 100
687 2 6 100
162 2 7 100
513 2 8 100
1216 2 9 100
311 2 10 100
1034 2 11 100
103 2 12 100
851 2 13 100
1156 2 14 100
639 2 15 100
300 2 16 100
1018 2 17 100
87 2 18 100
836 2 19 100
1141 2 20 100
1091 3 0 100
397 3 1 100
43 3 2 100
248 3 4 100
775 3 5 100
448 3 6 100
961 3 7 100
631 3 8 100
1147 3 9 100
842 3 10 100
94 3 11 100
1025 3 12 100
302 3 13 100
1208 3 14 100
505 3 15 100
857 3 16 100
108 3 17 100
1039 3 18 100
318 3 19 100
1223 3 20 100
967 4 0 100
452 4 1 100
1152 4 2 100
635 4 3 100
47 4 5 100
776 4 6 100
252 4 7 100
509 4 8 100
1212 4 9 100
683 4 10 17
685 4 10 82
159 4 11 100
99 4 12 100
847 4 13 100
307 4 14 100
1030 4 15 100
695 4 16 100
171 4 17 100
898 4 18 100
369 4 19 100
322 4 20 100
855 5 0 100
106 5 1 100
643 5 2 100
1160 5 3 100
457 5 4 100
254 5 6 100
780 5 7 100
364 5 8 54
366 5 8 45
897 5 9 100
167 5 10 100
689 5 11 100
1218 5 12 100
515 5 13 100
1036 5 14 100
314 5 15 100
552 5 16 100
1068 5 17 100
374 5 18 100
901 5 19 100
176 5 20 100
692 6 0 100
168 6 1 100
519 6 2 100
1226 6 3 100
1063 6 4 100
545 6 5 100
367 6 7 100
1164 6 8 100
647 6 9 100
973 6 10 100
462 6 11 100
320 6 12 100
1042 6 13 100
114 6 14 100
859 6 15 100
401 6 16 100
1095 6 17 100
200 6 18 100
922 6 19 100
784 6 20 100
548 7 0 100
1065 7 1 100
722 7 2 100
0 7 3 100
175 7 4 100
700 7 5 100
372 7 6 100
1045 7 8 100
331 7 9 100
1227 7 10 100
521 7 11 100
653 7 12 100
1173 7 13 100
865 7 14 100
123 7 15 100
265 7 16 100
793 7 17 100
470 7 18 100
982 7 19 100
1104 7 20 100
185 8 0 100
910 8 1 100
386 8 2 100
1077 8 3 100
565 8 4 100
20 8 5 100
740 8 6 100
217 8 7 100
417 8 9 100
1114 8 10 100
600 8 11 100
64 8 12 100
803 8 13 100
276 8 14 100
993 8 15 100
1123 8 16 100
608 8 17 100
69 8 18 100
813 8 19 100
285 8 20 100
21 9 0 100
566 9 1 100
1081 9 2 100
389 9 3 100
419 9 4 100
939 9 5 100
218 9 6 100
743 9 7 100
806 9 8 100
602 9 10 79
603 9 10 20
1117 9 11 100
1182 9 12 100
480 9 13 100
994 9 14 100
278 9 15 100
1003 9 16 100
289 9 17 100
817 9 18 100
75 9 19 100
135 9 20 100
1119 10 0 100
605 10 1 100
941 10 2 100
423 10 3 100
748 10 4 100
221 10 5 100
570 10 6 100
26 10 7 100
659 10 8 100
130 10 9 100
1186 10 11 100
281 10 12 100
998 10 13 100
67 10 14 100
809 10 15 100
880 10 16 100
346 10 17 100
671 10 18 100
144 10 19 100
491 10 20 100
1000 11 0 100
286 11 1 100
1189 11 2 100
483 11 3 100
132 11 4 100
664 11 5 100
338 11 6 100
871 11 7 100
225 11 8 100
750 11 9 100
426 11 10 100
612 11 12 100
1126 11 13 100
815 11 14 100
73 11 15 100
718 11 16 100
1248 11 17 100
916 11 18 100
193 11 19 100
1085 11 20 100
877 12 0 100
344 12 1 100
1054 12 2 100
533 12 3 100
488 12 4 100
1196 12 5 100
669 12 6 100
141 12 7 100
81 12 8 60
82 12 8 39
823 12 9 100
292 12 10 100
1010 12 11 100
432 12 13 100
1132 12 14 100
618 12 15 100
580 12 16 100
35 12 17 100
758 12 18 100
234 12 19 100
195 12 20 100
714 13 0 100
1245 13 1 100
537 13 2 100
1058 13 3 100
352 13 4 100
883 13 5 100
150 13 6 100
677 13 7 100
1201 13 8 100
497 13 9 100
1016 13 10 100
296 13 11 100
833 13 12 100
623 13 14 100
1137 13 15 100
440 13 16 100
955 13 17 100
242 13 18 100
767 13 19 100
39 13 20 100
576 14 0 100
30 14 1 100
394 14 2 100
1088 14 3 100
946 14 4 100
428 14 5 100
755 14 6 100
230 14 7 100
79 14 8 100
820 14 9 100
1129 14 10 100
615 14 11 100
486 14 12 100
1191 14 13 100
1006 14 15 100
874 14 16 100
342 14 17 100
667 14 18 100
140 14 19 100
1239 14 20 100
438 15 0 100
953 15 1 100
622 15 2 100
1136 15 3 100
36 15 4 100
582 15 5 100
239 15 6 100
764 15 7 100
1198 15 8 100
495 15 9 100
148 15 10 100
675 15 11 100
830 15 12 100
84 15 13 100
1012 15 14 100
710 15 16 100
1244 15 17 100
913 15 18 100
190 15 19 100
349 15 20 100
48 16 0 100
781 16 1 100
256 16 2 100
971 16 3 100
458 16 4 100
1161 16 5 100
645 16 6 100
111 16 7 100
555 16 8 100
3 16 9 100
725 16 10 100
197 16 11 100
919 16 12 100
398 16 13 100
1094 16 14 100
584 16 15 100
530 16 17 100
1233 16 18 100
704 16 19 100
180 16 20 100
1170 17 0 100
467 17 1 100
979 17 2 100
263 17 3 100
328 17 4 100
862 17 5 100
120 17 6 100
650 17 7 100
407 17 8 100
928 17 9 100
207 17 10 100
731 17 11 100
790 17 12 100
54 17 13 100
592 17 14 100
1103 17 15 100
907 17 16 100
707 17 18 100
1236 17 19 100
9 17 20 100
1051 18 0 100
527 18 1 100
868 18 2 100
336 18 3 100
658 18 4 100
126 18 5 100
477 18 6 100
1181 18 7 100
273 18 8 100
988 18 9 100
61 18 10 100
799 18 11 100
1110 18 12 100
596 18 13 100
934 18 14 100
413 18 15 100
737 18 16 100
212 18 17 100
15 18 19 100
383 18 20 100
904 19 0 100
182 19 1 100
1073 19 2 100
379 19 3 100
6 19 4 100
558 19 5 100
203 19 6 100
728 19 7 100
406 19 8 100
925 19 9 100
589 19 10 100
1098 19 11 100
788 19 12 100
51 19 13 100
976 19 14 100
259 19 15 100
1167 19 16 100
464 19 17 100
117 19 18 100
325 19 20 100
734 20 0 100
209 20 1 100
933 20 2 100
412 20 3 100
380 20 4 100
1074 20 5 100
560 20 6 100
12 20 7 100
268 20 8 100
985 20 9 100
473 20 10 100
1178 20 11 100
1108 20 12 100
593 20 13 100
57 20 14 100
796 20 15 100
1048 20 16 100
525 20 17 100
1230 20 18 100
702 20 19 100
