tunnel_num s t weight
1021 0 1 50
1022 0 1 50
500 0 2 50
502 0 2 50
1203 0 3 50
1204 0 3 50
680 0 4 33
681 0 4 33
682 0 4 33
155 0 5 100
886 0 6 50
887 0 6 50
355 0 7 33
356 0 7 33
357 0 7 33
772 0 8 100
245 0 9 100
958 0 10 100
443 0 11 100
1143 0 12 100
627 0 13 100
90 0 14 50
91 0 14 50
838 0 15 50
839 0 15 50
572 0 16 50
574 0 16 50
29 0 17 100
752 0 18 50
754 0 18 50
227 0 19 50
229 0 19 50
944 0 20 50
943 0 20 50
156 1 0 50
157 1 0 50
1209 1 2 50
1211 1 2 50
506 1 3 50
507 1 3 50
539 1 4 33
540 1 4 33
541 1 4 33
1062 1 5 100
358 1 6 50
359 1 6 50
889 1 7 33
890 1 7 33
891 1 7 33
634 1 8 100
1149 1 9 100
449 1 10 100
964 1 11 100
1027 1 12 50
1029 1 12 50
305 1 13 100
844 1 14 33
845 1 14 33
846 1 14 33
96 1 15 50
97 1 15 50
434 1 16 50
436 1 16 50
951 1 17 100
236 1 18 50
238 1 18 50
761 1 19 50
763 1 19 50
826 1 20 33
827 1 20 33
828 1 20 33
1251 2 0 50
1253 2 0 50
721 2 1 50
719 2 1 50
544 2 3 50
542 2 3 50
892 2 4 50
894 2 4 50
361 2 5 50
362 2 5 50
688 2 6 50
686 2 6 50
162 2 7 50
164 2 7 50
513 2 8 50
514 2 8 50
1216 2 9 50
1217 2 9 50
312 2 10 50
310 2 10 50
1033 2 11 50
1035 2 11 50
104 2 12 50
102 2 12 50
851 2 13 50
852 2 13 50
1155 2 14 50
1156 2 14 50
638 2 15 50
639 2 15 50
298 2 16 100
1019 2 17 100
88 2 18 50
87 2 18 50
835 2 19 50
836 2 19 50
1140 2 20 50
1141 2 20 50
1089 3 0 50
1090 3 0 50
395 3 1 50
396 3 1 50
42 3 2 50
44 3 2 50
248 3 4 33
249 3 4 33
250 3 4 33
774 3 5 100
446 3 6 50
447 3 6 50
961 3 7 33
962 3 7 33
963 3 7 33
630 3 8 50
631 3 8 50
1147 3 9 50
1148 3 9 50
842 3 10 50
843 3 10 50
93 3 11 50
95 3 11 50
1024 3 12 50
1026 3 12 50
302 3 13 50
303 3 13 50
1206 3 14 50
1207 3 14 50
504 3 15 50
503 3 15 50
856 3 16 50
858 3 16 50
shutdown 3 17
1040 3 18 100
317 3 19 50
318 3 19 50
1221 3 20 50
1222 3 20 50
968 4 0 33
969 4 0 33
967 4 0 33
452 4 1 33
453 4 1 33
454 4 1 33
1152 4 2 50
1154 4 2 50
635 4 3 33
636 4 3 33
637 4 3 33
46 4 5 50
47 4 5 50
776 4 6 50
777 4 6 50
251 4 7 50
252 4 7 50
shutdown 4 8
1213 4 9 100
684 4 10 100
161 4 11 50
159 4 11 50
99 4 12 50
101 4 12 50
848 4 13 100
307 4 14 33
308 4 14 33
309 4 14 33
1032 4 15 33
1030 4 15 33
1031 4 15 33
696 4 16 33
697 4 16 33
695 4 16 33
172 4 17 100
898 4 18 33
899 4 18 33
900 4 18 33
369 4 19 33
370 4 19 33
371 4 19 33
322 4 20 33
323 4 20 33
324 4 20 33
854 5 0 100
106 5 1 100
641 5 2 50
642 5 2 50
1159 5 3 100
456 5 4 50
457 5 4 50
254 5 6 100
779 5 7 50
780 5 7 50
364 5 8 100
896 5 9 50
895 5 9 50
165 5 10 50
166 5 10 50
689 5 11 50
690 5 11 50
1218 5 12 50
1219 5 12 50
515 5 13 50
516 5 13 50
1036 5 14 100
314 5 15 100
552 5 16 100
1068 5 17 100
376 5 18 50
374 5 18 50
901 5 19 100
176 5 20 100
692 6 0 50
693 6 0 50
168 6 1 50
169 6 1 50
520 6 2 50
518 6 2 50
1224 6 3 50
1225 6 3 50
1064 6 4 50
1063 6 4 50
546 6 5 100
368 6 7 50
367 6 7 50
1166 6 8 100
648 6 9 100
974 6 10 100
461 6 11 50
463 6 11 50
321 6 12 50
319 6 12 50
1043 6 13 100
114 6 14 33
115 6 14 33
116 6 14 33
859 6 15 50
860 6 15 50
401 6 16 50
402 6 16 50
1096 6 17 50
1097 6 17 50
200 6 18 50
201 6 18 50
922 6 19 50
923 6 19 50
784 6 20 33
785 6 20 33
786 6 20 33
548 7 0 33
549 7 0 33
550 7 0 33
1065 7 1 33
1066 7 1 33
1067 7 1 33
722 7 2 50
724 7 2 50
0 7 3 33
1 7 3 33
2 7 3 33
174 7 4 50
175 7 4 50
699 7 5 50
700 7 5 50
372 7 6 50
373 7 6 50
shutdown 7 8
332 7 9 100
1228 7 10 100
521 7 11 50
523 7 11 50
653 7 12 50
655 7 12 50
1174 7 13 100
865 7 14 33
866 7 14 33
867 7 14 33
123 7 15 33
124 7 15 33
125 7 15 33
265 7 16 33
266 7 16 33
267 7 16 33
794 7 17 100
472 7 18 33
470 7 18 33
471 7 18 33
984 7 19 33
982 7 19 33
983 7 19 33
1104 7 20 33
1105 7 20 33
1106 7 20 33
187 8 0 100
912 8 1 100
387 8 2 50
388 8 2 50
1078 8 3 50
1079 8 3 50
shutdown 8 4
18 8 5 100
742 8 6 100
shutdown 8 7
416 8 9 50
418 8 9 50
1113 8 10 50
1115 8 10 50
600 8 11 50
601 8 11 50
64 8 12 50
65 8 12 50
802 8 13 50
804 8 13 50
275 8 14 100
992 8 15 100
1124 8 16 100
608 8 17 100
69 8 18 100
811 8 19 50
813 8 19 50
283 8 20 50
285 8 20 50
21 9 0 100
566 9 1 100
1080 9 2 50
1082 9 2 50
390 9 3 50
391 9 3 50
420 9 4 100
937 9 5 50
938 9 5 50
219 9 6 100
744 9 7 100
805 9 8 50
807 9 8 50
602 9 10 50
604 9 10 50
1116 9 11 50
1118 9 11 50
1184 9 12 50
1182 9 12 50
481 9 13 50
479 9 13 50
994 9 14 50
995 9 14 50
277 9 15 50
278 9 15 50
1004 9 16 50
1005 9 16 50
289 9 17 100
817 9 18 50
818 9 18 50
75 9 19 50
76 9 19 50
136 9 20 50
135 9 20 50
1119 10 0 100
605 10 1 100
940 10 2 50
942 10 2 50
424 10 3 50
423 10 3 50
747 10 4 50
748 10 4 50
221 10 5 50
222 10 5 50
570 10 6 100
25 10 7 50
26 10 7 50
659 10 8 50
661 10 8 50
129 10 9 50
131 10 9 50
1185 10 11 50
1187 10 11 50
280 10 12 50
282 10 12 50
997 10 13 50
999 10 13 50
66 10 14 50
67 10 14 50
808 10 15 50
809 10 15 50
881 10 16 50
882 10 16 50
346 10 17 100
672 10 18 50
671 10 18 50
144 10 19 50
145 10 19 50
491 10 20 50
492 10 20 50
1000 11 0 100
286 11 1 100
1188 11 2 50
1190 11 2 50
482 11 3 50
484 11 3 50
132 11 4 50
134 11 4 50
662 11 5 50
663 11 5 50
337 11 6 50
339 11 6 50
873 11 7 50
871 11 7 50
224 11 8 50
226 11 8 50
749 11 9 50
751 11 9 50
425 11 10 50
427 11 10 50
611 11 12 50
613 11 12 50
1125 11 13 50
1127 11 13 50
814 11 14 50
815 11 14 50
72 11 15 50
73 11 15 50
717 11 16 100
1248 11 17 100
916 11 18 50
917 11 18 50
192 11 19 50
191 11 19 50
1083 11 20 50
1084 11 20 50
877 12 0 100
345 12 1 50
343 12 1 50
1056 12 2 50
1054 12 2 50
533 12 3 50
535 12 3 50
488 12 4 50
490 12 4 50
1194 12 5 50
1195 12 5 50
668 12 6 50
670 12 6 50
141 12 7 50
143 12 7 50
82 12 8 50
83 12 8 50
825 12 9 50
823 12 9 50
292 12 10 50
294 12 10 50
1009 12 11 50
1011 12 11 50
432 12 13 50
433 12 13 50
1131 12 14 50
1132 12 14 50
617 12 15 50
618 12 15 50
578 12 16 100
34 12 17 100
758 12 18 50
759 12 18 50
233 12 19 50
234 12 19 50
194 12 20 50
195 12 20 50
714 13 0 100
1246 13 1 100
537 13 2 50
538 13 2 50
1058 13 3 50
1059 13 3 50
353 13 4 100
883 13 5 50
884 13 5 50
151 13 6 100
678 13 7 100
1200 13 8 50
1202 13 8 50
497 13 9 50
499 13 9 50
1017 13 10 50
1015 13 10 50
297 13 11 50
295 13 11 50
833 13 12 50
834 13 12 50
624 13 14 50
623 13 14 50
1137 13 15 50
1138 13 15 50
441 13 16 50
442 13 16 50
955 13 17 100
242 13 18 50
243 13 18 50
768 13 19 50
767 13 19 50
40 13 20 50
39 13 20 50
576 14 0 50
575 14 0 50
32 14 1 33
30 14 1 33
31 14 1 33
392 14 2 50
393 14 2 50
1088 14 3 50
1086 14 3 50
946 14 4 33
947 14 4 33
948 14 4 33
428 14 5 100
755 14 6 33
756 14 6 33
757 14 6 33
232 14 7 33
230 14 7 33
231 14 7 33
79 14 8 100
820 14 9 50
821 14 9 50
1128 14 10 50
1129 14 10 50
614 14 11 50
615 14 11 50
485 14 12 50
486 14 12 50
1192 14 13 50
1191 14 13 50
1008 14 15 50
1006 14 15 50
874 14 16 50
876 14 16 50
342 14 17 100
665 14 18 33
666 14 18 33
667 14 18 33
138 14 19 50
140 14 19 50
1241 14 20 50
1239 14 20 50
437 15 0 50
438 15 0 50
952 15 1 50
953 15 1 50
620 15 2 50
621 15 2 50
1136 15 3 50
1134 15 3 50
36 15 4 33
37 15 4 33
38 15 4 33
582 15 5 100
240 15 6 33
241 15 6 33
239 15 6 33
764 15 7 33
765 15 7 33
766 15 7 33
1198 15 8 100
494 15 9 50
495 15 9 50
147 15 10 50
148 15 10 50
674 15 11 50
675 15 11 50
829 15 12 50
830 15 12 50
84 15 13 50
85 15 13 50
1012 15 14 50
1014 15 14 50
712 15 16 50
710 15 16 50
1244 15 17 100
913 15 18 50
914 15 18 50
188 15 19 50
190 15 19 50
349 15 20 50
351 15 20 50
48 16 0 50
50 16 0 50
781 16 1 50
783 16 1 50
256 16 2 100
971 16 3 50
972 16 3 50
458 16 4 33
459 16 4 33
460 16 4 33
1162 16 5 100
644 16 6 50
645 16 6 50
112 16 7 33
113 16 7 33
111 16 7 33
556 16 8 100
4 16 9 50
5 16 9 50
726 16 10 50
727 16 10 50
198 16 11 100
919 16 12 100
400 16 13 50
399 16 13 50
1092 16 14 50
1094 16 14 50
584 16 15 50
586 16 15 50
531 16 17 50
532 16 17 50
1233 16 18 50
1234 16 18 50
704 16 19 50
706 16 19 50
179 16 20 50
180 16 20 50
1172 17 0 100
469 17 1 100
980 17 2 100
264 17 3 100
329 17 4 100
862 17 5 100
121 17 6 100
651 17 7 100
407 17 8 100
928 17 9 100
206 17 10 100
731 17 11 100
791 17 12 100
54 17 13 100
592 17 14 100
1103 17 15 100
908 17 16 50
909 17 16 50
708 17 18 100
1236 17 19 100
10 17 20 100
1051 18 0 50
1053 18 0 50
529 18 1 50
527 18 1 50
868 18 2 50
869 18 2 50
335 18 3 100
656 18 4 33
657 18 4 33
658 18 4 33
128 18 5 50
126 18 5 50
476 18 6 50
477 18 6 50
1179 18 7 33
1180 18 7 33
1181 18 7 33
271 18 8 100
988 18 9 50
989 18 9 50
60 18 10 50
61 18 10 50
800 18 11 50
799 18 11 50
1110 18 12 50
1111 18 12 50
596 18 13 50
597 18 13 50
936 18 14 33
934 18 14 33
935 18 14 33
413 18 15 33
414 18 15 33
415 18 15 33
737 18 16 50
738 18 16 50
213 18 17 100
16 18 19 50
15 18 19 50
384 18 20 50
383 18 20 50
904 19 0 50
906 19 0 50
184 19 1 50
182 19 1 50
1072 19 2 50
1071 19 2 50
378 19 3 50
379 19 3 50
8 19 4 33
6 19 4 33
7 19 4 33
557 19 5 100
203 19 6 50
204 19 6 50
728 19 7 33
729 19 7 33
730 19 7 33
404 19 8 50
406 19 8 50
925 19 9 50
926 19 9 50
587 19 10 50
588 19 10 50
1098 19 11 50
1099 19 11 50
787 19 12 50
788 19 12 50
51 19 13 50
52 19 13 50
976 19 14 50
978 19 14 50
259 19 15 50
261 19 15 50
1168 19 16 50
1167 19 16 50
464 19 17 100
117 19 18 50
118 19 18 50
325 19 20 50
326 19 20 50
734 20 0 50
735 20 0 50
209 20 1 33
210 20 1 33
211 20 1 33
931 20 2 50
932 20 2 50
410 20 3 50
412 20 3 50
380 20 4 33
381 20 4 33
382 20 4 33
1074 20 5 100
560 20 6 33
561 20 6 33
562 20 6 33
12 20 7 33
13 20 7 33
14 20 7 33
268 20 8 50
270 20 8 50
985 20 9 50
986 20 9 50
473 20 10 50
474 20 10 50
1176 20 11 33
1177 20 11 33
1178 20 11 33
1107 20 12 50
1108 20 12 50
593 20 13 50
594 20 13 50
57 20 14 50
59 20 14 50
796 20 15 50
798 20 15 50
1048 20 16 50
1049 20 16 50
524 20 17 100
1230 20 18 50
1231 20 18 50
701 20 19 50
702 20 19 50
