tunnel_num s t weight
1021 0 1 50
1022 0 1 50
500 0 2 33
501 0 2 33
502 0 2 33
1203 0 3 50
1204 0 3 50
680 0 4 33
681 0 4 33
682 0 4 33
154 0 5 50
155 0 5 50
886 0 6 50
887 0 6 50
355 0 7 33
356 0 7 33
357 0 7 33
771 0 8 50
772 0 8 50
245 0 9 50
246 0 9 50
958 0 10 50
959 0 10 50
443 0 11 50
444 0 11 50
1144 0 12 50
1143 0 12 50
626 0 13 50
627 0 13 50
90 0 14 50
91 0 14 50
838 0 15 50
839 0 15 50
572 0 16 100
27 0 17 50
29 0 17 50
754 0 18 100
227 0 19 100
944 0 20 50
943 0 20 50
156 1 0 50
157 1 0 50
1209 1 2 33
1210 1 2 33
1211 1 2 33
506 1 3 50
507 1 3 50
539 1 4 33
540 1 4 33
541 1 4 33
1061 1 5 50
1062 1 5 50
358 1 6 50
359 1 6 50
889 1 7 33
890 1 7 33
891 1 7 33
633 1 8 50
634 1 8 50
1149 1 9 50
1150 1 9 50
449 1 10 50
450 1 10 50
964 1 11 50
965 1 11 50
1027 1 12 33
1028 1 12 33
1029 1 12 33
304 1 13 50
305 1 13 50
844 1 14 50
845 1 14 50
96 1 15 50
97 1 15 50
434 1 16 100
949 1 17 50
951 1 17 50
238 1 18 100
761 1 19 100
826 1 20 50
827 1 20 50
1251 2 0 33
1252 2 0 33
1253 2 0 33
720 2 1 33
721 2 1 33
719 2 1 33
544 2 3 50
542 2 3 50
892 2 4 33
893 2 4 33
894 2 4 33
361 2 5 50
362 2 5 50
688 2 6 33
686 2 6 33
687 2 6 33
162 2 7 33
163 2 7 33
164 2 7 33
513 2 8 50
514 2 8 50
1216 2 9 50
1217 2 9 50
312 2 10 50
310 2 10 50
1033 2 11 50
1035 2 11 50
104 2 12 50
102 2 12 50
851 2 13 50
852 2 13 50
1155 2 14 50
1156 2 14 50
638 2 15 50
639 2 15 50
298 2 16 50
299 2 16 50
1018 2 17 50
1019 2 17 50
88 2 18 100
835 2 19 50
836 2 19 50
1140 2 20 50
1141 2 20 50
1089 3 0 50
1090 3 0 50
395 3 1 50
396 3 1 50
42 3 2 50
44 3 2 50
248 3 4 33
249 3 4 33
250 3 4 33
774 3 5 50
775 3 5 50
446 3 6 50
447 3 6 50
961 3 7 33
962 3 7 33
963 3 7 33
630 3 8 50
631 3 8 50
1147 3 9 50
1148 3 9 50
842 3 10 50
843 3 10 50
93 3 11 50
95 3 11 50
1024 3 12 50
1026 3 12 50
302 3 13 50
303 3 13 50
1206 3 14 50
1207 3 14 50
504 3 15 50
503 3 15 50
856 3 16 100
109 3 17 100
shutdown 3 18
317 3 19 100
1221 3 20 50
1222 3 20 50
968 4 0 33
969 4 0 33
967 4 0 33
452 4 1 33
453 4 1 33
454 4 1 33
1152 4 2 33
1153 4 2 33
1154 4 2 33
635 4 3 33
636 4 3 33
637 4 3 33
45 4 5 33
46 4 5 33
47 4 5 33
776 4 6 50
777 4 6 50
251 4 7 50
252 4 7 50
509 4 8 100
1212 4 9 50
1213 4 9 50
683 4 10 50
684 4 10 50
160 4 11 33
161 4 11 33
159 4 11 33
99 4 12 33
100 4 12 33
101 4 12 33
848 4 13 50
847 4 13 50
307 4 14 33
308 4 14 33
309 4 14 33
1032 4 15 33
1030 4 15 33
1031 4 15 33
697 4 16 50
695 4 16 50
171 4 17 33
172 4 17 33
173 4 17 33
899 4 18 100
369 4 19 50
371 4 19 50
322 4 20 50
324 4 20 50
854 5 0 50
855 5 0 50
106 5 1 50
107 5 1 50
641 5 2 50
642 5 2 50
1160 5 3 50
1159 5 3 50
456 5 4 33
457 5 4 33
455 5 4 33
253 5 6 50
254 5 6 50
778 5 7 33
779 5 7 33
780 5 7 33
364 5 8 50
366 5 8 50
896 5 9 50
895 5 9 50
165 5 10 50
166 5 10 50
689 5 11 50
690 5 11 50
1218 5 12 50
1219 5 12 50
515 5 13 50
516 5 13 50
1036 5 14 50
1038 5 14 50
314 5 15 50
315 5 15 50
551 5 16 100
1068 5 17 50
1070 5 17 50
374 5 18 100
901 5 19 100
176 5 20 50
177 5 20 50
692 6 0 50
693 6 0 50
168 6 1 50
169 6 1 50
520 6 2 33
518 6 2 33
519 6 2 33
1224 6 3 50
1225 6 3 50
1064 6 4 50
1063 6 4 50
545 6 5 50
546 6 5 50
368 6 7 50
367 6 7 50
1164 6 8 50
1166 6 8 50
648 6 9 50
647 6 9 50
973 6 10 50
974 6 10 50
461 6 11 33
462 6 11 33
463 6 11 33
320 6 12 33
321 6 12 33
319 6 12 33
1042 6 13 50
1043 6 13 50
114 6 14 50
115 6 14 50
859 6 15 50
860 6 15 50
401 6 16 100
1096 6 17 50
1095 6 17 50
201 6 18 50
202 6 18 50
922 6 19 100
784 6 20 50
786 6 20 50
548 7 0 33
549 7 0 33
550 7 0 33
1065 7 1 33
1066 7 1 33
1067 7 1 33
722 7 2 33
723 7 2 33
724 7 2 33
0 7 3 33
1 7 3 33
2 7 3 33
174 7 4 50
175 7 4 50
698 7 5 33
699 7 5 33
700 7 5 33
372 7 6 50
373 7 6 50
1045 7 8 100
331 7 9 50
332 7 9 50
1227 7 10 50
1228 7 10 50
521 7 11 33
522 7 11 33
523 7 11 33
653 7 12 33
654 7 12 33
655 7 12 33
1173 7 13 50
1174 7 13 50
865 7 14 33
866 7 14 33
867 7 14 33
123 7 15 33
124 7 15 33
125 7 15 33
265 7 16 50
267 7 16 50
793 7 17 33
794 7 17 33
795 7 17 33
471 7 18 100
984 7 19 50
982 7 19 50
1104 7 20 50
1106 7 20 50
186 8 0 50
187 8 0 50
912 8 1 50
911 8 1 50
387 8 2 50
388 8 2 50
1078 8 3 50
1079 8 3 50
564 8 4 50
565 8 4 50
18 8 5 50
20 8 5 50
740 8 6 50
742 8 6 50
216 8 7 50
217 8 7 50
416 8 9 50
418 8 9 50
1113 8 10 50
1115 8 10 50
600 8 11 50
601 8 11 50
64 8 12 50
65 8 12 50
802 8 13 50
804 8 13 50
275 8 14 100
992 8 15 100
1122 8 16 100
608 8 17 100
69 8 18 100
811 8 19 100
283 8 20 50
285 8 20 50
21 9 0 50
22 9 0 50
566 9 1 50
567 9 1 50
1080 9 2 50
1082 9 2 50
390 9 3 50
391 9 3 50
419 9 4 50
420 9 4 50
937 9 5 50
938 9 5 50
218 9 6 50
219 9 6 50
744 9 7 50
743 9 7 50
805 9 8 50
807 9 8 50
602 9 10 50
604 9 10 50
1116 9 11 50
1118 9 11 50
1184 9 12 50
1182 9 12 50
481 9 13 50
479 9 13 50
994 9 14 50
995 9 14 50
277 9 15 50
278 9 15 50
1003 9 16 50
1004 9 16 50
289 9 17 50
290 9 17 50
817 9 18 100
75 9 19 50
76 9 19 50
136 9 20 50
135 9 20 50
1120 10 0 50
1119 10 0 50
605 10 1 50
606 10 1 50
940 10 2 50
942 10 2 50
424 10 3 50
423 10 3 50
746 10 4 33
747 10 4 33
748 10 4 33
221 10 5 50
222 10 5 50
569 10 6 50
570 10 6 50
24 10 7 33
25 10 7 33
26 10 7 33
659 10 8 50
661 10 8 50
129 10 9 50
131 10 9 50
1185 10 11 50
1187 10 11 50
280 10 12 50
282 10 12 50
997 10 13 50
999 10 13 50
66 10 14 50
67 10 14 50
808 10 15 50
809 10 15 50
880 10 16 50
881 10 16 50
346 10 17 50
347 10 17 50
671 10 18 100
144 10 19 50
145 10 19 50
491 10 20 50
492 10 20 50
1000 11 0 50
1001 11 0 50
286 11 1 50
287 11 1 50
1188 11 2 50
1190 11 2 50
482 11 3 50
484 11 3 50
132 11 4 33
133 11 4 33
134 11 4 33
662 11 5 50
663 11 5 50
337 11 6 33
338 11 6 33
339 11 6 33
872 11 7 33
873 11 7 33
871 11 7 33
224 11 8 50
226 11 8 50
749 11 9 50
751 11 9 50
425 11 10 50
427 11 10 50
611 11 12 50
613 11 12 50
1125 11 13 50
1127 11 13 50
814 11 14 50
815 11 14 50
72 11 15 50
73 11 15 50
716 11 16 50
717 11 16 50
1248 11 17 50
1249 11 17 50
916 11 18 100
192 11 19 50
191 11 19 50
1083 11 20 50
1084 11 20 50
877 12 0 50
878 12 0 50
344 12 1 33
345 12 1 33
343 12 1 33
1056 12 2 50
1054 12 2 50
533 12 3 50
535 12 3 50
488 12 4 33
489 12 4 33
490 12 4 33
1194 12 5 50
1195 12 5 50
668 12 6 33
669 12 6 33
670 12 6 33
141 12 7 33
142 12 7 33
143 12 7 33
82 12 8 50
83 12 8 50
825 12 9 50
823 12 9 50
292 12 10 50
294 12 10 50
1009 12 11 50
1011 12 11 50
432 12 13 50
433 12 13 50
1131 12 14 50
1132 12 14 50
617 12 15 50
618 12 15 50
578 12 16 50
579 12 16 50
33 12 17 50
34 12 17 50
759 12 18 100
233 12 19 50
234 12 19 50
194 12 20 50
195 12 20 50
713 13 0 50
714 13 0 50
1245 13 1 50
1246 13 1 50
537 13 2 50
538 13 2 50
1058 13 3 50
1059 13 3 50
352 13 4 50
353 13 4 50
883 13 5 50
884 13 5 50
150 13 6 50
151 13 6 50
677 13 7 50
678 13 7 50
1200 13 8 50
1202 13 8 50
497 13 9 50
499 13 9 50
1017 13 10 50
1015 13 10 50
297 13 11 50
295 13 11 50
833 13 12 50
834 13 12 50
624 13 14 50
623 13 14 50
1137 13 15 50
1138 13 15 50
440 13 16 50
441 13 16 50
955 13 17 50
956 13 17 50
242 13 18 100
768 13 19 50
767 13 19 50
40 13 20 50
39 13 20 50
576 14 0 50
575 14 0 50
30 14 1 50
31 14 1 50
392 14 2 50
393 14 2 50
1088 14 3 50
1086 14 3 50
946 14 4 33
947 14 4 33
948 14 4 33
428 14 5 50
430 14 5 50
755 14 6 50
756 14 6 50
232 14 7 33
230 14 7 33
231 14 7 33
80 14 8 50
79 14 8 50
820 14 9 50
821 14 9 50
1128 14 10 50
1129 14 10 50
614 14 11 50
615 14 11 50
485 14 12 50
486 14 12 50
1192 14 13 50
1191 14 13 50
1008 14 15 50
1006 14 15 50
874 14 16 100
340 14 17 50
342 14 17 50
665 14 18 100
138 14 19 100
1241 14 20 50
1239 14 20 50
437 15 0 50
438 15 0 50
952 15 1 50
953 15 1 50
620 15 2 50
621 15 2 50
1136 15 3 50
1134 15 3 50
36 15 4 33
37 15 4 33
38 15 4 33
582 15 5 50
583 15 5 50
240 15 6 50
239 15 6 50
764 15 7 33
765 15 7 33
766 15 7 33
1198 15 8 50
1199 15 8 50
494 15 9 50
495 15 9 50
147 15 10 50
148 15 10 50
674 15 11 50
675 15 11 50
829 15 12 50
830 15 12 50
84 15 13 50
85 15 13 50
1012 15 14 50
1014 15 14 50
710 15 16 100
1243 15 17 50
1244 15 17 50
913 15 18 100
188 15 19 100
349 15 20 50
351 15 20 50
48 16 0 50
50 16 0 50
781 16 1 100
256 16 2 50
257 16 2 50
971 16 3 100
458 16 4 50
460 16 4 50
1161 16 5 100
644 16 6 100
113 16 7 50
111 16 7 50
554 16 8 100
3 16 9 50
4 16 9 50
725 16 10 50
726 16 10 50
197 16 11 50
198 16 11 50
920 16 12 50
919 16 12 50
398 16 13 50
399 16 13 50
1092 16 14 100
584 16 15 50
586 16 15 50
530 16 17 50
532 16 17 50
1234 16 18 50
1235 16 18 50
705 16 19 50
706 16 19 50
179 16 20 100
1170 17 0 50
1172 17 0 50
467 17 1 50
469 17 1 50
979 17 2 50
980 17 2 50
264 17 3 50
263 17 3 50
328 17 4 33
329 17 4 33
330 17 4 33
864 17 5 50
862 17 5 50
120 17 6 50
121 17 6 50
650 17 7 33
651 17 7 33
652 17 7 33
407 17 8 100
928 17 9 50
929 17 9 50
206 17 10 50
207 17 10 50
731 17 11 50
732 17 11 50
790 17 12 50
791 17 12 50
54 17 13 50
55 17 13 50
592 17 14 50
590 17 14 50
1102 17 15 50
1103 17 15 50
907 17 16 50
909 17 16 50
708 17 18 50
709 17 18 50
1236 17 19 50
1238 17 19 50
9 17 20 50
10 17 20 50
1053 18 0 100
529 18 1 100
869 18 2 100
shutdown 18 3
657 18 4 50
658 18 4 50
126 18 5 100
477 18 6 50
478 18 6 50
1180 18 7 50
1181 18 7 50
271 18 8 100
988 18 9 100
60 18 10 100
799 18 11 100
1111 18 12 100
596 18 13 100
934 18 14 100
413 18 15 100
738 18 16 50
739 18 16 50
213 18 17 50
214 18 17 50
15 18 19 100
383 18 20 100
904 19 0 50
906 19 0 50
182 19 1 100
1072 19 2 50
1071 19 2 50
378 19 3 100
6 19 4 100
557 19 5 100
203 19 6 100
728 19 7 100
404 19 8 100
925 19 9 50
926 19 9 50
587 19 10 50
588 19 10 50
1098 19 11 50
1099 19 11 50
787 19 12 50
788 19 12 50
51 19 13 50
52 19 13 50
976 19 14 100
259 19 15 50
261 19 15 50
1168 19 16 50
1169 19 16 50
464 19 17 50
466 19 17 50
117 19 18 100
325 19 20 100
734 20 0 50
735 20 0 50
209 20 1 50
210 20 1 50
931 20 2 50
932 20 2 50
410 20 3 50
412 20 3 50
380 20 4 50
382 20 4 50
1074 20 5 50
1075 20 5 50
560 20 6 50
562 20 6 50
12 20 7 50
14 20 7 50
268 20 8 50
270 20 8 50
985 20 9 50
986 20 9 50
473 20 10 50
474 20 10 50
1176 20 11 33
1177 20 11 33
1178 20 11 33
1107 20 12 50
1108 20 12 50
593 20 13 50
594 20 13 50
57 20 14 50
59 20 14 50
796 20 15 50
798 20 15 50
1048 20 16 100
524 20 17 50
525 20 17 50
1230 20 18 100
701 20 19 100
