tunnel_num s t weight
1021 0 1 50
1022 0 1 50
500 0 2 50
502 0 2 50
1203 0 3 50
1204 0 3 50
680 0 4 100
154 0 5 50
155 0 5 50
886 0 6 50
887 0 6 50
356 0 7 50
357 0 7 50
770 0 8 100
245 0 9 50
247 0 9 50
960 0 10 50
958 0 10 50
443 0 11 50
445 0 11 50
1145 0 12 50
1143 0 12 50
627 0 13 50
628 0 13 50
90 0 14 50
91 0 14 50
838 0 15 50
839 0 15 50
572 0 16 50
574 0 16 50
27 0 17 50
29 0 17 50
752 0 18 50
754 0 18 50
227 0 19 50
229 0 19 50
944 0 20 50
943 0 20 50
156 1 0 50
157 1 0 50
1209 1 2 50
1211 1 2 50
506 1 3 50
507 1 3 50
539 1 4 100
1061 1 5 50
1062 1 5 50
358 1 6 50
359 1 6 50
890 1 7 50
891 1 7 50
632 1 8 100
1149 1 9 50
1151 1 9 50
449 1 10 50
451 1 10 50
964 1 11 50
966 1 11 50
1027 1 12 50
1029 1 12 50
305 1 13 50
306 1 13 50
844 1 14 33
845 1 14 33
846 1 14 33
96 1 15 50
97 1 15 50
434 1 16 50
436 1 16 50
949 1 17 50
951 1 17 50
236 1 18 50
238 1 18 50
761 1 19 50
763 1 19 50
826 1 20 33
827 1 20 33
828 1 20 33
1251 2 0 50
1253 2 0 50
721 2 1 50
719 2 1 50
542 2 3 50
543 2 3 50
892 2 4 50
894 2 4 50
361 2 5 100
688 2 6 50
686 2 6 50
shutdown 2 7
512 2 8 50
513 2 8 50
1216 2 9 50
1215 2 9 50
310 2 10 50
311 2 10 50
1033 2 11 50
1034 2 11 50
102 2 12 50
103 2 12 50
850 2 13 50
851 2 13 50
1155 2 14 100
638 2 15 100
298 2 16 100
1018 2 17 100
87 2 18 100
835 2 19 100
1140 2 20 100
1089 3 0 50
1090 3 0 50
395 3 1 50
396 3 1 50
42 3 2 50
43 3 2 50
248 3 4 50
250 3 4 50
774 3 5 50
775 3 5 50
446 3 6 50
447 3 6 50
962 3 7 100
629 3 8 50
631 3 8 50
1146 3 9 50
1147 3 9 50
841 3 10 50
842 3 10 50
93 3 11 50
94 3 11 50
1024 3 12 50
1025 3 12 50
301 3 13 50
302 3 13 50
1206 3 14 50
1207 3 14 50
504 3 15 50
503 3 15 50
856 3 16 50
858 3 16 50
109 3 17 100
1040 3 18 100
317 3 19 50
318 3 19 50
1221 3 20 50
1222 3 20 50
967 4 0 100
452 4 1 100
1152 4 2 100
635 4 3 100
45 4 5 50
47 4 5 50
776 4 6 100
251 4 7 100
511 4 8 100
1214 4 9 100
685 4 10 100
159 4 11 100
99 4 12 100
849 4 13 100
307 4 14 100
1030 4 15 100
695 4 16 100
171 4 17 100
898 4 18 100
369 4 19 100
322 4 20 100
854 5 0 50
855 5 0 50
106 5 1 50
107 5 1 50
641 5 2 100
1160 5 3 50
1159 5 3 50
457 5 4 50
455 5 4 50
253 5 6 50
254 5 6 50
779 5 7 100
365 5 8 50
366 5 8 50
896 5 9 100
166 5 10 100
690 5 11 100
1219 5 12 100
516 5 13 50
517 5 13 50
1036 5 14 50
1038 5 14 50
314 5 15 50
315 5 15 50
552 5 16 50
551 5 16 50
1068 5 17 33
1069 5 17 33
1070 5 17 33
376 5 18 33
374 5 18 33
375 5 18 33
901 5 19 50
902 5 19 50
176 5 20 50
177 5 20 50
692 6 0 50
693 6 0 50
168 6 1 50
169 6 1 50
520 6 2 50
518 6 2 50
1224 6 3 50
1225 6 3 50
1063 6 4 100
545 6 5 50
546 6 5 50
368 6 7 100
1165 6 8 50
1166 6 8 50
648 6 9 50
649 6 9 50
974 6 10 50
975 6 10 50
461 6 11 50
463 6 11 50
321 6 12 50
319 6 12 50
1043 6 13 50
1044 6 13 50
114 6 14 33
115 6 14 33
116 6 14 33
859 6 15 50
860 6 15 50
401 6 16 50
402 6 16 50
1096 6 17 33
1097 6 17 33
1095 6 17 33
200 6 18 33
201 6 18 33
202 6 18 33
922 6 19 50
923 6 19 50
784 6 20 33
785 6 20 33
786 6 20 33
549 7 0 50
550 7 0 50
1066 7 1 50
1067 7 1 50
724 7 2 100
1 7 3 50
2 7 3 50
174 7 4 100
699 7 5 100
373 7 6 100
1046 7 8 100
332 7 9 100
1228 7 10 100
523 7 11 100
655 7 12 100
1174 7 13 100
866 7 14 50
867 7 14 50
124 7 15 50
125 7 15 50
266 7 16 50
267 7 16 50
794 7 17 50
795 7 17 50
472 7 18 50
471 7 18 50
984 7 19 50
983 7 19 50
1105 7 20 50
1106 7 20 50
185 8 0 100
910 8 1 100
386 8 2 50
387 8 2 50
1077 8 3 50
1079 8 3 50
563 8 4 100
19 8 5 50
20 8 5 50
741 8 6 50
742 8 6 50
shutdown 8 7
416 8 9 50
417 8 9 50
1113 8 10 50
1114 8 10 50
600 8 11 50
599 8 11 50
64 8 12 50
63 8 12 50
802 8 13 50
803 8 13 50
274 8 14 50
276 8 14 50
993 8 15 50
991 8 15 50
1123 8 16 50
1124 8 16 50
609 8 17 100
70 8 18 100
812 8 19 50
813 8 19 50
284 8 20 50
285 8 20 50
21 9 0 50
23 9 0 50
568 9 1 50
566 9 1 50
1080 9 2 50
1081 9 2 50
389 9 3 50
390 9 3 50
421 9 4 100
938 9 5 100
219 9 6 50
220 9 6 50
744 9 7 100
805 9 8 50
806 9 8 50
602 9 10 50
603 9 10 50
1116 9 11 50
1117 9 11 50
1182 9 12 50
1183 9 12 50
480 9 13 50
479 9 13 50
995 9 14 50
996 9 14 50
277 9 15 50
279 9 15 50
1004 9 16 100
290 9 17 100
818 9 18 100
76 9 19 50
77 9 19 50
136 9 20 50
137 9 20 50
1121 10 0 50
1119 10 0 50
605 10 1 50
607 10 1 50
940 10 2 50
941 10 2 50
422 10 3 50
423 10 3 50
748 10 4 100
222 10 5 100
570 10 6 50
571 10 6 50
25 10 7 100
659 10 8 50
660 10 8 50
129 10 9 50
130 10 9 50
1185 10 11 50
1186 10 11 50
280 10 12 50
281 10 12 50
997 10 13 50
998 10 13 50
66 10 14 50
68 10 14 50
808 10 15 50
810 10 15 50
881 10 16 100
347 10 17 100
672 10 18 100
145 10 19 100
492 10 20 50
493 10 20 50
1000 11 0 50
1002 11 0 50
288 11 1 50
286 11 1 50
1188 11 2 50
1189 11 2 50
482 11 3 50
483 11 3 50
132 11 4 50
134 11 4 50
663 11 5 100
337 11 6 50
339 11 6 50
shutdown 11 7
224 11 8 50
225 11 8 50
749 11 9 50
750 11 9 50
425 11 10 50
426 11 10 50
611 11 12 50
612 11 12 50
1125 11 13 50
1126 11 13 50
816 11 14 50
814 11 14 50
72 11 15 50
74 11 15 50
717 11 16 100
1249 11 17 100
917 11 18 100
192 11 19 100
1083 11 20 100
877 12 0 50
879 12 0 50
345 12 1 50
343 12 1 50
1054 12 2 50
1055 12 2 50
533 12 3 50
534 12 3 50
488 12 4 50
490 12 4 50
1195 12 5 100
668 12 6 50
670 12 6 50
shutdown 12 7
81 12 8 50
82 12 8 50
824 12 9 50
823 12 9 50
292 12 10 50
293 12 10 50
1009 12 11 50
1010 12 11 50
432 12 13 50
431 12 13 50
1131 12 14 100
617 12 15 50
619 12 15 50
578 12 16 100
33 12 17 100
758 12 18 100
233 12 19 100
194 12 20 100
714 13 0 50
715 13 0 50
1246 13 1 50
1247 13 1 50
536 13 2 50
537 13 2 50
1057 13 3 50
1058 13 3 50
354 13 4 100
884 13 5 50
885 13 5 50
152 13 6 50
151 13 6 50
678 13 7 100
1200 13 8 50
1201 13 8 50
497 13 9 50
498 13 9 50
1016 13 10 50
1015 13 10 50
296 13 11 50
295 13 11 50
832 13 12 50
833 13 12 50
624 13 14 50
625 13 14 50
1138 13 15 50
1139 13 15 50
441 13 16 100
956 13 17 100
243 13 18 100
768 13 19 50
769 13 19 50
40 13 20 50
41 13 20 50
576 14 0 50
575 14 0 50
32 14 1 33
30 14 1 33
31 14 1 33
392 14 2 100
1088 14 3 50
1086 14 3 50
946 14 4 100
428 14 5 50
430 14 5 50
755 14 6 33
756 14 6 33
757 14 6 33
232 14 7 50
231 14 7 50
78 14 8 100
821 14 9 50
822 14 9 50
1128 14 10 50
1130 14 10 50
616 14 11 50
614 14 11 50
485 14 12 100
1192 14 13 50
1193 14 13 50
1008 14 15 50
1006 14 15 50
874 14 16 50
876 14 16 50
340 14 17 50
342 14 17 50
665 14 18 33
666 14 18 33
667 14 18 33
138 14 19 50
140 14 19 50
1241 14 20 50
1239 14 20 50
437 15 0 50
438 15 0 50
952 15 1 50
953 15 1 50
620 15 2 100
1136 15 3 50
1134 15 3 50
36 15 4 50
38 15 4 50
582 15 5 50
583 15 5 50
240 15 6 33
241 15 6 33
239 15 6 33
765 15 7 100
1197 15 8 100
496 15 9 50
494 15 9 50
147 15 10 50
149 15 10 50
674 15 11 50
676 15 11 50
829 15 12 50
831 15 12 50
85 15 13 50
86 15 13 50
1012 15 14 50
1014 15 14 50
712 15 16 50
710 15 16 50
1243 15 17 50
1244 15 17 50
913 15 18 50
914 15 18 50
188 15 19 50
190 15 19 50
349 15 20 50
351 15 20 50
48 16 0 50
50 16 0 50
781 16 1 50
783 16 1 50
256 16 2 100
971 16 3 50
972 16 3 50
458 16 4 100
1161 16 5 50
1162 16 5 50
644 16 6 50
645 16 6 50
112 16 7 50
113 16 7 50
555 16 8 50
556 16 8 50
4 16 9 100
726 16 10 100
198 16 11 100
919 16 12 100
399 16 13 100
1092 16 14 50
1094 16 14 50
584 16 15 50
586 16 15 50
530 16 17 33
531 16 17 33
532 16 17 33
1233 16 18 33
1234 16 18 33
1235 16 18 33
704 16 19 33
705 16 19 33
706 16 19 33
179 16 20 50
180 16 20 50
1170 17 0 50
1172 17 0 50
467 17 1 50
469 17 1 50
979 17 2 100
264 17 3 50
263 17 3 50
328 17 4 100
864 17 5 33
862 17 5 33
863 17 5 33
120 17 6 33
121 17 6 33
122 17 6 33
651 17 7 50
652 17 7 50
408 17 8 100
929 17 9 100
207 17 10 100
732 17 11 100
790 17 12 100
55 17 13 100
592 17 14 50
590 17 14 50
1102 17 15 50
1103 17 15 50
907 17 16 33
908 17 16 33
909 17 16 33
707 17 18 33
708 17 18 33
709 17 18 33
1236 17 19 33
1237 17 19 33
1238 17 19 33
9 17 20 33
10 17 20 33
11 17 20 33
1051 18 0 50
1053 18 0 50
529 18 1 50
527 18 1 50
868 18 2 100
335 18 3 100
656 18 4 50
658 18 4 50
128 18 5 33
126 18 5 33
127 18 5 33
476 18 6 33
477 18 6 33
478 18 6 33
1180 18 7 100
272 18 8 100
989 18 9 100
61 18 10 100
800 18 11 100
1110 18 12 100
597 18 13 100
936 18 14 33
934 18 14 33
935 18 14 33
413 18 15 33
414 18 15 33
415 18 15 33
737 18 16 33
738 18 16 33
739 18 16 33
212 18 17 33
213 18 17 33
214 18 17 33
16 18 19 33
17 18 19 33
15 18 19 33
384 18 20 33
385 18 20 33
383 18 20 33
904 19 0 50
906 19 0 50
184 19 1 50
182 19 1 50
1071 19 2 100
378 19 3 50
379 19 3 50
8 19 4 50
6 19 4 50
557 19 5 50
558 19 5 50
203 19 6 50
204 19 6 50
729 19 7 100
405 19 8 50
406 19 8 50
926 19 9 50
927 19 9 50
588 19 10 100
1099 19 11 100
787 19 12 100
52 19 13 50
53 19 13 50
976 19 14 50
978 19 14 50
259 19 15 50
261 19 15 50
1168 19 16 33
1169 19 16 33
1167 19 16 33
464 19 17 33
465 19 17 33
466 19 17 33
117 19 18 33
118 19 18 33
119 19 18 33
325 19 20 50
326 19 20 50
734 20 0 50
735 20 0 50
209 20 1 33
210 20 1 33
211 20 1 33
931 20 2 100
410 20 3 50
412 20 3 50
380 20 4 100
1074 20 5 50
1075 20 5 50
560 20 6 33
561 20 6 33
562 20 6 33
13 20 7 50
14 20 7 50
269 20 8 50
270 20 8 50
986 20 9 50
987 20 9 50
474 20 10 50
475 20 10 50
1176 20 11 50
1178 20 11 50
1107 20 12 100
594 20 13 50
595 20 13 50
57 20 14 50
59 20 14 50
796 20 15 50
798 20 15 50
1048 20 16 50
1049 20 16 50
524 20 17 33
525 20 17 33
526 20 17 33
1232 20 18 33
1230 20 18 33
1231 20 18 33
701 20 19 50
702 20 19 50
