tunnel_num s t weight
1021 0 1 100
501 0 2 50
502 0 2 50
1204 0 3 50
1205 0 3 50
680 0 4 50
682 0 4 50
154 0 5 100
886 0 6 100
355 0 7 50
357 0 7 50
771 0 8 100
246 0 9 100
959 0 10 100
444 0 11 100
1144 0 12 100
626 0 13 100
91 0 14 100
839 0 15 100
572 0 16 100
27 0 17 100
752 0 18 100
229 0 19 100
943 0 20 100
156 1 0 100
1210 1 2 50
1211 1 2 50
507 1 3 50
508 1 3 50
539 1 4 50
541 1 4 50
1061 1 5 100
358 1 6 100
889 1 7 50
891 1 7 50
633 1 8 100
1150 1 9 100
450 1 10 100
965 1 11 100
1028 1 12 50
1029 1 12 50
304 1 13 100
844 1 14 100
97 1 15 50
98 1 15 50
434 1 16 100
949 1 17 100
236 1 18 100
763 1 19 100
826 1 20 100
1252 2 0 50
1253 2 0 50
720 2 1 50
721 2 1 50
542 2 3 50
543 2 3 50
893 2 4 50
894 2 4 50
362 2 5 50
363 2 5 50
688 2 6 50
687 2 6 50
163 2 7 50
164 2 7 50
512 2 8 50
513 2 8 50
1216 2 9 50
1215 2 9 50
310 2 10 50
311 2 10 50
1033 2 11 50
1034 2 11 50
102 2 12 50
103 2 12 50
850 2 13 50
851 2 13 50
1155 2 14 100
638 2 15 100
299 2 16 50
300 2 16 50
1019 2 17 50
1020 2 17 50
88 2 18 50
89 2 18 50
836 2 19 50
837 2 19 50
1140 2 20 100
1090 3 0 50
1091 3 0 50
396 3 1 50
397 3 1 50
42 3 2 50
43 3 2 50
249 3 4 50
250 3 4 50
773 3 5 100
448 3 6 50
447 3 6 50
962 3 7 50
963 3 7 50
629 3 8 50
631 3 8 50
1146 3 9 50
1147 3 9 50
841 3 10 50
842 3 10 50
93 3 11 50
94 3 11 50
1024 3 12 50
1025 3 12 50
301 3 13 50
302 3 13 50
1206 3 14 100
503 3 15 100
857 3 16 100
108 3 17 50
110 3 17 50
1041 3 18 50
1039 3 18 50
316 3 19 100
1221 3 20 100
969 4 0 50
967 4 0 50
452 4 1 50
454 4 1 50
1153 4 2 100
636 4 3 100
45 4 5 100
776 4 6 50
777 4 6 50
251 4 7 50
252 4 7 50
509 4 8 100
1212 4 9 100
683 4 10 100
160 4 11 100
100 4 12 100
847 4 13 100
307 4 14 50
309 4 14 50
1032 4 15 50
1030 4 15 50
697 4 16 50
695 4 16 50
171 4 17 50
173 4 17 50
898 4 18 50
900 4 18 50
370 4 19 100
322 4 20 50
324 4 20 50
855 5 0 100
107 5 1 100
642 5 2 50
643 5 2 50
1158 5 3 100
455 5 4 100
253 5 6 100
778 5 7 100
364 5 8 100
897 5 9 50
895 5 9 50
165 5 10 50
167 5 10 50
689 5 11 50
691 5 11 50
1218 5 12 50
1220 5 12 50
515 5 13 100
1037 5 14 50
1038 5 14 50
313 5 15 50
315 5 15 50
552 5 16 50
551 5 16 50
1068 5 17 50
1069 5 17 50
374 5 18 50
375 5 18 50
901 5 19 50
902 5 19 50
177 5 20 50
178 5 20 50
692 6 0 100
168 6 1 100
520 6 2 50
519 6 2 50
1225 6 3 50
1226 6 3 50
1064 6 4 50
1063 6 4 50
545 6 5 100
368 6 7 50
367 6 7 50
1164 6 8 50
1166 6 8 50
647 6 9 100
973 6 10 100
462 6 11 50
463 6 11 50
320 6 12 50
321 6 12 50
1042 6 13 100
114 6 14 100
859 6 15 100
401 6 16 100
1097 6 17 50
1095 6 17 50
200 6 18 50
202 6 18 50
923 6 19 100
784 6 20 100
548 7 0 50
550 7 0 50
1065 7 1 50
1067 7 1 50
723 7 2 100
1 7 3 100
174 7 4 50
175 7 4 50
698 7 5 100
372 7 6 50
373 7 6 50
1045 7 8 100
331 7 9 100
1227 7 10 100
522 7 11 100
654 7 12 100
1173 7 13 100
865 7 14 50
867 7 14 50
123 7 15 50
125 7 15 50
265 7 16 50
267 7 16 50
793 7 17 50
795 7 17 50
472 7 18 50
470 7 18 50
983 7 19 100
1104 7 20 50
1106 7 20 50
186 8 0 100
911 8 1 100
386 8 2 50
387 8 2 50
1077 8 3 50
1079 8 3 50
564 8 4 50
565 8 4 50
18 8 5 100
740 8 6 50
742 8 6 50
216 8 7 50
217 8 7 50
416 8 9 50
417 8 9 50
1113 8 10 50
1114 8 10 50
600 8 11 50
599 8 11 50
64 8 12 50
63 8 12 50
802 8 13 50
803 8 13 50
274 8 14 100
991 8 15 100
1122 8 16 100
608 8 17 50
610 8 17 50
69 8 18 50
71 8 18 50
811 8 19 100
284 8 20 100
22 9 0 100
567 9 1 100
1080 9 2 50
1081 9 2 50
389 9 3 50
390 9 3 50
419 9 4 100
937 9 5 50
939 9 5 50
218 9 6 100
743 9 7 100
805 9 8 50
806 9 8 50
602 9 10 50
603 9 10 50
1116 9 11 50
1117 9 11 50
1182 9 12 50
1183 9 12 50
480 9 13 50
479 9 13 50
995 9 14 50
996 9 14 50
277 9 15 50
279 9 15 50
1003 9 16 50
1005 9 16 50
289 9 17 50
291 9 17 50
817 9 18 50
819 9 18 50
75 9 19 100
136 9 20 50
137 9 20 50
1120 10 0 100
606 10 1 100
940 10 2 50
941 10 2 50
422 10 3 50
423 10 3 50
746 10 4 100
221 10 5 50
223 10 5 50
569 10 6 100
24 10 7 100
659 10 8 50
660 10 8 50
129 10 9 50
130 10 9 50
1185 10 11 50
1186 10 11 50
280 10 12 50
281 10 12 50
997 10 13 50
998 10 13 50
66 10 14 50
68 10 14 50
808 10 15 50
810 10 15 50
880 10 16 50
882 10 16 50
346 10 17 50
348 10 17 50
673 10 18 50
671 10 18 50
144 10 19 50
146 10 19 50
492 10 20 50
493 10 20 50
1001 11 0 100
287 11 1 100
1188 11 2 50
1189 11 2 50
482 11 3 50
483 11 3 50
133 11 4 50
134 11 4 50
664 11 5 50
662 11 5 50
338 11 6 50
339 11 6 50
872 11 7 50
873 11 7 50
224 11 8 50
225 11 8 50
749 11 9 50
750 11 9 50
425 11 10 50
426 11 10 50
611 11 12 50
612 11 12 50
1125 11 13 50
1126 11 13 50
816 11 14 50
814 11 14 50
72 11 15 50
74 11 15 50
716 11 16 50
718 11 16 50
1248 11 17 50
1250 11 17 50
916 11 18 50
918 11 18 50
193 11 19 50
191 11 19 50
1083 11 20 100
878 12 0 100
344 12 1 50
345 12 1 50
1054 12 2 50
1055 12 2 50
533 12 3 50
534 12 3 50
489 12 4 50
490 12 4 50
1194 12 5 50
1196 12 5 50
669 12 6 50
670 12 6 50
142 12 7 50
143 12 7 50
81 12 8 50
82 12 8 50
824 12 9 50
823 12 9 50
292 12 10 50
293 12 10 50
1009 12 11 50
1010 12 11 50
432 12 13 50
431 12 13 50
1131 12 14 100
617 12 15 50
619 12 15 50
579 12 16 50
580 12 16 50
34 12 17 50
35 12 17 50
760 12 18 50
759 12 18 50
234 12 19 50
235 12 19 50
194 12 20 100
713 13 0 100
1245 13 1 100
536 13 2 50
537 13 2 50
1057 13 3 50
1058 13 3 50
352 13 4 100
883 13 5 100
150 13 6 100
677 13 7 100
1200 13 8 50
1201 13 8 50
497 13 9 50
498 13 9 50
1016 13 10 50
1015 13 10 50
296 13 11 50
295 13 11 50
832 13 12 50
833 13 12 50
624 13 14 50
625 13 14 50
1138 13 15 50
1139 13 15 50
440 13 16 50
442 13 16 50
955 13 17 50
957 13 17 50
242 13 18 50
244 13 18 50
767 13 19 100
40 13 20 50
41 13 20 50
576 14 0 100
30 14 1 100
392 14 2 100
1086 14 3 100
946 14 4 50
948 14 4 50
429 14 5 50
430 14 5 50
755 14 6 100
232 14 7 50
230 14 7 50
80 14 8 50
78 14 8 50
821 14 9 50
822 14 9 50
1128 14 10 50
1130 14 10 50
616 14 11 50
614 14 11 50
485 14 12 100
1192 14 13 50
1193 14 13 50
1006 14 15 100
874 14 16 50
875 14 16 50
340 14 17 50
341 14 17 50
667 14 18 100
139 14 19 50
140 14 19 50
1239 14 20 100
438 15 0 100
953 15 1 50
954 15 1 50
620 15 2 100
1134 15 3 100
36 15 4 100
581 15 5 50
583 15 5 50
239 15 6 100
764 15 7 100
1197 15 8 50
1199 15 8 50
496 15 9 50
494 15 9 50
147 15 10 50
149 15 10 50
674 15 11 50
676 15 11 50
829 15 12 50
831 15 12 50
85 15 13 50
86 15 13 50
1012 15 14 100
710 15 16 50
711 15 16 50
1242 15 17 50
1243 15 17 50
915 15 18 100
189 15 19 50
190 15 19 50
349 15 20 100
48 16 0 100
781 16 1 100
257 16 2 50
258 16 2 50
970 16 3 100
458 16 4 50
460 16 4 50
1161 16 5 50
1162 16 5 50
644 16 6 100
113 16 7 50
111 16 7 50
554 16 8 100
3 16 9 50
5 16 9 50
725 16 10 50
727 16 10 50
197 16 11 50
199 16 11 50
920 16 12 50
921 16 12 50
400 16 13 50
398 16 13 50
1092 16 14 50
1093 16 14 50
584 16 15 50
585 16 15 50
530 16 17 50
531 16 17 50
1233 16 18 50
1235 16 18 50
704 16 19 50
705 16 19 50
179 16 20 50
181 16 20 50
1170 17 0 100
467 17 1 100
980 17 2 50
981 17 2 50
262 17 3 100
328 17 4 50
330 17 4 50
862 17 5 50
863 17 5 50
120 17 6 100
650 17 7 50
652 17 7 50
409 17 8 50
407 17 8 50
928 17 9 50
930 17 9 50
208 17 10 50
206 17 10 50
731 17 11 50
733 17 11 50
792 17 12 50
791 17 12 50
56 17 13 50
54 17 13 50
590 17 14 50
591 17 14 50
1101 17 15 50
1102 17 15 50
907 17 16 50
908 17 16 50
707 17 18 50
708 17 18 50
1236 17 19 50
1237 17 19 50
9 17 20 100
1051 18 0 100
527 18 1 100
869 18 2 50
870 18 2 50
336 18 3 50
334 18 3 50
656 18 4 100
126 18 5 50
127 18 5 50
476 18 6 50
478 18 6 50
1179 18 7 100
273 18 8 50
271 18 8 50
988 18 9 50
990 18 9 50
60 18 10 50
62 18 10 50
801 18 11 50
799 18 11 50
1112 18 12 50
1111 18 12 50
596 18 13 50
598 18 13 50
936 18 14 100
415 18 15 100
737 18 16 50
739 18 16 50
212 18 17 50
213 18 17 50
17 18 19 50
15 18 19 50
384 18 20 100
shutdown 19 0
184 19 1 100
1072 19 2 50
1073 19 2 50
377 19 3 100
8 19 4 50
7 19 4 50
557 19 5 50
558 19 5 50
204 19 6 100
729 19 7 50
730 19 7 50
404 19 8 100
925 19 9 100
587 19 10 50
589 19 10 50
1098 19 11 50
1100 19 11 50
788 19 12 50
789 19 12 50
51 19 13 100
977 19 14 50
978 19 14 50
260 19 15 100
1169 19 16 50
1167 19 16 50
464 19 17 50
465 19 17 50
117 19 18 50
119 19 18 50
326 19 20 50
327 19 20 50
734 20 0 100
209 20 1 100
931 20 2 100
410 20 3 100
380 20 4 50
382 20 4 50
1075 20 5 50
1076 20 5 50
560 20 6 100
12 20 7 50
14 20 7 50
269 20 8 100
986 20 9 50
987 20 9 50
474 20 10 50
475 20 10 50
1176 20 11 100
1107 20 12 100
594 20 13 50
595 20 13 50
57 20 14 100
796 20 15 100
1048 20 16 50
1050 20 16 50
525 20 17 100
1231 20 18 100
702 20 19 50
703 20 19 50
