tunnel_num s t weight
1021 0 1 100
500 0 2 100
1205 0 3 100
680 0 4 100
154 0 5 100
886 0 6 100
355 0 7 100
771 0 8 100
246 0 9 100
959 0 10 100
444 0 11 100
1144 0 12 100
626 0 13 100
90 0 14 100
838 0 15 100
572 0 16 100
27 0 17 100
752 0 18 100
229 0 19 100
944 0 20 100
156 1 0 100
1209 1 2 100
508 1 3 100
539 1 4 100
1061 1 5 100
358 1 6 100
889 1 7 100
633 1 8 100
1150 1 9 100
450 1 10 100
965 1 11 100
1028 1 12 100
304 1 13 100
846 1 14 100
98 1 15 100
434 1 16 100
949 1 17 100
236 1 18 100
763 1 19 100
828 1 20 100
1251 2 0 100
719 2 1 100
542 2 3 100
892 2 4 100
361 2 5 100
686 2 6 100
162 2 7 100
514 2 8 100
1217 2 9 100
312 2 10 100
1035 2 11 100
104 2 12 100
852 2 13 100
1155 2 14 100
638 2 15 100
298 2 16 100
1018 2 17 100
87 2 18 100
835 2 19 100
1140 2 20 100
1089 3 0 100
395 3 1 100
42 3 2 100
248 3 4 100
774 3 5 100
446 3 6 100
961 3 7 100
630 3 8 100
1148 3 9 100
843 3 10 100
95 3 11 100
1026 3 12 100
303 3 13 100
1206 3 14 100
503 3 15 100
858 3 16 100
109 3 17 100
1040 3 18 100
317 3 19 100
1221 3 20 100
967 4 0 100
452 4 1 100
1152 4 2 100
635 4 3 100
45 4 5 100
776 4 6 100
251 4 7 100
509 4 8 100
1212 4 9 100
683 4 10 100
160 4 11 100
100 4 12 100
847 4 13 100
308 4 14 100
1031 4 15 100
695 4 16 100
171 4 17 100
898 4 18 100
370 4 19 100
323 4 20 100
855 5 0 100
107 5 1 100
641 5 2 100
1159 5 3 100
455 5 4 100
253 5 6 100
778 5 7 100
364 5 8 100
895 5 9 100
165 5 10 100
689 5 11 100
1218 5 12 100
515 5 13 100
1036 5 14 100
314 5 15 100
551 5 16 100
1068 5 17 100
374 5 18 100
901 5 19 100
176 5 20 100
692 6 0 100
168 6 1 100
518 6 2 100
1226 6 3 100
1063 6 4 100
545 6 5 100
367 6 7 100
1164 6 8 100
647 6 9 100
973 6 10 100
462 6 11 100
320 6 12 100
1042 6 13 100
116 6 14 100
860 6 15 100
401 6 16 100
1095 6 17 100
200 6 18 100
923 6 19 100
785 6 20 100
548 7 0 100
1065 7 1 100
722 7 2 100
0 7 3 100
174 7 4 100
698 7 5 100
372 7 6 100
1045 7 8 100
331 7 9 100
1227 7 10 100
522 7 11 100
654 7 12 100
1173 7 13 100
866 7 14 100
124 7 15 100
265 7 16 100
793 7 17 100
470 7 18 100
983 7 19 100
1105 7 20 100
186 8 0 100
911 8 1 100
388 8 2 100
1078 8 3 100
563 8 4 100
18 8 5 100
740 8 6 100
215 8 7 100
416 8 9 100
1113 8 10 100
600 8 11 100
64 8 12 100
802 8 13 100
275 8 14 100
992 8 15 100
1122 8 16 100
609 8 17 100
71 8 18 100
811 8 19 100
283 8 20 100
22 9 0 100
567 9 1 100
1082 9 2 100
391 9 3 100
419 9 4 100
937 9 5 100
218 9 6 100
743 9 7 100
805 9 8 100
602 9 10 100
1116 9 11 100
1182 9 12 100
479 9 13 100
994 9 14 100
278 9 15 100
1003 9 16 100
289 9 17 100
817 9 18 100
75 9 19 100
135 9 20 100
1120 10 0 100
606 10 1 100
942 10 2 100
424 10 3 100
746 10 4 100
221 10 5 100
569 10 6 100
24 10 7 100
659 10 8 100
129 10 9 100
1185 10 11 100
280 10 12 100
997 10 13 100
67 10 14 100
809 10 15 100
880 10 16 100
346 10 17 100
671 10 18 100
144 10 19 100
491 10 20 100
1001 11 0 100
287 11 1 100
1190 11 2 100
484 11 3 100
133 11 4 100
662 11 5 100
338 11 6 100
872 11 7 100
224 11 8 100
749 11 9 100
425 11 10 100
611 11 12 100
1125 11 13 100
815 11 14 100
73 11 15 100
716 11 16 100
1248 11 17 100
916 11 18 100
191 11 19 100
1084 11 20 100
878 12 0 100
344 12 1 100
1056 12 2 100
535 12 3 100
489 12 4 100
1194 12 5 100
669 12 6 100
142 12 7 100
82 12 8 100
823 12 9 100
292 12 10 100
1009 12 11 100
432 12 13 100
1132 12 14 100
618 12 15 100
579 12 16 100
34 12 17 100
759 12 18 100
234 12 19 100
195 12 20 100
713 13 0 100
1245 13 1 100
538 13 2 100
1059 13 3 100
352 13 4 100
883 13 5 100
150 13 6 100
677 13 7 100
1200 13 8 100
497 13 9 100
1015 13 10 100
295 13 11 100
833 13 12 100
623 13 14 100
1137 13 15 100
440 13 16 100
955 13 17 100
242 13 18 100
767 13 19 100
39 13 20 100
575 14 0 100
31 14 1 100
392 14 2 100
1086 14 3 100
947 14 4 100
428 14 5 100
756 14 6 100
231 14 7 100
79 14 8 100
820 14 9 100
1129 14 10 100
615 14 11 100
486 14 12 100
1191 14 13 100
1006 14 15 100
876 14 16 100
342 14 17 100
665 14 18 100
138 14 19 100
1239 14 20 100
437 15 0 100
952 15 1 100
620 15 2 100
1134 15 3 100
37 15 4 100
582 15 5 100
240 15 6 100
765 15 7 100
1198 15 8 100
495 15 9 100
148 15 10 100
675 15 11 100
830 15 12 100
84 15 13 100
1012 15 14 100
712 15 16 100
1244 15 17 100
913 15 18 100
188 15 19 100
349 15 20 100
48 16 0 100
781 16 1 100
258 16 2 100
972 16 3 100
458 16 4 100
1162 16 5 100
644 16 6 100
111 16 7 100
554 16 8 100
3 16 9 100
725 16 10 100
197 16 11 100
920 16 12 100
398 16 13 100
1094 16 14 100
585 16 15 100
530 16 17 100
1233 16 18 100
704 16 19 100
180 16 20 100
1170 17 0 100
467 17 1 100
981 17 2 100
264 17 3 100
328 17 4 100
862 17 5 100
120 17 6 100
650 17 7 100
409 17 8 100
928 17 9 100
206 17 10 100
731 17 11 100
791 17 12 100
54 17 13 100
592 17 14 100
1103 17 15 100
907 17 16 100
707 17 18 100
1236 17 19 100
10 17 20 100
1051 18 0 100
527 18 1 100
870 18 2 100
334 18 3 100
656 18 4 100
126 18 5 100
476 18 6 100
1179 18 7 100
271 18 8 100
988 18 9 100
60 18 10 100
799 18 11 100
1111 18 12 100
596 18 13 100
934 18 14 100
413 18 15 100
737 18 16 100
212 18 17 100
15 18 19 100
383 18 20 100
906 19 0 100
184 19 1 100
1071 19 2 100
378 19 3 100
7 19 4 100
557 19 5 100
204 19 6 100
729 19 7 100
404 19 8 100
925 19 9 100
587 19 10 100
1098 19 11 100
788 19 12 100
51 19 13 100
976 19 14 100
259 19 15 100
1167 19 16 100
464 19 17 100
117 19 18 100
325 19 20 100
735 20 0 100
210 20 1 100
931 20 2 100
410 20 3 100
381 20 4 100
1074 20 5 100
561 20 6 100
13 20 7 100
268 20 8 100
985 20 9 100
473 20 10 100
1177 20 11 100
1108 20 12 100
593 20 13 100
57 20 14 100
796 20 15 100
1049 20 16 100
524 20 17 100
1230 20 18 100
701 20 19 100
