tunnel_num s t weight
1021 0 1 100
502 0 2 100
1204 0 3 100
680 0 4 100
155 0 5 100
886 0 6 65
887 0 6 34
355 0 7 100
770 0 8 100
245 0 9 100
960 0 10 100
445 0 11 100
1145 0 12 100
628 0 13 100
91 0 14 100
839 0 15 100
574 0 16 100
29 0 17 100
754 0 18 100
227 0 19 100
943 0 20 100
157 1 0 100
1211 1 2 100
507 1 3 100
539 1 4 100
1062 1 5 100
358 1 6 100
889 1 7 100
632 1 8 100
1149 1 9 100
449 1 10 100
966 1 11 100
1029 1 12 100
306 1 13 100
846 1 14 100
97 1 15 100
436 1 16 100
951 1 17 100
238 1 18 100
761 1 19 100
826 1 20 100
1251 2 0 100
721 2 1 100
542 2 3 100
894 2 4 100
361 2 5 100
688 2 6 100
164 2 7 100
513 2 8 100
1216 2 9 100
310 2 10 100
1034 2 11 100
103 2 12 100
851 2 13 100
1155 2 14 100
638 2 15 100
298 2 16 100
1018 2 17 100
87 2 18 100
835 2 19 100
1140 2 20 100
1089 3 0 100
396 3 1 100
43 3 2 100
250 3 4 100
774 3 5 100
447 3 6 100
963 3 7 100
631 3 8 100
1147 3 9 100
841 3 10 100
94 3 11 100
1025 3 12 100
301 3 13 100
1206 3 14 100
503 3 15 100
858 3 16 100
109 3 17 100
1040 3 18 100
317 3 19 100
1221 3 20 100
967 4 0 100
452 4 1 100
1152 4 2 100
635 4 3 100
47 4 5 100
776 4 6 100
252 4 7 100
511 4 8 100
1214 4 9 100
685 4 10 100
159 4 11 100
99 4 12 100
849 4 13 100
307 4 14 100
1030 4 15 100
695 4 16 100
171 4 17 100
898 4 18 100
369 4 19 100
322 4 20 100
855 5 0 100
107 5 1 100
641 5 2 100
1159 5 3 100
455 5 4 100
253 5 6 100
778 5 7 100
365 5 8 100
896 5 9 100
166 5 10 100
690 5 11 100
1219 5 12 100
517 5 13 100
1036 5 14 100
314 5 15 100
551 5 16 100
1069 5 17 100
374 5 18 100
901 5 19 100
176 5 20 100
693 6 0 100
168 6 1 100
520 6 2 100
1225 6 3 100
1063 6 4 100
546 6 5 100
367 6 7 100
1166 6 8 100
648 6 9 100
974 6 10 100
463 6 11 100
321 6 12 100
1044 6 13 100
114 6 14 100
859 6 15 100
402 6 16 100
1096 6 17 100
201 6 18 100
922 6 19 100
784 6 20 100
548 7 0 100
1065 7 1 100
722 7 2 100
0 7 3 100
175 7 4 100
700 7 5 100
372 7 6 100
1047 7 8 100
333 7 9 100
1229 7 10 100
521 7 11 100
653 7 12 100
1175 7 13 100
865 7 14 100
123 7 15 100
265 7 16 100
793 7 17 100
470 7 18 100
982 7 19 100
1104 7 20 100
185 8 0 100
910 8 1 100
387 8 2 100
1079 8 3 100
563 8 4 100
19 8 5 100
742 8 6 100
215 8 7 100
417 8 9 100
1114 8 10 100
600 8 11 100
64 8 12 100
803 8 13 100
274 8 14 100
991 8 15 100
1124 8 16 100
609 8 17 100
70 8 18 100
812 8 19 100
284 8 20 100
21 9 0 100
568 9 1 30
566 9 1 69
1081 9 2 100
389 9 3 100
421 9 4 100
938 9 5 100
219 9 6 100
745 9 7 100
805 9 8 100
603 9 10 100
1117 9 11 100
1183 9 12 100
480 9 13 100
995 9 14 100
277 9 15 100
1004 9 16 100
290 9 17 100
818 9 18 100
76 9 19 100
136 9 20 100
1121 10 0 100
607 10 1 100
941 10 2 100
422 10 3 100
748 10 4 100
222 10 5 100
571 10 6 100
26 10 7 100
660 10 8 100
130 10 9 100
1186 10 11 100
281 10 12 100
998 10 13 100
68 10 14 100
810 10 15 100
881 10 16 100
347 10 17 100
672 10 18 100
145 10 19 100
493 10 20 100
1002 11 0 100
288 11 1 100
1189 11 2 100
483 11 3 100
134 11 4 100
663 11 5 100
339 11 6 100
873 11 7 100
225 11 8 100
750 11 9 100
426 11 10 100
612 11 12 100
1126 11 13 100
816 11 14 100
74 11 15 100
717 11 16 100
1249 11 17 100
917 11 18 100
192 11 19 100
1083 11 20 100
879 12 0 100
345 12 1 100
1055 12 2 100
534 12 3 100
490 12 4 100
1195 12 5 100
670 12 6 100
143 12 7 100
82 12 8 100
823 12 9 100
292 12 10 64
293 12 10 35
1010 12 11 100
432 12 13 100
1131 12 14 100
619 12 15 100
578 12 16 100
33 12 17 100
758 12 18 100
233 12 19 100
194 12 20 100
715 13 0 100
1247 13 1 100
537 13 2 100
1057 13 3 100
354 13 4 100
885 13 5 100
152 13 6 100
679 13 7 100
1200 13 8 100
498 13 9 100
1016 13 10 100
296 13 11 100
833 13 12 100
625 13 14 100
1139 13 15 100
441 13 16 100
956 13 17 100
243 13 18 100
769 13 19 100
41 13 20 100
575 14 0 100
30 14 1 100
392 14 2 100
1086 14 3 100
946 14 4 100
428 14 5 100
757 14 6 100
230 14 7 100
78 14 8 100
821 14 9 100
1128 14 10 10
1130 14 10 89
616 14 11 100
485 14 12 100
1193 14 13 100
1006 14 15 100
876 14 16 100
342 14 17 100
665 14 18 100
138 14 19 100
1239 14 20 100
438 15 0 100
953 15 1 100
620 15 2 100
1134 15 3 100
36 15 4 100
582 15 5 100
241 15 6 100
764 15 7 100
1197 15 8 100
494 15 9 100
149 15 10 100
676 15 11 100
831 15 12 100
86 15 13 100
1012 15 14 100
712 15 16 100
1244 15 17 100
913 15 18 100
188 15 19 100
349 15 20 100
50 16 0 100
781 16 1 100
256 16 2 100
972 16 3 100
458 16 4 100
1161 16 5 100
644 16 6 100
111 16 7 100
556 16 8 100
4 16 9 100
726 16 10 100
198 16 11 100
919 16 12 100
399 16 13 100
1092 16 14 100
584 16 15 100
531 16 17 100
1235 16 18 100
705 16 19 100
179 16 20 100
1170 17 0 100
467 17 1 100
979 17 2 100
264 17 3 100
328 17 4 100
863 17 5 100
120 17 6 100
650 17 7 100
408 17 8 100
929 17 9 100
207 17 10 100
732 17 11 100
790 17 12 100
55 17 13 100
590 17 14 100
1102 17 15 100
907 17 16 100
709 17 18 100
1236 17 19 100
9 17 20 100
1051 18 0 100
527 18 1 100
868 18 2 100
335 18 3 100
656 18 4 100
127 18 5 100
478 18 6 100
1179 18 7 100
272 18 8 100
989 18 9 100
61 18 10 100
800 18 11 100
1110 18 12 100
597 18 13 100
934 18 14 100
415 18 15 100
739 18 16 100
212 18 17 100
16 18 19 100
385 18 20 100
906 19 0 100
184 19 1 100
1071 19 2 100
378 19 3 100
8 19 4 100
557 19 5 100
204 19 6 100
730 19 7 100
405 19 8 100
926 19 9 100
588 19 10 100
1099 19 11 100
787 19 12 100
53 19 13 100
976 19 14 100
259 19 15 100
1169 19 16 100
465 19 17 100
119 19 18 100
325 19 20 100
735 20 0 100
209 20 1 100
931 20 2 100
410 20 3 100
380 20 4 100
1074 20 5 100
561 20 6 100
12 20 7 100
269 20 8 100
986 20 9 100
474 20 10 100
1176 20 11 100
1107 20 12 100
595 20 13 100
57 20 14 100
796 20 15 100
1049 20 16 100
524 20 17 100
1230 20 18 100
701 20 19 100
