tunnel_num s t weight
1021 0 1 50
1023 0 1 50
500 0 2 50
501 0 2 50
1203 0 3 50
1205 0 3 50
680 0 4 50
682 0 4 50
153 0 5 50
154 0 5 50
888 0 6 50
886 0 6 50
355 0 7 50
357 0 7 50
770 0 8 50
771 0 8 50
245 0 9 33
246 0 9 33
247 0 9 33
960 0 10 33
958 0 10 33
959 0 10 33
443 0 11 33
444 0 11 33
445 0 11 33
1144 0 12 33
1145 0 12 33
1143 0 12 33
626 0 13 33
627 0 13 33
628 0 13 33
91 0 14 100
838 0 15 100
572 0 16 33
573 0 16 33
574 0 16 33
27 0 17 50
28 0 17 50
752 0 18 50
754 0 18 50
227 0 19 50
229 0 19 50
943 0 20 100
156 1 0 50
158 1 0 50
1209 1 2 50
1210 1 2 50
506 1 3 50
508 1 3 50
539 1 4 50
541 1 4 50
1060 1 5 50
1061 1 5 50
360 1 6 50
358 1 6 50
889 1 7 50
891 1 7 50
632 1 8 50
633 1 8 50
1149 1 9 33
1150 1 9 33
1151 1 9 33
449 1 10 33
450 1 10 33
451 1 10 33
964 1 11 33
965 1 11 33
966 1 11 33
1027 1 12 50
1028 1 12 50
304 1 13 33
305 1 13 33
306 1 13 33
844 1 14 50
846 1 14 50
96 1 15 50
98 1 15 50
434 1 16 33
435 1 16 33
436 1 16 33
949 1 17 50
950 1 17 50
236 1 18 50
238 1 18 50
761 1 19 50
763 1 19 50
826 1 20 50
828 1 20 50
1251 2 0 50
1252 2 0 50
720 2 1 50
719 2 1 50
542 2 3 50
543 2 3 50
892 2 4 50
893 2 4 50
362 2 5 50
363 2 5 50
686 2 6 50
687 2 6 50
162 2 7 50
163 2 7 50
512 2 8 50
513 2 8 50
1216 2 9 50
1215 2 9 50
310 2 10 50
311 2 10 50
1033 2 11 50
1034 2 11 50
102 2 12 50
103 2 12 50
850 2 13 50
851 2 13 50
shutdown 2 14
638 2 15 100
298 2 16 33
299 2 16 33
300 2 16 33
1018 2 17 33
1019 2 17 33
1020 2 17 33
87 2 18 100
shutdown 2 19
shutdown 2 20
1089 3 0 50
1091 3 0 50
395 3 1 50
397 3 1 50
42 3 2 50
43 3 2 50
248 3 4 100
773 3 5 50
775 3 5 50
448 3 6 50
446 3 6 50
961 3 7 100
629 3 8 50
631 3 8 50
1146 3 9 50
1147 3 9 50
841 3 10 50
842 3 10 50
93 3 11 50
94 3 11 50
1024 3 12 50
1025 3 12 50
301 3 13 50
302 3 13 50
1207 3 14 100
503 3 15 100
856 3 16 50
857 3 16 50
108 3 17 50
109 3 17 50
1040 3 18 50
1041 3 18 50
318 3 19 100
1222 3 20 100
969 4 0 50
967 4 0 50
452 4 1 50
454 4 1 50
1152 4 2 33
1153 4 2 33
1154 4 2 33
635 4 3 50
637 4 3 50
45 4 5 100
776 4 6 50
777 4 6 50
251 4 7 50
252 4 7 50
509 4 8 33
510 4 8 33
511 4 8 33
1212 4 9 33
1213 4 9 33
1214 4 9 33
683 4 10 33
684 4 10 33
685 4 10 33
160 4 11 33
161 4 11 33
159 4 11 33
99 4 12 33
100 4 12 33
101 4 12 33
848 4 13 33
849 4 13 33
847 4 13 33
307 4 14 50
309 4 14 50
1031 4 15 100
696 4 16 33
697 4 16 33
695 4 16 33
171 4 17 50
173 4 17 50
898 4 18 33
899 4 18 33
900 4 18 33
369 4 19 33
370 4 19 33
371 4 19 33
322 4 20 33
323 4 20 33
324 4 20 33
853 5 0 50
855 5 0 50
105 5 1 50
107 5 1 50
642 5 2 50
643 5 2 50
1160 5 3 50
1158 5 3 50
455 5 4 100
253 5 6 50
255 5 6 50
778 5 7 100
364 5 8 50
366 5 8 50
897 5 9 50
895 5 9 50
165 5 10 50
167 5 10 50
689 5 11 50
691 5 11 50
1218 5 12 50
1220 5 12 50
515 5 13 100
1038 5 14 100
313 5 15 100
553 5 16 50
551 5 16 50
1068 5 17 100
375 5 18 100
902 5 19 100
177 5 20 100
692 6 0 50
694 6 0 50
168 6 1 50
170 6 1 50
518 6 2 50
519 6 2 50
1224 6 3 50
1226 6 3 50
1064 6 4 50
1063 6 4 50
545 6 5 50
547 6 5 50
368 6 7 50
367 6 7 50
1164 6 8 50
1165 6 8 50
648 6 9 33
649 6 9 33
647 6 9 33
973 6 10 33
974 6 10 33
975 6 10 33
461 6 11 50
462 6 11 50
320 6 12 50
319 6 12 50
1042 6 13 33
1043 6 13 33
1044 6 13 33
114 6 14 50
116 6 14 50
860 6 15 100
401 6 16 33
402 6 16 33
403 6 16 33
1095 6 17 100
200 6 18 50
201 6 18 50
922 6 19 50
923 6 19 50
784 6 20 50
785 6 20 50
548 7 0 50
550 7 0 50
1065 7 1 50
1067 7 1 50
722 7 2 33
723 7 2 33
724 7 2 33
0 7 3 50
2 7 3 50
174 7 4 50
175 7 4 50
698 7 5 100
372 7 6 50
373 7 6 50
1045 7 8 33
1046 7 8 33
1047 7 8 33
331 7 9 33
332 7 9 33
333 7 9 33
1227 7 10 33
1228 7 10 33
1229 7 10 33
521 7 11 33
522 7 11 33
523 7 11 33
653 7 12 33
654 7 12 33
655 7 12 33
1173 7 13 33
1174 7 13 33
1175 7 13 33
865 7 14 50
867 7 14 50
124 7 15 100
265 7 16 33
266 7 16 33
267 7 16 33
793 7 17 50
795 7 17 50
472 7 18 33
470 7 18 33
471 7 18 33
984 7 19 33
982 7 19 33
983 7 19 33
1104 7 20 33
1105 7 20 33
1106 7 20 33
185 8 0 50
186 8 0 50
910 8 1 50
911 8 1 50
386 8 2 50
387 8 2 50
1077 8 3 50
1079 8 3 50
563 8 4 33
564 8 4 33
565 8 4 33
18 8 5 50
20 8 5 50
740 8 6 50
741 8 6 50
216 8 7 33
217 8 7 33
215 8 7 33
416 8 9 50
417 8 9 50
1113 8 10 50
1114 8 10 50
600 8 11 50
599 8 11 50
64 8 12 50
63 8 12 50
802 8 13 50
803 8 13 50
276 8 14 100
991 8 15 100
1122 8 16 50
1123 8 16 50
608 8 17 50
609 8 17 50
70 8 18 50
71 8 18 50
813 8 19 100
285 8 20 100
21 9 0 33
22 9 0 33
23 9 0 33
568 9 1 33
566 9 1 33
567 9 1 33
1080 9 2 50
1081 9 2 50
389 9 3 50
390 9 3 50
419 9 4 33
420 9 4 33
421 9 4 33
937 9 5 50
939 9 5 50
218 9 6 33
219 9 6 33
220 9 6 33
744 9 7 33
745 9 7 33
743 9 7 33
805 9 8 50
806 9 8 50
602 9 10 50
603 9 10 50
1116 9 11 50
1117 9 11 50
1182 9 12 50
1183 9 12 50
480 9 13 50
479 9 13 50
shutdown 9 14
277 9 15 50
279 9 15 50
1003 9 16 50
1004 9 16 50
289 9 17 50
290 9 17 50
818 9 18 50
819 9 18 50
shutdown 9 19
shutdown 9 20
1120 10 0 33
1121 10 0 33
1119 10 0 33
605 10 1 33
606 10 1 33
607 10 1 33
940 10 2 50
941 10 2 50
422 10 3 50
423 10 3 50
746 10 4 33
747 10 4 33
748 10 4 33
221 10 5 50
223 10 5 50
569 10 6 33
570 10 6 33
571 10 6 33
24 10 7 33
25 10 7 33
26 10 7 33
659 10 8 50
660 10 8 50
129 10 9 50
130 10 9 50
1185 10 11 50
1186 10 11 50
280 10 12 50
281 10 12 50
997 10 13 50
998 10 13 50
shutdown 10 14
808 10 15 50
810 10 15 50
880 10 16 50
881 10 16 50
346 10 17 33
347 10 17 33
348 10 17 33
672 10 18 50
673 10 18 50
shutdown 10 19
shutdown 10 20
1000 11 0 33
1001 11 0 33
1002 11 0 33
288 11 1 33
286 11 1 33
287 11 1 33
1188 11 2 50
1189 11 2 50
482 11 3 50
483 11 3 50
132 11 4 50
133 11 4 50
664 11 5 50
662 11 5 50
337 11 6 50
338 11 6 50
872 11 7 50
871 11 7 50
224 11 8 50
225 11 8 50
749 11 9 50
750 11 9 50
425 11 10 50
426 11 10 50
611 11 12 50
612 11 12 50
1125 11 13 50
1126 11 13 50
shutdown 11 14
72 11 15 50
74 11 15 50
716 11 16 33
717 11 16 33
718 11 16 33
1248 11 17 33
1249 11 17 33
1250 11 17 33
917 11 18 100
shutdown 11 19
shutdown 11 20
877 12 0 33
878 12 0 33
879 12 0 33
344 12 1 50
343 12 1 50
1054 12 2 50
1055 12 2 50
533 12 3 50
534 12 3 50
488 12 4 50
489 12 4 50
1194 12 5 50
1196 12 5 50
668 12 6 50
669 12 6 50
141 12 7 50
142 12 7 50
81 12 8 50
82 12 8 50
824 12 9 50
823 12 9 50
292 12 10 50
293 12 10 50
1009 12 11 50
1010 12 11 50
432 12 13 50
431 12 13 50
shutdown 12 14
617 12 15 50
619 12 15 50
578 12 16 33
579 12 16 33
580 12 16 33
33 12 17 33
34 12 17 33
35 12 17 33
758 12 18 100
shutdown 12 19
shutdown 12 20
713 13 0 33
714 13 0 33
715 13 0 33
1245 13 1 33
1246 13 1 33
1247 13 1 33
536 13 2 50
537 13 2 50
1057 13 3 50
1058 13 3 50
352 13 4 33
353 13 4 33
354 13 4 33
883 13 5 100
152 13 6 33
150 13 6 33
151 13 6 33
677 13 7 33
678 13 7 33
679 13 7 33
1200 13 8 50
1201 13 8 50
497 13 9 50
498 13 9 50
1016 13 10 50
1015 13 10 50
296 13 11 50
295 13 11 50
832 13 12 50
833 13 12 50
shutdown 13 14
1138 13 15 50
1139 13 15 50
440 13 16 50
441 13 16 50
955 13 17 50
956 13 17 50
243 13 18 50
244 13 18 50
shutdown 13 19
shutdown 13 20
576 14 0 100
32 14 1 50
30 14 1 50
shutdown 14 2
1088 14 3 100
946 14 4 50
948 14 4 50
430 14 5 100
755 14 6 50
757 14 6 50
232 14 7 50
230 14 7 50
80 14 8 100
shutdown 14 9
shutdown 14 10
shutdown 14 11
shutdown 14 12
shutdown 14 13
1008 14 15 100
874 14 16 50
876 14 16 50
340 14 17 100
665 14 18 50
667 14 18 50
138 14 19 50
140 14 19 50
1239 14 20 100
437 15 0 100
952 15 1 50
954 15 1 50
620 15 2 100
1134 15 3 100
37 15 4 50
38 15 4 50
581 15 5 100
240 15 6 100
765 15 7 50
766 15 7 50
1197 15 8 100
496 15 9 50
494 15 9 50
147 15 10 50
149 15 10 50
674 15 11 50
676 15 11 50
829 15 12 50
831 15 12 50
85 15 13 50
86 15 13 50
1014 15 14 100
711 15 16 100
1242 15 17 100
914 15 18 100
shutdown 15 19
351 15 20 100
48 16 0 50
49 16 0 50
781 16 1 33
782 16 1 33
783 16 1 33
256 16 2 33
257 16 2 33
258 16 2 33
970 16 3 50
971 16 3 50
458 16 4 33
459 16 4 33
460 16 4 33
1161 16 5 50
1163 16 5 50
644 16 6 33
645 16 6 33
646 16 6 33
112 16 7 33
113 16 7 33
111 16 7 33
554 16 8 50
555 16 8 50
3 16 9 50
4 16 9 50
725 16 10 50
726 16 10 50
197 16 11 33
198 16 11 33
199 16 11 33
920 16 12 33
921 16 12 33
919 16 12 33
398 16 13 50
399 16 13 50
1092 16 14 50
1094 16 14 50
585 16 15 50
586 16 15 50
530 16 17 100
1233 16 18 50
1234 16 18 50
704 16 19 50
706 16 19 50
179 16 20 50
180 16 20 50
1170 17 0 50
1171 17 0 50
467 17 1 50
468 17 1 50
979 17 2 33
980 17 2 33
981 17 2 33
262 17 3 50
263 17 3 50
328 17 4 50
330 17 4 50
862 17 5 100
120 17 6 50
122 17 6 50
650 17 7 50
652 17 7 50
408 17 8 50
407 17 8 50
928 17 9 50
929 17 9 50
208 17 10 33
206 17 10 33
207 17 10 33
731 17 11 33
732 17 11 33
733 17 11 33
792 17 12 33
790 17 12 33
791 17 12 33
54 17 13 50
55 17 13 50
590 17 14 100
1101 17 15 100
907 17 16 100
707 17 18 50
709 17 18 50
1237 17 19 50
1238 17 19 50
9 17 20 50
11 17 20 50
1051 18 0 50
1053 18 0 50
529 18 1 50
527 18 1 50
868 18 2 100
336 18 3 50
335 18 3 50
656 18 4 33
657 18 4 33
658 18 4 33
127 18 5 100
476 18 6 50
477 18 6 50
1179 18 7 33
1180 18 7 33
1181 18 7 33
272 18 8 50
273 18 8 50
989 18 9 50
990 18 9 50
61 18 10 50
62 18 10 50
800 18 11 100
1110 18 12 100
597 18 13 50
598 18 13 50
936 18 14 50
934 18 14 50
414 18 15 100
737 18 16 50
738 18 16 50
212 18 17 50
214 18 17 50
16 18 19 50
15 18 19 50
384 18 20 50
383 18 20 50
904 19 0 100
184 19 1 50
182 19 1 50
shutdown 19 2
379 19 3 100
8 19 4 33
6 19 4 33
7 19 4 33
558 19 5 100
203 19 6 50
204 19 6 50
728 19 7 33
729 19 7 33
730 19 7 33
406 19 8 100
shutdown 19 9
shutdown 19 10
shutdown 19 11
shutdown 19 12
shutdown 19 13
976 19 14 50
978 19 14 50
261 19 15 100
1168 19 16 50
1167 19 16 50
465 19 17 50
466 19 17 50
117 19 18 50
118 19 18 50
325 19 20 50
326 19 20 50
734 20 0 100
209 20 1 50
211 20 1 50
shutdown 20 2
412 20 3 100
380 20 4 33
381 20 4 33
382 20 4 33
1075 20 5 100
560 20 6 50
561 20 6 50
12 20 7 33
13 20 7 33
14 20 7 33
270 20 8 100
shutdown 20 9
shutdown 20 10
1178 20 11 100
shutdown 20 12
shutdown 20 13
57 20 14 100
798 20 15 100
1048 20 16 50
1049 20 16 50
525 20 17 50
526 20 17 50
1230 20 18 50
1231 20 18 50
701 20 19 50
702 20 19 50
