tunnel_num s t prio weight
328 0 1 l 100
326 0 1 h 100
822 0 2 l 100
822 0 2 h 100
1344 0 3 l 100
1344 0 3 h 100
177 0 4 l 100
174 0 4 h 100
686 0 5 l 100
684 0 5 h 100
1199 0 6 l 100
1194 0 6 h 100
42 0 7 l 100
42 0 7 h 100
704 0 8 l 40
705 0 8 l 41
707 0 8 l 17
704 0 8 h 33
702 0 8 h 33
703 0 8 h 33
1216 0 9 l 8
1212 0 9 l 91
1212 0 9 h 100
61 0 10 l 100
60 0 10 h 33
61 0 10 h 33
62 0 10 h 33
581 0 11 l 100
576 0 11 h 70
578 0 11 h 29
1068 0 12 l 25
1070 0 12 l 25
1071 0 12 l 25
1072 0 12 l 25
1068 0 12 h 48
1069 0 12 h 51
1560 0 13 l 100
1562 0 13 h 100
428 0 14 l 100
428 0 14 h 100
930 0 15 l 16
931 0 15 l 16
932 0 15 l 16
933 0 15 l 16
934 0 15 l 16
935 0 15 l 16
930 0 15 h 33
931 0 15 h 33
932 0 15 h 33
1316 0 16 l 100
1314 0 16 h 50
1315 0 16 h 50
696 1 0 l 16
697 1 0 l 16
698 1 0 l 16
699 1 0 l 16
700 1 0 l 16
701 1 0 l 16
698 1 0 h 100
1362 1 2 l 100
1362 1 2 h 33
1363 1 2 h 33
1364 1 2 h 33
839 1 3 l 100
835 1 3 h 50
836 1 3 h 50
1062 1 4 l 16
1063 1 4 l 16
1064 1 4 l 16
1065 1 4 l 16
1066 1 4 l 16
1067 1 4 l 16
1062 1 4 h 50
1063 1 4 h 50
570 1 5 l 16
571 1 5 l 16
572 1 5 l 16
573 1 5 l 16
574 1 5 l 16
575 1 5 l 16
570 1 5 h 50
571 1 5 h 50
54 1 6 l 33
55 1 6 l 33
57 1 6 l 33
56 1 6 h 33
54 1 6 h 33
55 1 6 h 33
1210 1 7 l 100
1208 1 7 h 100
1578 1 8 l 16
1579 1 8 l 16
1580 1 8 l 16
1581 1 8 l 16
1582 1 8 l 16
1583 1 8 l 16
1578 1 8 h 33
1579 1 8 h 33
1580 1 8 h 33
1088 1 9 l 50
1087 1 9 l 50
1088 1 9 h 33
1086 1 9 h 33
1087 1 9 h 33
588 1 10 l 20
589 1 10 l 20
590 1 10 l 20
591 1 10 l 20
593 1 10 l 20
588 1 10 h 33
589 1 10 h 33
590 1 10 h 33
79 1 11 l 25
80 1 11 l 25
81 1 11 l 25
82 1 11 l 25
80 1 11 h 33
78 1 11 h 33
79 1 11 h 33
336 1 12 l 16
337 1 12 l 16
338 1 12 l 16
339 1 12 l 16
340 1 12 l 16
341 1 12 l 16
336 1 12 h 50
337 1 12 h 50
1464 1 13 l 20
1465 1 13 l 20
1466 1 13 l 20
1467 1 13 l 20
1469 1 13 l 20
1464 1 13 h 33
1465 1 13 h 33
1466 1 13 h 33
944 1 14 l 100
944 1 14 h 33
942 1 14 h 33
943 1 14 h 33
448 1 15 l 16
449 1 15 l 16
444 1 15 l 16
445 1 15 l 16
446 1 15 l 16
447 1 15 l 16
444 1 15 h 33
445 1 15 h 33
446 1 15 h 33
546 1 16 l 25
547 1 16 l 25
548 1 16 l 25
550 1 16 l 25
546 1 16 h 33
547 1 16 h 33
548 1 16 h 33
1572 2 0 l 100
1573 2 0 h 100
439 2 1 l 100
440 2 1 h 50
439 2 1 h 50
1080 2 3 l 100
1080 2 3 h 100
1230 2 4 l 25
1231 2 4 l 25
1232 2 4 l 25
1233 2 4 l 25
1232 2 4 h 33
1230 2 4 h 33
1231 2 4 h 33
75 2 5 l 100
72 2 5 h 50
74 2 5 h 50
205 2 6 l 50
206 2 6 l 50
204 2 6 h 33
205 2 6 h 33
206 2 6 h 33
720 2 7 l 50
721 2 7 l 50
722 2 7 h 100
858 2 8 l 16
859 2 8 l 16
860 2 8 l 16
861 2 8 l 16
862 2 8 l 16
863 2 8 l 16
858 2 8 h 33
859 2 8 h 33
860 2 8 h 33
1380 2 9 l 77
1384 2 9 l 22
1380 2 9 h 33
1381 2 9 h 33
1382 2 9 h 33
1492 2 10 l 70
1493 2 10 l 29
1489 2 10 h 50
1490 2 10 h 50
360 2 11 l 50
362 2 11 l 50
360 2 11 h 33
361 2 11 h 33
362 2 11 h 33
462 2 12 l 16
463 2 12 l 16
464 2 12 l 16
465 2 12 l 16
466 2 12 l 16
467 2 12 l 16
464 2 12 h 50
462 2 12 h 50
960 2 13 l 50
962 2 13 l 50
961 2 13 h 100
1108 2 14 l 100
1104 2 14 h 50
1106 2 14 h 50
1602 2 15 l 16
1603 2 15 l 16
1604 2 15 l 16
1605 2 15 l 16
1606 2 15 l 16
1607 2 15 l 16
1602 2 15 h 33
1603 2 15 h 33
1604 2 15 h 33
1452 2 16 l 50
1457 2 16 l 50
1452 2 16 h 33
1453 2 16 h 33
1454 2 16 h 33
852 3 0 l 20
853 3 0 l 20
854 3 0 l 20
855 3 0 l 20
857 3 0 l 20
852 3 0 h 33
853 3 0 h 33
854 3 0 h 33
354 3 1 l 25
355 3 1 l 25
356 3 1 l 25
357 3 1 l 25
354 3 1 h 33
355 3 1 h 33
356 3 1 h 33
198 3 2 l 46
201 3 2 l 6
203 3 2 l 46
200 3 2 h 33
198 3 2 h 33
199 3 2 h 33
1224 3 4 l 33
1226 3 4 l 33
1227 3 4 l 33
1224 3 4 h 50
1225 3 4 h 50
715 3 5 l 25
716 3 5 l 25
717 3 5 l 25
719 3 5 l 25
714 3 5 h 33
715 3 5 h 33
716 3 5 h 33
582 3 6 l 20
583 3 6 l 20
584 3 6 l 20
586 3 6 l 20
587 3 6 l 20
584 3 6 h 33
582 3 6 h 33
583 3 6 h 33
68 3 7 l 100
66 3 7 h 50
68 3 7 h 50
1568 3 8 l 16
1569 3 8 l 16
1570 3 8 l 16
1571 3 8 l 16
1566 3 8 l 16
1567 3 8 l 16
1568 3 8 h 33
1566 3 8 h 33
1567 3 8 h 33
1074 3 9 l 33
1077 3 9 l 33
1078 3 9 l 33
1074 3 9 h 33
1075 3 9 h 33
1076 3 9 h 33
936 3 10 l 20
937 3 10 l 20
938 3 10 l 20
939 3 10 l 20
941 3 10 l 20
936 3 10 h 33
937 3 10 h 33
938 3 10 h 33
434 3 11 l 50
436 3 11 l 50
432 3 11 h 33
433 3 11 h 33
434 3 11 h 33
330 3 12 l 23
331 3 12 l 23
333 3 12 l 23
334 3 12 l 23
335 3 12 l 6
330 3 12 h 50
331 3 12 h 50
1458 3 13 l 20
1459 3 13 l 20
1461 3 13 l 20
1462 3 13 l 20
1463 3 13 l 20
1458 3 13 h 33
1459 3 13 h 33
1460 3 13 h 33
1358 3 14 l 100
1356 3 14 h 33
1357 3 14 h 33
1358 3 14 h 33
832 3 15 l 16
833 3 15 l 16
828 3 15 l 16
829 3 15 l 16
830 3 15 l 16
831 3 15 l 16
828 3 15 h 100
978 3 16 l 16
979 3 16 l 16
980 3 16 l 16
981 3 16 l 16
982 3 16 l 16
983 3 16 l 16
978 3 16 h 33
979 3 16 h 33
980 3 16 h 33
99 4 0 l 8
100 4 0 l 91
96 4 0 h 33
97 4 0 h 33
98 4 0 h 33
600 4 1 l 100
601 4 1 h 100
1102 4 2 l 100
1098 4 2 h 100
1590 4 3 l 100
1592 4 3 h 60
1590 4 3 h 39
228 4 5 l 100
228 4 5 h 50
229 4 5 h 50
744 4 6 l 100
744 4 6 h 100
1254 4 7 l 100
1255 4 7 h 100
846 4 8 l 100
846 4 8 h 50
847 4 8 h 50
1374 4 9 l 100
1375 4 9 h 100
192 4 10 l 100
192 4 10 h 100
712 4 11 l 100
708 4 11 h 50
709 4 11 h 50
456 4 12 l 100
456 4 12 h 100
957 4 13 l 31
959 4 13 l 68
954 4 13 h 50
956 4 13 h 50
1482 4 14 l 100
1484 4 14 h 100
352 4 15 l 20
353 4 15 l 20
349 4 15 l 20
350 4 15 l 20
351 4 15 l 20
348 4 15 h 33
349 4 15 h 33
350 4 15 h 33
257 4 16 l 100
252 4 16 h 33
253 4 16 h 33
254 4 16 h 33
974 5 0 l 100
972 5 0 h 33
973 5 0 h 33
974 5 0 h 33
486 5 1 l 25
487 5 1 l 25
489 5 1 l 25
490 5 1 l 25
486 5 1 h 50
487 5 1 h 50
1615 5 2 l 100
1614 5 2 h 100
1127 5 3 l 100
1122 5 3 h 33
1123 5 3 h 33
1124 5 3 h 33
624 5 4 l 100
624 5 4 h 50
625 5 4 h 50
1281 5 6 l 50
1279 5 6 l 50
1280 5 6 h 50
1278 5 6 h 50
768 5 7 l 91
773 5 7 l 8
769 5 7 h 50
770 5 7 h 50
90 5 8 l 16
91 5 8 l 16
92 5 8 l 16
93 5 8 l 16
94 5 8 l 16
95 5 8 l 16
90 5 8 h 33
91 5 8 h 33
92 5 8 h 33
1250 5 9 l 100
1250 5 9 h 100
738 5 10 l 20
739 5 10 l 20
740 5 10 l 20
742 5 10 l 20
743 5 10 l 20
738 5 10 h 33
739 5 10 h 33
740 5 10 h 33
225 5 11 l 100
224 5 11 h 33
222 5 11 h 33
223 5 11 h 33
1399 5 12 l 100
1398 5 12 h 100
877 5 13 l 100
877 5 13 h 50
878 5 13 h 50
367 5 14 l 100
366 5 14 h 100
1504 5 15 l 20
1505 5 15 l 20
1501 5 15 l 20
1502 5 15 l 20
1503 5 15 l 20
1500 5 15 h 33
1501 5 15 h 33
1502 5 15 h 33
1152 5 16 l 20
1153 5 16 l 20
1154 5 16 l 20
1155 5 16 l 20
1156 5 16 l 20
1152 5 16 h 33
1153 5 16 h 33
1154 5 16 h 33
246 6 0 l 16
247 6 0 l 16
248 6 0 l 16
249 6 0 l 16
250 6 0 l 16
251 6 0 l 16
248 6 0 h 50
247 6 0 h 50
762 6 1 l 16
763 6 1 l 16
764 6 1 l 16
765 6 1 l 16
766 6 1 l 16
767 6 1 l 16
762 6 1 h 33
763 6 1 h 33
764 6 1 h 33
888 6 2 l 16
889 6 2 l 16
890 6 2 l 16
891 6 2 l 16
892 6 2 l 16
893 6 2 l 16
888 6 2 h 33
889 6 2 h 33
890 6 2 h 33
1415 6 3 l 100
1411 6 3 h 100
618 6 4 l 16
619 6 4 l 16
620 6 4 l 16
621 6 4 l 16
622 6 4 l 16
623 6 4 l 16
618 6 4 h 33
619 6 4 h 33
620 6 4 h 33
1120 6 5 l 16
1121 6 5 l 16
1116 6 5 l 16
1117 6 5 l 16
1118 6 5 l 16
1119 6 5 l 16
1116 6 5 h 33
1117 6 5 h 33
1118 6 5 h 33
125 6 7 l 100
120 6 7 h 33
121 6 7 h 33
122 6 7 h 33
1146 6 8 l 16
1147 6 8 l 16
1148 6 8 l 16
1149 6 8 l 16
1150 6 8 l 16
1151 6 8 l 16
1146 6 8 h 33
1147 6 8 h 33
1148 6 8 h 33
6 6 9 l 20
7 6 9 l 20
8 6 9 l 20
10 6 9 l 20
11 6 9 l 20
8 6 9 h 33
6 6 9 h 33
7 6 9 h 33
144 6 10 l 16
145 6 10 l 16
146 6 10 l 16
147 6 10 l 16
148 6 10 l 16
149 6 10 l 16
144 6 10 h 33
145 6 10 h 33
146 6 10 h 33
648 6 11 l 16
649 6 11 l 16
650 6 11 l 16
651 6 11 l 16
652 6 11 l 16
653 6 11 l 16
648 6 11 h 33
649 6 11 h 33
650 6 11 h 33
1512 6 12 l 16
1513 6 12 l 16
1514 6 12 l 16
1515 6 12 l 16
1516 6 12 l 16
1517 6 12 l 16
1512 6 12 h 33
1513 6 12 h 33
1514 6 12 h 33
378 6 13 l 20
379 6 13 l 20
380 6 13 l 20
382 6 13 l 20
383 6 13 l 20
378 6 13 h 33
379 6 13 h 33
380 6 13 h 33
504 6 14 l 20
506 6 14 l 20
507 6 14 l 20
508 6 14 l 20
509 6 14 l 20
504 6 14 h 33
505 6 14 h 33
506 6 14 h 33
999 6 15 l 100
996 6 15 h 33
997 6 15 h 33
998 6 15 h 33
396 6 16 l 16
397 6 16 l 16
398 6 16 l 16
399 6 16 l 16
400 6 16 l 16
401 6 16 l 16
396 6 16 h 33
397 6 16 h 33
398 6 16 h 33
1140 7 0 l 20
1141 7 0 l 20
1143 7 0 l 20
1144 7 0 l 20
1145 7 0 l 20
1140 7 0 h 50
1142 7 0 h 50
642 7 1 l 25
645 7 1 l 25
646 7 1 l 25
647 7 1 l 25
642 7 1 h 33
643 7 1 h 33
644 7 1 h 33
500 7 2 l 100
498 7 2 h 50
500 7 2 h 50
2 7 3 l 100
2 7 3 h 100
786 7 4 l 76
790 7 4 l 23
786 7 4 h 33
787 7 4 h 33
788 7 4 h 33
270 7 5 l 50
273 7 5 l 50
272 7 5 h 33
270 7 5 h 33
271 7 5 h 33
138 7 6 l 16
139 7 6 l 16
140 7 6 l 16
141 7 6 l 16
142 7 6 l 16
143 7 6 l 16
138 7 6 h 33
139 7 6 h 33
140 7 6 h 33
390 7 8 l 20
391 7 8 l 20
392 7 8 l 20
394 7 8 l 20
395 7 8 l 20
392 7 8 h 33
390 7 8 h 33
391 7 8 h 33
1526 7 9 l 55
1529 7 9 l 44
1524 7 9 h 33
1525 7 9 h 33
1526 7 9 h 33
1428 7 10 l 20
1429 7 10 l 20
1430 7 10 l 20
1432 7 10 l 20
1433 7 10 l 20
1428 7 10 h 33
1429 7 10 h 33
1430 7 10 h 33
901 7 11 l 33
903 7 11 l 33
904 7 11 l 33
902 7 11 h 100
25 7 12 l 25
27 7 12 l 25
28 7 12 l 25
29 7 12 l 25
24 7 12 h 100
1176 7 13 l 100
1176 7 13 h 33
1177 7 13 h 33
1178 7 13 h 33
1030 7 14 l 100
1026 7 14 h 50
1027 7 14 h 50
522 7 15 l 16
523 7 15 l 16
524 7 15 l 16
525 7 15 l 16
526 7 15 l 16
527 7 15 l 16
522 7 15 h 33
523 7 15 h 33
524 7 15 h 33
1320 7 16 l 28
1323 7 16 l 28
1324 7 16 l 28
1325 7 16 l 15
1320 7 16 h 50
1322 7 16 h 50
872 8 0 l 71
873 8 0 l 28
870 8 0 h 50
871 8 0 h 50
1395 8 1 l 100
1392 8 1 h 33
1393 8 1 h 33
1394 8 1 h 33
220 8 2 l 100
216 8 2 h 33
217 8 2 h 33
218 8 2 h 33
735 8 3 l 100
732 8 3 h 100
1242 8 4 l 100
1242 8 4 h 33
1243 8 4 h 33
1244 8 4 h 33
84 8 5 l 50
85 8 5 l 50
86 8 5 h 100
595 8 6 l 50
598 8 6 l 50
596 8 6 h 100
1092 8 7 l 88
1094 8 7 l 11
1092 8 7 h 100
451 8 9 l 50
453 8 9 l 50
451 8 9 h 100
948 8 10 l 33
949 8 10 l 33
951 8 10 l 33
948 8 10 h 100
1473 8 11 l 50
1470 8 11 l 50
1470 8 11 h 100
342 8 12 l 100
343 8 12 h 100
843 8 13 l 100
840 8 13 h 33
841 8 13 h 33
842 8 13 h 33
1368 8 14 l 100
1368 8 14 h 100
186 8 15 l 16
187 8 15 l 16
188 8 15 l 16
189 8 15 l 16
190 8 15 l 16
191 8 15 l 16
186 8 15 h 33
187 8 15 h 33
188 8 15 h 33
992 8 16 l 33
993 8 16 l 33
991 8 16 l 33
992 8 16 h 50
991 8 16 h 50
110 9 0 l 100
108 9 0 h 100
1266 9 1 l 50
1271 9 1 l 50
1268 9 1 h 100
750 9 2 l 100
750 9 2 h 100
240 9 3 l 61
243 9 3 l 38
240 9 3 h 100
468 9 4 l 100
468 9 4 h 100
1611 9 5 l 100
1608 9 5 h 33
1609 9 5 h 33
1610 9 5 h 33
1110 9 6 l 100
1112 9 6 h 33
1110 9 6 h 33
1111 9 6 h 33
614 9 7 l 100
614 9 7 h 100
867 9 8 l 100
864 9 8 h 33
865 9 8 h 33
866 9 8 h 33
1495 9 10 l 53
1499 9 10 l 46
1494 9 10 h 50
1495 9 10 h 50
966 9 11 l 16
967 9 11 l 16
968 9 11 l 16
969 9 11 l 16
970 9 11 l 16
971 9 11 l 16
966 9 11 h 50
967 9 11 h 50
1237 9 12 l 100
1236 9 12 h 100
726 9 13 l 100
726 9 13 h 100
212 9 14 l 100
211 9 14 h 100
1387 9 15 l 33
1388 9 15 l 33
1391 9 15 l 33
1386 9 15 h 33
1387 9 15 h 33
1388 9 15 h 33
264 9 16 l 25
266 9 16 l 25
267 9 16 l 25
268 9 16 l 25
264 9 16 h 50
266 9 16 h 50
984 10 0 l 100
984 10 0 h 33
985 10 0 h 33
986 10 0 h 33
1506 10 1 l 100
1506 10 1 h 50
1508 10 1 h 50
1627 10 2 l 100
1627 10 2 h 100
493 10 3 l 80
495 10 3 l 19
492 10 3 h 100
636 10 4 l 100
636 10 4 h 33
637 10 4 h 33
638 10 4 h 33
1139 10 5 l 100
1136 10 5 h 50
1135 10 5 h 50
1290 10 6 l 100
1290 10 6 h 50
1292 10 6 h 50
132 10 7 l 100
133 10 7 h 72
134 10 7 h 27
102 10 8 l 33
106 10 8 l 33
107 10 8 l 33
104 10 8 h 33
102 10 8 h 33
103 10 8 h 33
607 10 9 l 100
607 10 9 h 100
1260 10 11 l 100
1260 10 11 h 100
1404 10 12 l 100
1404 10 12 h 50
1405 10 12 h 50
235 10 13 l 100
234 10 13 h 50
235 10 13 h 50
374 10 14 l 100
372 10 14 h 33
373 10 14 h 33
374 10 14 h 33
882 10 15 l 20
883 10 15 l 20
884 10 15 l 20
886 10 15 l 20
887 10 15 l 20
882 10 15 h 33
883 10 15 h 33
884 10 15 h 33
1170 10 16 l 50
1171 10 16 l 50
1170 10 16 h 50
1171 10 16 h 50
258 11 0 l 16
259 11 0 l 16
260 11 0 l 16
261 11 0 l 16
262 11 0 l 16
263 11 0 l 16
258 11 0 h 50
259 11 0 h 50
1416 11 1 l 16
1417 11 1 l 16
1418 11 1 l 16
1419 11 1 l 16
1420 11 1 l 16
1421 11 1 l 16
1416 11 1 h 33
1417 11 1 h 33
1418 11 1 h 33
1285 11 2 l 33
1286 11 2 l 33
1289 11 2 l 33
1284 11 2 h 33
1285 11 2 h 33
1286 11 2 h 33
774 11 3 l 16
775 11 3 l 16
776 11 3 l 16
777 11 3 l 16
778 11 3 l 16
779 11 3 l 16
774 11 3 h 50
775 11 3 h 50
630 11 4 l 20
631 11 4 l 20
633 11 4 l 20
634 11 4 l 20
635 11 4 l 20
632 11 4 h 33
630 11 4 h 33
631 11 4 h 33
128 11 5 l 16
129 11 5 l 16
130 11 5 l 16
131 11 5 l 16
126 11 5 l 16
127 11 5 l 16
128 11 5 h 33
126 11 5 h 33
127 11 5 h 33
1621 11 6 l 20
1622 11 6 l 20
1623 11 6 l 20
1624 11 6 l 20
1625 11 6 l 20
1620 11 6 h 50
1621 11 6 h 50
1131 11 7 l 100
1129 11 7 h 100
1164 11 8 l 16
1165 11 8 l 16
1166 11 8 l 16
1167 11 8 l 16
1168 11 8 l 16
1169 11 8 l 16
1164 11 8 h 33
1165 11 8 h 33
1166 11 8 h 33
660 11 9 l 25
663 11 9 l 25
664 11 9 l 25
665 11 9 l 25
662 11 9 h 100
516 11 10 l 25
517 11 10 l 25
518 11 10 l 25
520 11 10 l 25
516 11 10 h 33
517 11 10 h 33
518 11 10 h 33
1518 11 12 l 16
1519 11 12 l 16
1520 11 12 l 16
1521 11 12 l 16
1522 11 12 l 16
1523 11 12 l 16
1518 11 12 h 50
1519 11 12 h 50
1014 11 13 l 20
1015 11 13 l 20
1016 11 13 l 20
1017 11 13 l 20
1018 11 13 l 20
1016 11 13 h 33
1014 11 13 h 33
1015 11 13 h 33
897 11 14 l 50
894 11 14 l 50
896 11 14 h 50
894 11 14 h 50
388 11 15 l 100
384 11 15 h 33
385 11 15 h 33
386 11 15 h 33
419 11 16 l 50
415 11 16 l 50
416 11 16 h 33
414 11 16 h 33
415 11 16 h 33
1158 12 0 l 100
1158 12 0 h 50
1159 12 0 h 50
16 12 1 l 100
12 12 1 h 100
513 12 2 l 100
510 12 2 h 50
511 12 2 h 50
1012 12 3 l 100
1009 12 3 h 100
798 12 4 l 100
799 12 4 h 100
1309 12 5 l 100
1308 12 5 h 33
1309 12 5 h 33
1310 12 5 h 33
154 12 6 l 100
152 12 6 h 100
658 12 7 l 100
656 12 7 h 50
655 12 7 h 50
408 12 8 l 100
408 12 8 h 33
409 12 8 h 33
410 12 8 h 33
912 12 9 l 100
913 12 9 h 100
1437 12 10 l 100
1434 12 10 h 100
283 12 11 l 58
286 12 11 l 41
282 12 11 h 100
541 12 13 l 100
540 12 13 h 33
541 12 13 h 33
542 12 13 h 33
1046 12 14 l 100
1044 12 14 h 100
1544 12 15 l 100
1544 12 15 h 33
1542 12 15 h 33
1543 12 15 h 33
1339 12 16 l 100
1338 12 16 h 33
1339 12 16 h 33
1340 12 16 h 33
402 13 0 l 100
403 13 0 h 100
1536 13 1 l 20
1537 13 1 l 20
1538 13 1 l 20
1539 13 1 l 20
1541 13 1 l 20
1537 13 1 h 100
1043 13 2 l 100
1038 13 2 h 100
539 13 3 l 100
534 13 3 h 100
36 13 4 l 16
37 13 4 l 16
38 13 4 l 16
39 13 4 l 16
40 13 4 l 16
41 13 4 l 16
36 13 4 h 100
1191 13 5 l 100
1188 13 5 h 33
1189 13 5 h 33
1190 13 5 h 33
683 13 6 l 100
680 13 6 h 33
678 13 6 h 33
679 13 6 h 33
170 13 7 l 100
169 13 7 h 100
1337 13 8 l 100
1332 13 8 h 33
1333 13 8 h 33
1334 13 8 h 33
817 13 9 l 100
816 13 9 h 33
817 13 9 h 33
818 13 9 h 33
313 13 10 l 100
312 13 10 h 50
313 13 10 h 50
1440 13 11 l 16
1441 13 11 l 16
1442 13 11 l 16
1443 13 11 l 16
1444 13 11 l 16
1445 13 11 l 16
1440 13 11 h 50
1441 13 11 h 50
924 13 12 l 100
924 13 12 h 50
925 13 12 h 50
1557 13 14 l 100
1555 13 14 h 100
1056 13 15 l 16
1057 13 15 l 16
1058 13 15 l 16
1059 13 15 l 16
1060 13 15 l 16
1061 13 15 l 16
1056 13 15 h 33
1057 13 15 h 33
1058 13 15 h 33
564 13 16 l 50
565 13 16 l 50
564 13 16 h 100
1329 14 0 l 100
1328 14 0 h 50
1327 14 0 h 50
162 14 1 l 25
164 14 1 l 25
165 14 1 l 25
166 14 1 l 25
162 14 1 h 50
164 14 1 h 50
308 14 2 l 100
308 14 2 h 100
814 14 3 l 100
810 14 3 h 100
32 14 4 l 50
30 14 4 l 50
32 14 4 h 33
30 14 4 h 33
31 14 4 h 33
528 14 5 l 50
529 14 5 l 50
528 14 5 h 33
529 14 5 h 33
530 14 5 h 33
672 14 6 l 25
674 14 6 l 25
676 14 6 l 25
677 14 6 l 25
674 14 6 h 100
1186 14 7 l 100
1183 14 7 h 100
780 14 8 l 20
781 14 8 l 20
782 14 8 l 20
783 14 8 l 20
785 14 8 l 20
780 14 8 h 50
782 14 8 h 50
906 14 9 l 50
907 14 9 l 50
906 14 9 h 100
1032 14 10 l 16
1033 14 10 l 16
1034 14 10 l 16
1035 14 10 l 16
1036 14 10 l 16
1037 14 10 l 16
1033 14 10 h 50
1034 14 10 h 50
1530 14 11 l 20
1531 14 11 l 20
1532 14 11 l 20
1534 14 11 l 20
1535 14 11 l 20
1532 14 11 h 100
792 14 12 l 50
795 14 12 l 50
792 14 12 h 33
793 14 12 h 33
794 14 12 h 33
1302 14 13 l 33
1303 14 13 l 33
1305 14 13 l 33
1302 14 13 h 50
1303 14 13 h 50
276 14 15 l 16
277 14 15 l 16
278 14 15 l 16
279 14 15 l 16
280 14 15 l 16
281 14 15 l 16
276 14 15 h 33
277 14 15 h 33
278 14 15 h 33
322 14 16 l 33
318 14 16 l 33
319 14 16 l 33
320 14 16 h 33
318 14 16 h 33
319 14 16 h 33
562 15 0 l 100
560 15 0 h 33
558 15 0 h 33
559 15 0 h 33
48 15 1 l 16
49 15 1 l 16
50 15 1 l 16
51 15 1 l 16
52 15 1 l 16
53 15 1 l 16
48 15 1 h 100
1550 15 2 l 100
1548 15 2 h 33
1549 15 2 h 33
1550 15 2 h 33
1051 15 3 l 100
1050 15 3 h 50
1052 15 3 h 50
180 15 4 l 33
181 15 4 l 33
182 15 4 l 33
180 15 4 h 33
181 15 4 h 33
182 15 4 h 33
1350 15 5 l 28
1351 15 5 l 28
1353 15 5 l 28
1355 15 5 l 15
1352 15 5 h 33
1350 15 5 h 33
1351 15 5 h 33
1200 15 6 l 50
1201 15 6 l 50
1200 15 6 h 33
1201 15 6 h 33
1202 15 6 h 33
692 15 7 l 100
691 15 7 h 100
1218 15 8 l 25
1219 15 8 l 25
1220 15 8 l 25
1223 15 8 l 25
1218 15 8 h 33
1219 15 8 h 33
1220 15 8 h 33
809 15 9 l 100
804 15 9 h 33
805 15 9 h 33
806 15 9 h 33
667 15 10 l 50
668 15 10 l 50
666 15 10 h 33
667 15 10 h 33
668 15 10 h 33
160 15 11 l 20
156 15 11 l 20
157 15 11 l 20
158 15 11 l 20
159 15 11 l 20
156 15 11 h 50
158 15 11 h 50
918 15 12 l 33
922 15 12 l 33
923 15 12 l 33
919 15 12 h 100
420 15 13 l 28
421 15 13 l 28
422 15 13 l 28
423 15 13 l 13
420 15 13 h 33
421 15 13 h 33
422 15 13 h 33
300 15 14 l 100
300 15 14 h 100
756 15 16 l 33
758 15 16 l 33
761 15 16 l 33
756 15 16 h 33
757 15 16 h 33
758 15 16 h 33
1584 16 0 l 20
1585 16 0 l 20
1586 16 0 l 20
1588 16 0 l 20
1589 16 0 l 20
1586 16 0 h 100
288 16 1 l 16
289 16 1 l 16
290 16 1 l 16
291 16 1 l 16
292 16 1 l 16
293 16 1 l 16
288 16 1 h 33
289 16 1 h 33
290 16 1 h 33
1296 16 2 l 33
1300 16 2 l 33
1301 16 2 l 33
1296 16 2 h 33
1297 16 2 h 33
1298 16 2 h 33
114 16 3 l 25
116 16 3 l 25
117 16 3 l 25
118 16 3 l 25
115 16 3 h 100
552 16 4 l 16
553 16 4 l 16
554 16 4 l 16
555 16 4 l 16
556 16 4 l 16
557 16 4 l 16
552 16 4 h 33
553 16 4 h 33
554 16 4 h 33
294 16 5 l 16
295 16 5 l 16
296 16 5 l 16
297 16 5 l 16
298 16 5 l 16
299 16 5 l 16
296 16 5 h 33
294 16 5 h 33
295 16 5 h 33
18 16 6 l 16
19 16 6 l 16
20 16 6 l 16
21 16 6 l 16
22 16 6 l 16
23 16 6 l 16
18 16 6 h 50
20 16 6 h 50
1422 16 7 l 54
1427 16 7 l 45
1424 16 7 h 100
1273 16 8 l 20
1274 16 8 l 20
1275 16 8 l 20
1276 16 8 l 20
1277 16 8 l 20
1272 16 8 h 33
1273 16 8 h 33
1274 16 8 h 33
1006 16 9 l 100
1002 16 9 h 33
1003 16 9 h 33
1004 16 9 h 33
1024 16 10 l 20
1025 16 10 l 20
1020 16 10 l 20
1021 16 10 l 20
1023 16 10 l 20
1020 16 10 h 33
1021 16 10 h 33
1022 16 10 h 33
1476 16 11 l 25
1477 16 11 l 25
1478 16 11 l 25
1481 16 11 l 25
1476 16 11 h 33
1477 16 11 h 33
1478 16 11 h 33
1446 16 12 l 25
1447 16 12 l 25
1448 16 12 l 25
1450 16 12 l 25
1448 16 12 h 33
1446 16 12 h 33
1447 16 12 h 33
480 16 13 l 25
481 16 13 l 25
482 16 13 l 25
483 16 13 l 25
480 16 13 h 33
481 16 13 h 33
482 16 13 h 33
478 16 14 l 100
474 16 14 h 100
1600 16 15 l 16
1601 16 15 l 16
1596 16 15 l 16
1597 16 15 l 16
1598 16 15 l 16
1599 16 15 l 16
1596 16 15 h 33
1597 16 15 h 33
1598 16 15 h 33
