tunnel_num s t prio weight
324 0 1 l 16
325 0 1 l 16
326 0 1 l 16
327 0 1 l 16
328 0 1 l 16
329 0 1 l 16
324 0 1 h 100
822 0 2 l 100
822 0 2 h 100
1344 0 3 l 100
1344 0 3 h 100
175 0 4 l 100
175 0 4 h 100
687 0 5 l 50
688 0 5 l 50
685 0 5 h 100
1194 0 6 l 100
1194 0 6 h 50
1195 0 6 h 50
42 0 7 l 100
42 0 7 h 100
704 0 8 l 20
705 0 8 l 17
706 0 8 l 20
707 0 8 l 20
703 0 8 l 20
704 0 8 h 33
702 0 8 h 33
703 0 8 h 33
1216 0 9 l 20
1217 0 9 l 20
1212 0 9 l 20
1214 0 9 l 20
1215 0 9 l 20
1212 0 9 h 100
64 0 10 l 25
61 0 10 l 25
62 0 10 l 25
63 0 10 l 25
61 0 10 h 100
579 0 11 l 100
576 0 11 h 33
577 0 11 h 33
578 0 11 h 33
1069 0 12 l 50
1073 0 12 l 50
1068 0 12 h 20
1069 0 12 h 79
1560 0 13 l 33
1562 0 13 l 33
1563 0 13 l 33
1560 0 13 h 100
426 0 14 l 33
429 0 14 l 33
430 0 14 l 33
426 0 14 h 81
427 0 14 h 18
930 0 15 l 25
931 0 15 l 25
933 0 15 l 25
935 0 15 l 25
930 0 15 h 33
931 0 15 h 33
932 0 15 h 33
1314 0 16 l 100
1314 0 16 h 100
697 1 0 l 25
698 1 0 l 25
699 1 0 l 25
701 1 0 l 25
696 1 0 h 33
697 1 0 h 33
698 1 0 h 33
1362 1 2 l 16
1363 1 2 l 16
1364 1 2 l 16
1365 1 2 l 16
1366 1 2 l 16
1367 1 2 l 16
1363 1 2 h 50
1364 1 2 h 50
834 1 3 l 16
835 1 3 l 16
836 1 3 l 16
837 1 3 l 16
838 1 3 l 16
839 1 3 l 16
834 1 3 h 33
835 1 3 h 33
836 1 3 h 33
1062 1 4 l 16
1063 1 4 l 16
1064 1 4 l 16
1065 1 4 l 16
1066 1 4 l 16
1067 1 4 l 16
1064 1 4 h 50
1063 1 4 h 50
570 1 5 l 25
573 1 5 l 25
574 1 5 l 25
575 1 5 l 25
570 1 5 h 33
571 1 5 h 33
572 1 5 h 33
54 1 6 l 16
55 1 6 l 16
56 1 6 l 16
57 1 6 l 16
58 1 6 l 16
59 1 6 l 16
56 1 6 h 33
54 1 6 h 33
55 1 6 h 33
1208 1 7 l 100
1206 1 7 h 50
1207 1 7 h 50
1578 1 8 l 16
1579 1 8 l 16
1580 1 8 l 16
1581 1 8 l 16
1582 1 8 l 16
1583 1 8 l 16
1578 1 8 h 50
1579 1 8 h 50
1088 1 9 l 16
1089 1 9 l 16
1090 1 9 l 16
1091 1 9 l 16
1086 1 9 l 16
1087 1 9 l 16
1086 1 9 h 100
588 1 10 l 20
589 1 10 l 20
590 1 10 l 20
591 1 10 l 20
593 1 10 l 20
588 1 10 h 33
589 1 10 h 33
590 1 10 h 33
78 1 11 l 16
79 1 11 l 16
80 1 11 l 16
81 1 11 l 16
82 1 11 l 16
83 1 11 l 16
80 1 11 h 33
78 1 11 h 33
79 1 11 h 33
337 1 12 l 100
336 1 12 h 33
337 1 12 h 33
338 1 12 h 33
1464 1 13 l 16
1465 1 13 l 16
1466 1 13 l 16
1467 1 13 l 16
1468 1 13 l 16
1469 1 13 l 16
1464 1 13 h 33
1465 1 13 h 33
1466 1 13 h 33
942 1 14 l 16
943 1 14 l 16
944 1 14 l 16
945 1 14 l 16
946 1 14 l 16
947 1 14 l 16
942 1 14 h 100
448 1 15 l 16
449 1 15 l 16
444 1 15 l 16
445 1 15 l 16
446 1 15 l 16
447 1 15 l 16
444 1 15 h 33
445 1 15 h 33
446 1 15 h 33
546 1 16 l 20
548 1 16 l 20
549 1 16 l 20
550 1 16 l 20
551 1 16 l 20
546 1 16 h 33
547 1 16 h 33
548 1 16 h 33
1572 2 0 l 25
1574 2 0 l 25
1575 2 0 l 25
1577 2 0 l 25
1572 2 0 h 33
1573 2 0 h 33
1574 2 0 h 33
438 2 1 l 20
439 2 1 l 20
440 2 1 l 20
441 2 1 l 20
443 2 1 l 20
440 2 1 h 50
438 2 1 h 50
1080 2 3 l 43
1081 2 3 l 43
1084 2 3 l 12
1080 2 3 h 50
1081 2 3 h 50
1230 2 4 l 16
1231 2 4 l 16
1232 2 4 l 16
1233 2 4 l 16
1234 2 4 l 16
1235 2 4 l 16
1232 2 4 h 50
1230 2 4 h 50
72 2 5 l 25
73 2 5 l 25
75 2 5 l 25
77 2 5 l 25
72 2 5 h 50
74 2 5 h 50
207 2 6 l 100
204 2 6 h 50
206 2 6 h 50
720 2 7 l 33
722 2 7 l 33
723 2 7 l 33
720 2 7 h 100
858 2 8 l 16
859 2 8 l 16
860 2 8 l 16
861 2 8 l 16
862 2 8 l 16
863 2 8 l 16
858 2 8 h 33
859 2 8 h 33
860 2 8 h 33
1380 2 9 l 16
1381 2 9 l 16
1382 2 9 l 16
1383 2 9 l 16
1384 2 9 l 16
1385 2 9 l 16
1380 2 9 h 50
1382 2 9 h 50
1488 2 10 l 25
1489 2 10 l 25
1492 2 10 l 25
1493 2 10 l 25
1488 2 10 h 50
1489 2 10 h 50
360 2 11 l 33
361 2 11 l 33
362 2 11 l 33
360 2 11 h 50
361 2 11 h 50
462 2 12 l 33
463 2 12 l 33
467 2 12 l 33
462 2 12 h 50
463 2 12 h 50
962 2 13 l 100
960 2 13 h 33
961 2 13 h 33
962 2 13 h 33
1104 2 14 l 100
1106 2 14 h 100
1602 2 15 l 16
1603 2 15 l 16
1604 2 15 l 16
1605 2 15 l 16
1606 2 15 l 16
1607 2 15 l 16
1602 2 15 h 33
1603 2 15 h 33
1604 2 15 h 33
1452 2 16 l 33
1453 2 16 l 33
1455 2 16 l 33
1452 2 16 h 33
1453 2 16 h 33
1454 2 16 h 33
852 3 0 l 16
853 3 0 l 16
854 3 0 l 16
855 3 0 l 16
856 3 0 l 16
857 3 0 l 16
852 3 0 h 33
853 3 0 h 33
854 3 0 h 33
356 3 1 l 33
357 3 1 l 33
358 3 1 l 33
354 3 1 h 50
356 3 1 h 50
198 3 2 l 16
199 3 2 l 16
200 3 2 l 16
201 3 2 l 16
202 3 2 l 16
203 3 2 l 16
198 3 2 h 50
199 3 2 h 50
1224 3 4 l 25
1225 3 4 l 25
1226 3 4 l 25
1228 3 4 l 25
1224 3 4 h 33
1225 3 4 h 33
1226 3 4 h 33
714 3 5 l 20
715 3 5 l 20
716 3 5 l 20
717 3 5 l 20
718 3 5 l 20
714 3 5 h 33
715 3 5 h 33
716 3 5 h 33
582 3 6 l 16
583 3 6 l 16
584 3 6 l 16
585 3 6 l 16
586 3 6 l 16
587 3 6 l 16
584 3 6 h 33
582 3 6 h 33
583 3 6 h 33
68 3 7 l 33
69 3 7 l 33
70 3 7 l 33
66 3 7 h 33
67 3 7 h 33
68 3 7 h 33
1569 3 8 l 100
1568 3 8 h 33
1566 3 8 h 33
1567 3 8 h 33
1074 3 9 l 20
1075 3 9 l 20
1076 3 9 l 20
1077 3 9 l 20
1078 3 9 l 20
1074 3 9 h 33
1075 3 9 h 33
1076 3 9 h 33
936 3 10 l 25
939 3 10 l 25
940 3 10 l 25
941 3 10 l 25
936 3 10 h 50
937 3 10 h 50
432 3 11 l 20
433 3 11 l 20
434 3 11 l 20
435 3 11 l 20
436 3 11 l 20
432 3 11 h 33
433 3 11 h 33
434 3 11 h 33
330 3 12 l 25
332 3 12 l 25
333 3 12 l 25
334 3 12 l 25
330 3 12 h 33
331 3 12 h 33
332 3 12 h 33
1458 3 13 l 16
1459 3 13 l 16
1460 3 13 l 16
1461 3 13 l 16
1462 3 13 l 16
1463 3 13 l 16
1458 3 13 h 50
1459 3 13 h 50
1356 3 14 l 16
1357 3 14 l 16
1358 3 14 l 16
1359 3 14 l 16
1360 3 14 l 16
1361 3 14 l 16
1356 3 14 h 33
1357 3 14 h 33
1358 3 14 h 33
832 3 15 l 16
833 3 15 l 16
828 3 15 l 16
829 3 15 l 16
830 3 15 l 16
831 3 15 l 16
828 3 15 h 33
829 3 15 h 33
830 3 15 h 33
979 3 16 l 20
980 3 16 l 20
981 3 16 l 20
982 3 16 l 20
983 3 16 l 20
978 3 16 h 33
979 3 16 h 33
980 3 16 h 33
97 4 0 l 25
98 4 0 l 25
100 4 0 l 25
101 4 0 l 25
97 4 0 h 100
605 4 1 l 100
601 4 1 h 100
1098 4 2 l 100
1098 4 2 h 33
1099 4 2 h 33
1100 4 2 h 33
1592 4 3 l 100
1590 4 3 h 100
231 4 5 l 100
228 4 5 h 100
748 4 6 l 100
745 4 6 h 100
1257 4 7 l 38
1259 4 7 l 61
1254 4 7 h 100
846 4 8 l 16
847 4 8 l 16
848 4 8 l 16
849 4 8 l 16
850 4 8 l 16
851 4 8 l 16
846 4 8 h 100
1376 4 9 l 71
1378 4 9 l 28
1375 4 9 h 100
192 4 10 l 100
192 4 10 h 50
193 4 10 h 50
708 4 11 l 100
708 4 11 h 50
709 4 11 h 50
456 4 12 l 100
456 4 12 h 100
959 4 13 l 100
954 4 13 h 100
1484 4 14 l 100
1482 4 14 h 100
352 4 15 l 20
353 4 15 l 20
348 4 15 l 20
349 4 15 l 20
351 4 15 l 20
348 4 15 h 33
349 4 15 h 33
350 4 15 h 33
255 4 16 l 100
252 4 16 h 33
253 4 16 h 33
254 4 16 h 33
972 5 0 l 25
973 5 0 l 25
976 5 0 l 25
977 5 0 l 25
972 5 0 h 33
973 5 0 h 33
974 5 0 h 33
486 5 1 l 16
487 5 1 l 16
488 5 1 l 16
489 5 1 l 16
490 5 1 l 16
491 5 1 l 16
486 5 1 h 100
1614 5 2 l 16
1615 5 2 l 16
1616 5 2 l 16
1617 5 2 l 16
1618 5 2 l 16
1619 5 2 l 16
1616 5 2 h 100
1122 5 3 l 20
1124 5 3 l 20
1125 5 3 l 20
1126 5 3 l 20
1127 5 3 l 20
1123 5 3 h 100
624 5 4 l 100
624 5 4 h 33
625 5 4 h 33
626 5 4 h 33
1281 5 6 l 100
1280 5 6 h 50
1279 5 6 h 50
771 5 7 l 100
769 5 7 h 50
770 5 7 h 50
90 5 8 l 20
92 5 8 l 20
93 5 8 l 20
94 5 8 l 20
95 5 8 l 20
90 5 8 h 33
91 5 8 h 33
92 5 8 h 33
1252 5 9 l 100
1248 5 9 h 33
1249 5 9 h 33
1250 5 9 h 33
738 5 10 l 50
740 5 10 l 50
738 5 10 h 33
739 5 10 h 33
740 5 10 h 33
224 5 11 l 20
226 5 11 l 20
227 5 11 l 20
222 5 11 l 20
223 5 11 l 20
222 5 11 h 50
223 5 11 h 50
1400 5 12 l 100
1400 5 12 h 33
1398 5 12 h 33
1399 5 12 h 33
881 5 13 l 100
876 5 13 h 50
878 5 13 h 50
368 5 14 l 100
368 5 14 h 33
366 5 14 h 33
367 5 14 h 33
1504 5 15 l 16
1505 5 15 l 16
1500 5 15 l 16
1501 5 15 l 16
1502 5 15 l 16
1503 5 15 l 16
1500 5 15 h 33
1501 5 15 h 33
1502 5 15 h 33
1152 5 16 l 20
1153 5 16 l 20
1154 5 16 l 20
1156 5 16 l 20
1157 5 16 l 20
1152 5 16 h 100
246 6 0 l 16
247 6 0 l 16
248 6 0 l 16
249 6 0 l 16
250 6 0 l 16
251 6 0 l 16
248 6 0 h 33
246 6 0 h 33
247 6 0 h 33
762 6 1 l 16
763 6 1 l 16
764 6 1 l 16
765 6 1 l 16
766 6 1 l 16
767 6 1 l 16
762 6 1 h 33
763 6 1 h 33
764 6 1 h 33
888 6 2 l 16
889 6 2 l 16
890 6 2 l 16
891 6 2 l 16
892 6 2 l 16
893 6 2 l 16
888 6 2 h 50
890 6 2 h 50
1410 6 3 l 16
1411 6 3 l 16
1412 6 3 l 16
1413 6 3 l 16
1414 6 3 l 16
1415 6 3 l 16
1410 6 3 h 33
1411 6 3 h 33
1412 6 3 h 33
618 6 4 l 16
619 6 4 l 16
620 6 4 l 16
621 6 4 l 16
622 6 4 l 16
623 6 4 l 16
618 6 4 h 33
619 6 4 h 33
620 6 4 h 33
1120 6 5 l 16
1121 6 5 l 16
1116 6 5 l 16
1117 6 5 l 16
1118 6 5 l 16
1119 6 5 l 16
1116 6 5 h 33
1117 6 5 h 33
1118 6 5 h 33
120 6 7 l 16
121 6 7 l 16
122 6 7 l 16
123 6 7 l 16
124 6 7 l 16
125 6 7 l 16
120 6 7 h 33
121 6 7 h 33
122 6 7 h 33
1146 6 8 l 16
1147 6 8 l 16
1148 6 8 l 16
1149 6 8 l 16
1150 6 8 l 16
1151 6 8 l 16
1146 6 8 h 33
1147 6 8 h 33
1148 6 8 h 33
6 6 9 l 20
7 6 9 l 20
8 6 9 l 20
10 6 9 l 20
11 6 9 l 20
8 6 9 h 33
6 6 9 h 33
7 6 9 h 33
144 6 10 l 20
145 6 10 l 20
146 6 10 l 20
147 6 10 l 20
149 6 10 l 20
144 6 10 h 33
145 6 10 h 33
146 6 10 h 33
648 6 11 l 16
649 6 11 l 16
650 6 11 l 16
651 6 11 l 16
652 6 11 l 16
653 6 11 l 16
648 6 11 h 33
649 6 11 h 33
650 6 11 h 33
1512 6 12 l 16
1513 6 12 l 16
1514 6 12 l 16
1515 6 12 l 16
1516 6 12 l 16
1517 6 12 l 16
1512 6 12 h 33
1513 6 12 h 33
1514 6 12 h 33
379 6 13 l 20
380 6 13 l 20
381 6 13 l 20
382 6 13 l 20
383 6 13 l 20
380 6 13 h 100
504 6 14 l 16
505 6 14 l 16
506 6 14 l 16
507 6 14 l 16
508 6 14 l 16
509 6 14 l 16
504 6 14 h 33
505 6 14 h 33
506 6 14 h 33
1001 6 15 l 100
998 6 15 h 100
396 6 16 l 16
397 6 16 l 16
398 6 16 l 16
399 6 16 l 16
400 6 16 l 16
401 6 16 l 16
396 6 16 h 33
397 6 16 h 33
398 6 16 h 33
1140 7 0 l 20
1141 7 0 l 20
1142 7 0 l 20
1144 7 0 l 20
1145 7 0 l 20
1140 7 0 h 33
1141 7 0 h 33
1142 7 0 h 33
642 7 1 l 20
644 7 1 l 20
645 7 1 l 20
646 7 1 l 20
647 7 1 l 20
642 7 1 h 33
643 7 1 h 33
644 7 1 h 33
498 7 2 l 33
499 7 2 l 33
501 7 2 l 33
499 7 2 h 100
0 7 3 l 33
2 7 3 l 33
4 7 3 l 33
0 7 3 h 33
1 7 3 h 33
2 7 3 h 33
786 7 4 l 20
787 7 4 l 20
789 7 4 l 20
790 7 4 l 20
791 7 4 l 20
786 7 4 h 33
787 7 4 h 33
788 7 4 h 33
270 7 5 l 16
271 7 5 l 16
272 7 5 l 16
273 7 5 l 16
274 7 5 l 16
275 7 5 l 16
270 7 5 h 50
271 7 5 h 50
138 7 6 l 33
140 7 6 l 33
141 7 6 l 33
138 7 6 h 100
390 7 8 l 16
391 7 8 l 16
392 7 8 l 16
393 7 8 l 16
394 7 8 l 16
395 7 8 l 16
392 7 8 h 33
390 7 8 h 33
391 7 8 h 33
1524 7 9 l 50
1528 7 9 l 50
1524 7 9 h 50
1525 7 9 h 50
1429 7 10 l 100
1428 7 10 h 33
1429 7 10 h 33
1430 7 10 h 33
900 7 11 l 25
902 7 11 l 25
903 7 11 l 25
904 7 11 l 25
900 7 11 h 50
902 7 11 h 50
25 7 12 l 25
26 7 12 l 25
27 7 12 l 25
29 7 12 l 25
24 7 12 h 33
25 7 12 h 33
26 7 12 h 33
1176 7 13 l 33
1178 7 13 l 33
1181 7 13 l 33
1176 7 13 h 33
1177 7 13 h 33
1178 7 13 h 33
1026 7 14 l 16
1027 7 14 l 16
1028 7 14 l 16
1029 7 14 l 16
1030 7 14 l 16
1031 7 14 l 16
1028 7 14 h 100
522 7 15 l 16
523 7 15 l 16
524 7 15 l 16
525 7 15 l 16
526 7 15 l 16
527 7 15 l 16
522 7 15 h 33
523 7 15 h 33
524 7 15 h 33
1321 7 16 l 25
1323 7 16 l 25
1324 7 16 l 25
1325 7 16 l 25
1320 7 16 h 50
1322 7 16 h 50
870 8 0 l 25
871 8 0 l 25
872 8 0 l 25
874 8 0 l 25
872 8 0 h 33
870 8 0 h 33
871 8 0 h 33
1392 8 1 l 16
1393 8 1 l 16
1394 8 1 l 16
1395 8 1 l 16
1396 8 1 l 16
1397 8 1 l 16
1393 8 1 h 100
216 8 2 l 100
216 8 2 h 50
217 8 2 h 50
737 8 3 l 14
734 8 3 l 59
735 8 3 l 26
732 8 3 h 33
733 8 3 h 33
734 8 3 h 33
1242 8 4 l 33
1243 8 4 l 33
1246 8 4 l 33
1242 8 4 h 33
1243 8 4 h 33
1244 8 4 h 33
85 8 5 l 20
86 8 5 l 20
87 8 5 l 20
88 8 5 l 20
89 8 5 l 20
84 8 5 h 50
85 8 5 h 50
594 8 6 l 20
596 8 6 l 20
597 8 6 l 20
598 8 6 l 20
599 8 6 l 20
595 8 6 h 100
1093 8 7 l 48
1097 8 7 l 51
1092 8 7 h 100
450 8 9 l 33
451 8 9 l 33
452 8 9 l 33
450 8 9 h 100
948 8 10 l 50
952 8 10 l 50
948 8 10 h 33
949 8 10 h 33
950 8 10 h 33
1472 8 11 l 20
1473 8 11 l 20
1474 8 11 l 20
1470 8 11 l 20
1471 8 11 l 20
1470 8 11 h 100
342 8 12 l 50
347 8 12 l 50
342 8 12 h 100
845 8 13 l 100
840 8 13 h 33
841 8 13 h 33
842 8 13 h 33
1372 8 14 l 100
1369 8 14 h 100
186 8 15 l 16
187 8 15 l 16
188 8 15 l 16
189 8 15 l 16
190 8 15 l 16
191 8 15 l 16
186 8 15 h 33
187 8 15 h 33
188 8 15 h 33
993 8 16 l 20
994 8 16 l 20
995 8 16 l 20
990 8 16 l 20
991 8 16 l 20
992 8 16 h 50
990 8 16 h 50
108 9 0 l 50
110 9 0 l 50
108 9 0 h 33
109 9 0 h 33
110 9 0 h 33
1270 9 1 l 100
1266 9 1 h 33
1267 9 1 h 33
1268 9 1 h 33
750 9 2 l 100
750 9 2 h 100
240 9 3 l 100
240 9 3 h 100
472 9 4 l 62
473 9 4 l 37
468 9 4 h 33
469 9 4 h 33
470 9 4 h 33
1610 9 5 l 100
1608 9 5 h 33
1609 9 5 h 33
1610 9 5 h 33
1110 9 6 l 16
1111 9 6 l 16
1112 9 6 l 16
1113 9 6 l 16
1114 9 6 l 16
1115 9 6 l 16
1110 9 6 h 100
612 9 7 l 16
613 9 7 l 16
614 9 7 l 16
615 9 7 l 16
616 9 7 l 16
617 9 7 l 16
612 9 7 h 100
864 9 8 l 20
866 9 8 l 20
867 9 8 l 20
868 9 8 l 20
869 9 8 l 16
864 9 8 h 50
865 9 8 h 50
1494 9 10 l 33
1496 9 10 l 33
1499 9 10 l 33
1496 9 10 h 50
1494 9 10 h 50
967 9 11 l 33
968 9 11 l 33
969 9 11 l 33
966 9 11 h 100
1237 9 12 l 50
1238 9 12 l 50
1236 9 12 h 100
726 9 13 l 50
728 9 13 l 50
726 9 13 h 50
727 9 13 h 50
211 9 14 l 50
212 9 14 l 50
212 9 14 h 100
1386 9 15 l 100
1386 9 15 h 33
1387 9 15 h 33
1388 9 15 h 33
264 9 16 l 25
265 9 16 l 25
266 9 16 l 25
267 9 16 l 25
264 9 16 h 33
265 9 16 h 33
266 9 16 h 33
984 10 0 l 16
985 10 0 l 16
986 10 0 l 16
987 10 0 l 16
988 10 0 l 16
989 10 0 l 16
984 10 0 h 33
985 10 0 h 33
986 10 0 h 33
1506 10 1 l 33
1507 10 1 l 33
1510 10 1 l 33
1506 10 1 h 33
1507 10 1 h 33
1508 10 1 h 33
1628 10 2 l 50
1629 10 2 l 50
1627 10 2 h 50
1628 10 2 h 50
495 10 3 l 34
497 10 3 l 65
494 10 3 h 100
640 10 4 l 16
641 10 4 l 16
636 10 4 l 16
637 10 4 l 16
638 10 4 l 16
639 10 4 l 16
636 10 4 h 100
1136 10 5 l 100
1136 10 5 h 33
1134 10 5 h 33
1135 10 5 h 33
1290 10 6 l 33
1291 10 6 l 33
1294 10 6 l 33
1290 10 6 h 50
1291 10 6 h 50
132 10 7 l 56
135 10 7 l 43
132 10 7 h 100
102 10 8 l 20
103 10 8 l 20
105 10 8 l 20
106 10 8 l 20
107 10 8 l 20
104 10 8 h 50
102 10 8 h 50
607 10 9 l 100
606 10 9 h 50
607 10 9 h 50
1260 10 11 l 16
1261 10 11 l 16
1262 10 11 l 16
1263 10 11 l 16
1264 10 11 l 16
1265 10 11 l 16
1260 10 11 h 50
1261 10 11 h 50
1409 10 12 l 33
1404 10 12 l 33
1405 10 12 l 33
1404 10 12 h 50
1405 10 12 h 50
235 10 13 l 50
236 10 13 l 50
234 10 13 h 50
235 10 13 h 50
373 10 14 l 50
375 10 14 l 50
372 10 14 h 50
374 10 14 h 50
882 10 15 l 16
883 10 15 l 16
884 10 15 l 16
885 10 15 l 16
886 10 15 l 16
887 10 15 l 16
882 10 15 h 33
883 10 15 h 33
884 10 15 h 33
1170 10 16 l 20
1171 10 16 l 20
1172 10 16 l 20
1174 10 16 l 20
1175 10 16 l 20
1170 10 16 h 33
1171 10 16 h 33
1172 10 16 h 33
258 11 0 l 16
259 11 0 l 16
260 11 0 l 16
261 11 0 l 16
262 11 0 l 16
263 11 0 l 16
258 11 0 h 33
259 11 0 h 33
260 11 0 h 33
1416 11 1 l 16
1417 11 1 l 16
1418 11 1 l 16
1419 11 1 l 16
1420 11 1 l 16
1421 11 1 l 16
1416 11 1 h 33
1417 11 1 h 33
1418 11 1 h 33
1284 11 2 l 16
1285 11 2 l 16
1286 11 2 l 16
1287 11 2 l 16
1288 11 2 l 16
1289 11 2 l 16
1284 11 2 h 33
1285 11 2 h 33
1286 11 2 h 33
774 11 3 l 16
775 11 3 l 16
776 11 3 l 16
777 11 3 l 16
778 11 3 l 16
779 11 3 l 16
776 11 3 h 50
775 11 3 h 50
630 11 4 l 16
631 11 4 l 16
632 11 4 l 16
633 11 4 l 16
634 11 4 l 16
635 11 4 l 16
632 11 4 h 33
630 11 4 h 33
631 11 4 h 33
128 11 5 l 16
129 11 5 l 16
130 11 5 l 16
131 11 5 l 16
126 11 5 l 16
127 11 5 l 16
128 11 5 h 33
126 11 5 h 33
127 11 5 h 33
1620 11 6 l 20
1621 11 6 l 20
1622 11 6 l 20
1623 11 6 l 20
1624 11 6 l 20
1620 11 6 h 33
1621 11 6 h 33
1622 11 6 h 33
1130 11 7 l 50
1132 11 7 l 50
1129 11 7 h 50
1130 11 7 h 50
1168 11 8 l 100
1164 11 8 h 33
1165 11 8 h 33
1166 11 8 h 33
660 11 9 l 20
661 11 9 l 20
662 11 9 l 20
664 11 9 l 20
665 11 9 l 20
660 11 9 h 33
661 11 9 h 33
662 11 9 h 33
516 11 10 l 16
517 11 10 l 16
518 11 10 l 16
519 11 10 l 16
520 11 10 l 16
521 11 10 l 16
516 11 10 h 33
517 11 10 h 33
518 11 10 h 33
1519 11 12 l 100
1520 11 12 h 33
1518 11 12 h 33
1519 11 12 h 33
1014 11 13 l 16
1015 11 13 l 16
1016 11 13 l 16
1017 11 13 l 16
1018 11 13 l 16
1019 11 13 l 16
1016 11 13 h 33
1014 11 13 h 33
1015 11 13 h 33
896 11 14 l 20
898 11 14 l 20
899 11 14 l 20
894 11 14 l 20
895 11 14 l 20
896 11 14 h 100
389 11 15 l 100
384 11 15 h 33
385 11 15 h 33
386 11 15 h 33
416 11 16 l 16
417 11 16 l 16
418 11 16 l 16
419 11 16 l 16
414 11 16 l 16
415 11 16 l 16
416 11 16 h 33
414 11 16 h 33
415 11 16 h 33
1162 12 0 l 100
1160 12 0 h 33
1158 12 0 h 33
1159 12 0 h 33
12 12 1 l 50
13 12 1 l 50
12 12 1 h 100
513 12 2 l 100
511 12 2 h 100
1008 12 3 l 100
1008 12 3 h 100
798 12 4 l 100
798 12 4 h 100
1308 12 5 l 33
1309 12 5 l 33
1310 12 5 l 33
1308 12 5 h 50
1309 12 5 h 50
151 12 6 l 100
152 12 6 h 50
151 12 6 h 50
657 12 7 l 100
656 12 7 h 100
408 12 8 l 33
411 12 8 l 33
413 12 8 l 33
408 12 8 h 33
409 12 8 h 33
410 12 8 h 33
913 12 9 l 100
913 12 9 h 100
1434 12 10 l 50
1435 12 10 l 50
1434 12 10 h 33
1435 12 10 h 33
1436 12 10 h 33
282 12 11 l 33
283 12 11 l 33
287 12 11 l 33
282 12 11 h 33
283 12 11 h 33
284 12 11 h 33
540 12 13 l 50
541 12 13 l 50
540 12 13 h 50
541 12 13 h 50
1044 12 14 l 100
1044 12 14 h 100
1542 12 15 l 16
1543 12 15 l 16
1544 12 15 l 16
1545 12 15 l 16
1546 12 15 l 16
1547 12 15 l 16
1544 12 15 h 33
1542 12 15 h 33
1543 12 15 h 33
1338 12 16 l 33
1339 12 16 l 33
1340 12 16 l 33
1338 12 16 h 33
1339 12 16 h 33
1340 12 16 h 33
404 13 0 l 50
405 13 0 l 50
403 13 0 h 100
1537 13 1 l 50
1541 13 1 l 50
1536 13 1 h 50
1537 13 1 h 50
1038 13 2 l 100
1040 13 2 h 33
1038 13 2 h 33
1039 13 2 h 33
538 13 3 l 100
534 13 3 h 50
535 13 3 h 50
36 13 4 l 16
37 13 4 l 16
38 13 4 l 16
39 13 4 l 16
40 13 4 l 16
41 13 4 l 16
36 13 4 h 50
37 13 4 h 50
1188 13 5 l 50
1189 13 5 l 50
1188 13 5 h 50
1190 13 5 h 50
683 13 6 l 100
680 13 6 h 33
678 13 6 h 33
679 13 6 h 33
173 13 7 l 100
169 13 7 h 100
1332 13 8 l 16
1333 13 8 l 16
1334 13 8 l 16
1335 13 8 l 16
1336 13 8 l 16
1337 13 8 l 16
1332 13 8 h 100
816 13 9 l 20
818 13 9 l 20
819 13 9 l 20
820 13 9 l 20
821 13 9 l 20
818 13 9 h 100
312 13 10 l 20
313 13 10 l 20
314 13 10 l 20
316 13 10 l 20
317 13 10 l 20
312 13 10 h 50
313 13 10 h 50
1440 13 11 l 25
1441 13 11 l 25
1443 13 11 l 25
1445 13 11 l 25
1440 13 11 h 33
1441 13 11 h 33
1442 13 11 h 33
928 13 12 l 11
924 13 12 l 44
925 13 12 l 44
924 13 12 h 33
925 13 12 h 33
926 13 12 h 33
1554 13 14 l 50
1556 13 14 l 50
1554 13 14 h 100
1056 13 15 l 16
1057 13 15 l 16
1058 13 15 l 16
1059 13 15 l 16
1060 13 15 l 16
1061 13 15 l 16
1056 13 15 h 33
1057 13 15 h 33
1058 13 15 h 33
564 13 16 l 16
565 13 16 l 16
566 13 16 l 16
567 13 16 l 16
568 13 16 l 16
569 13 16 l 16
564 13 16 h 50
565 13 16 h 50
1329 14 0 l 50
1330 14 0 l 50
1328 14 0 h 33
1326 14 0 h 33
1327 14 0 h 33
162 14 1 l 33
164 14 1 l 33
167 14 1 l 33
162 14 1 h 50
164 14 1 h 50
306 14 2 l 33
309 14 2 l 33
310 14 2 l 33
306 14 2 h 50
308 14 2 h 50
812 14 3 l 50
815 14 3 l 50
810 14 3 h 33
811 14 3 h 33
812 14 3 h 33
32 14 4 l 50
30 14 4 l 50
32 14 4 h 50
30 14 4 h 50
528 14 5 l 20
529 14 5 l 20
530 14 5 l 20
531 14 5 l 20
532 14 5 l 20
528 14 5 h 33
529 14 5 h 33
530 14 5 h 33
674 14 6 l 100
672 14 6 h 33
673 14 6 h 33
674 14 6 h 33
1183 14 7 l 100
1184 14 7 h 50
1182 14 7 h 50
780 14 8 l 25
782 14 8 l 25
783 14 8 l 25
784 14 8 l 25
780 14 8 h 33
781 14 8 h 33
782 14 8 h 33
908 14 9 l 33
909 14 9 l 33
911 14 9 l 33
908 14 9 h 100
1032 14 10 l 20
1033 14 10 l 20
1034 14 10 l 20
1035 14 10 l 20
1037 14 10 l 20
1032 14 10 h 50
1033 14 10 h 50
1530 14 11 l 33
1533 14 11 l 33
1535 14 11 l 33
1530 14 11 h 33
1531 14 11 h 33
1532 14 11 h 33
792 14 12 l 100
792 14 12 h 50
794 14 12 h 50
1302 14 13 l 25
1303 14 13 l 25
1304 14 13 l 25
1307 14 13 l 25
1302 14 13 h 100
276 14 15 l 16
277 14 15 l 16
278 14 15 l 16
279 14 15 l 16
280 14 15 l 16
281 14 15 l 16
276 14 15 h 33
277 14 15 h 33
278 14 15 h 33
323 14 16 l 33
318 14 16 l 33
319 14 16 l 33
320 14 16 h 50
319 14 16 h 50
558 15 0 l 25
559 15 0 l 25
561 15 0 l 25
562 15 0 l 25
560 15 0 h 33
558 15 0 h 33
559 15 0 h 33
48 15 1 l 25
49 15 1 l 25
52 15 1 l 25
53 15 1 l 25
48 15 1 h 100
1548 15 2 l 50
1549 15 2 l 50
1550 15 2 h 100
1052 15 3 l 100
1050 15 3 h 33
1051 15 3 h 33
1052 15 3 h 33
180 15 4 l 25
181 15 4 l 25
183 15 4 l 25
184 15 4 l 25
180 15 4 h 50
181 15 4 h 50
1350 15 5 l 33
1353 15 5 l 33
1355 15 5 l 33
1352 15 5 h 33
1350 15 5 h 33
1351 15 5 h 33
1200 15 6 l 33
1201 15 6 l 33
1202 15 6 l 33
1200 15 6 h 33
1201 15 6 h 33
1202 15 6 h 33
690 15 7 l 100
690 15 7 h 50
691 15 7 h 50
1218 15 8 l 25
1219 15 8 l 25
1222 15 8 l 25
1223 15 8 l 25
1218 15 8 h 33
1219 15 8 h 33
1220 15 8 h 33
804 15 9 l 16
805 15 9 l 16
806 15 9 l 16
807 15 9 l 16
808 15 9 l 16
809 15 9 l 16
806 15 9 h 100
666 15 10 l 16
667 15 10 l 16
668 15 10 l 16
669 15 10 l 16
670 15 10 l 16
671 15 10 l 16
666 15 10 h 33
667 15 10 h 33
668 15 10 h 33
160 15 11 l 20
161 15 11 l 20
156 15 11 l 20
157 15 11 l 20
158 15 11 l 20
156 15 11 h 33
157 15 11 h 33
158 15 11 h 33
918 15 12 l 16
919 15 12 l 16
920 15 12 l 16
921 15 12 l 16
922 15 12 l 16
923 15 12 l 16
920 15 12 h 33
918 15 12 h 33
919 15 12 h 33
420 15 13 l 25
421 15 13 l 25
423 15 13 l 25
425 15 13 l 25
420 15 13 h 33
421 15 13 h 33
422 15 13 h 33
300 15 14 l 50
302 15 14 l 50
300 15 14 h 33
301 15 14 h 33
302 15 14 h 33
757 15 16 l 25
758 15 16 l 25
760 15 16 l 25
761 15 16 l 25
756 15 16 h 33
757 15 16 h 33
758 15 16 h 33
1584 16 0 l 16
1585 16 0 l 16
1586 16 0 l 16
1587 16 0 l 16
1588 16 0 l 16
1589 16 0 l 16
1584 16 0 h 33
1585 16 0 h 33
1586 16 0 h 33
288 16 1 l 20
289 16 1 l 20
291 16 1 l 20
292 16 1 l 20
293 16 1 l 20
288 16 1 h 33
289 16 1 h 33
290 16 1 h 33
1296 16 2 l 20
1297 16 2 l 20
1298 16 2 l 20
1299 16 2 l 20
1301 16 2 l 20
1298 16 2 h 100
114 16 3 l 25
116 16 3 l 25
117 16 3 l 25
118 16 3 l 25
116 16 3 h 100
552 16 4 l 33
555 16 4 l 33
556 16 4 l 33
552 16 4 h 50
554 16 4 h 50
294 16 5 l 16
295 16 5 l 16
296 16 5 l 16
297 16 5 l 16
298 16 5 l 16
299 16 5 l 16
296 16 5 h 33
294 16 5 h 33
295 16 5 h 33
18 16 6 l 16
19 16 6 l 16
20 16 6 l 16
21 16 6 l 16
22 16 6 l 16
23 16 6 l 16
20 16 6 h 100
1422 16 7 l 16
1423 16 7 l 16
1424 16 7 l 16
1425 16 7 l 16
1426 16 7 l 16
1427 16 7 l 16
1422 16 7 h 100
1272 16 8 l 16
1273 16 8 l 16
1274 16 8 l 16
1275 16 8 l 16
1276 16 8 l 16
1277 16 8 l 16
1272 16 8 h 50
1274 16 8 h 50
1002 16 9 l 16
1003 16 9 l 16
1004 16 9 l 16
1005 16 9 l 16
1006 16 9 l 16
1007 16 9 l 16
1002 16 9 h 50
1004 16 9 h 50
1020 16 10 l 100
1020 16 10 h 100
1476 16 11 l 25
1477 16 11 l 25
1480 16 11 l 25
1481 16 11 l 25
1476 16 11 h 50
1477 16 11 h 50
1446 16 12 l 16
1447 16 12 l 16
1448 16 12 l 16
1449 16 12 l 16
1450 16 12 l 16
1451 16 12 l 16
1446 16 12 h 50
1447 16 12 h 50
480 16 13 l 25
483 16 13 l 25
484 16 13 l 25
485 16 13 l 25
480 16 13 h 33
481 16 13 h 33
482 16 13 h 33
474 16 14 l 16
475 16 14 l 16
476 16 14 l 16
477 16 14 l 16
478 16 14 l 16
479 16 14 l 16
474 16 14 h 50
475 16 14 h 50
1601 16 15 l 100
1596 16 15 h 33
1597 16 15 h 33
1598 16 15 h 33
