tunnel_num s t prio weight
324 0 1 l 100
324 0 1 h 100
822 0 2 l 100
822 0 2 h 100
1344 0 3 l 100
1344 0 3 h 100
175 0 4 l 100
176 0 4 h 100
684 0 5 l 100
684 0 5 h 100
1194 0 6 l 100
1194 0 6 h 100
42 0 7 l 100
42 0 7 h 100
703 0 8 l 100
704 0 8 h 100
1212 0 9 l 100
1212 0 9 h 100
61 0 10 l 100
61 0 10 h 100
581 0 11 l 100
578 0 11 h 100
1068 0 12 l 100
1068 0 12 h 83
1070 0 12 h 16
1560 0 13 l 100
1560 0 13 h 100
428 0 14 l 100
428 0 14 h 100
930 0 15 l 100
931 0 15 h 100
1314 0 16 l 100
1314 0 16 h 100
696 1 0 l 100
696 1 0 h 100
1366 1 2 l 100
shutdown 1 2 h
836 1 3 l 100
836 1 3 h 100
1062 1 4 l 100
1063 1 4 h 100
570 1 5 l 100
571 1 5 h 100
54 1 6 l 100
55 1 6 h 100
1206 1 7 l 100
1207 1 7 h 100
1578 1 8 l 100
1578 1 8 h 100
1089 1 9 l 100
shutdown 1 9 h
589 1 10 l 100
590 1 10 h 100
78 1 11 l 100
78 1 11 h 100
336 1 12 l 100
338 1 12 h 100
1464 1 13 l 100
1466 1 13 h 100
944 1 14 l 100
942 1 14 h 100
444 1 15 l 100
444 1 15 h 100
549 1 16 l 100
shutdown 1 16 h
1572 2 0 l 100
1572 2 0 h 100
441 2 1 l 19
442 2 1 l 80
shutdown 2 1 h
1080 2 3 l 100
1080 2 3 h 100
1234 2 4 l 100
shutdown 2 4 h
75 2 5 l 100
shutdown 2 5 h
207 2 6 l 100
shutdown 2 6 h
722 2 7 l 100
722 2 7 h 100
860 2 8 l 100
860 2 8 h 100
1380 2 9 l 100
1380 2 9 h 100
1489 2 10 l 100
1489 2 10 h 100
362 2 11 l 100
362 2 11 h 100
465 2 12 l 100
462 2 12 h 100
960 2 13 l 100
960 2 13 h 100
1106 2 14 l 100
1106 2 14 h 100
1606 2 15 l 100
shutdown 2 15 h
1455 2 16 l 100
1452 2 16 h 100
852 3 0 l 100
852 3 0 h 100
356 3 1 l 100
356 3 1 h 100
198 3 2 l 100
198 3 2 h 100
1225 3 4 l 100
1225 3 4 h 100
716 3 5 l 100
716 3 5 h 100
585 3 6 l 100
584 3 6 h 100
68 3 7 l 100
68 3 7 h 100
1567 3 8 l 100
1568 3 8 h 100
1074 3 9 l 100
1074 3 9 h 100
940 3 10 l 100
937 3 10 h 100
434 3 11 l 100
434 3 11 h 100
330 3 12 l 100
332 3 12 h 100
1460 3 13 l 100
1460 3 13 h 100
1359 3 14 l 100
1358 3 14 h 100
830 3 15 l 100
830 3 15 h 100
978 3 16 l 100
978 3 16 h 100
throttle 4 0 l 0.400000
100 4 0 l 100
97 4 0 h 100
601 4 1 l 100
601 4 1 h 100
throttle 4 2 l 0.300000
1102 4 2 l 100
shutdown 4 2 h
1591 4 3 l 100
1591 4 3 h 100
228 4 5 l 100
229 4 5 h 100
745 4 6 l 100
744 4 6 h 100
throttle 4 7 l 0.300000
1255 4 7 l 100
1254 4 7 h 100
846 4 8 l 100
847 4 8 h 100
throttle 4 9 l 0.388974
1378 4 9 l 100
shutdown 4 9 h
192 4 10 l 100
192 4 10 h 100
713 4 11 l 100
708 4 11 h 100
456 4 12 l 100
457 4 12 h 100
954 4 13 l 100
956 4 13 h 100
1483 4 14 l 100
1484 4 14 h 100
348 4 15 l 100
348 4 15 h 100
257 4 16 l 100
shutdown 4 16 h
976 5 0 l 100
972 5 0 h 100
486 5 1 l 100
487 5 1 h 100
throttle 5 2 l 0.400000
1618 5 2 l 100
shutdown 5 2 h
throttle 5 3 l 0.400000
1125 5 3 l 100
1124 5 3 h 100
624 5 4 l 100
625 5 4 h 100
1278 5 6 l 100
1279 5 6 h 100
throttle 5 7 l 0.400000
768 5 7 l 100
769 5 7 h 100
90 5 8 l 100
90 5 8 h 100
throttle 5 9 l 0.300000
1251 5 9 l 100
shutdown 5 9 h
738 5 10 l 100
740 5 10 h 100
222 5 11 l 100
222 5 11 h 100
1400 5 12 l 100
1400 5 12 h 100
880 5 13 l 100
876 5 13 h 100
367 5 14 l 100
367 5 14 h 100
1500 5 15 l 100
1500 5 15 h 100
1155 5 16 l 100
shutdown 5 16 h
249 6 0 l 100
246 6 0 h 100
762 6 1 l 100
763 6 1 h 100
892 6 2 l 100
shutdown 6 2 h
1413 6 3 l 100
1412 6 3 h 100
618 6 4 l 100
619 6 4 h 100
1116 6 5 l 100
1117 6 5 h 100
123 6 7 l 100
120 6 7 h 100
1146 6 8 l 100
1146 6 8 h 100
9 6 9 l 100
shutdown 6 9 h
145 6 10 l 100
146 6 10 h 100
648 6 11 l 100
648 6 11 h 100
1512 6 12 l 100
1514 6 12 h 100
378 6 13 l 100
380 6 13 h 100
504 6 14 l 100
504 6 14 h 100
996 6 15 l 100
996 6 15 h 100
399 6 16 l 100
shutdown 6 16 h
1140 7 0 l 100
1140 7 0 h 100
642 7 1 l 100
643 7 1 h 100
500 7 2 l 100
500 7 2 h 100
2 7 3 l 100
2 7 3 h 100
786 7 4 l 100
787 7 4 h 100
270 7 5 l 100
271 7 5 h 100
141 7 6 l 100
138 7 6 h 100
390 7 8 l 100
390 7 8 h 100
1526 7 9 l 100
1526 7 9 h 100
1431 7 10 l 100
1429 7 10 h 100
900 7 11 l 100
900 7 11 h 100
24 7 12 l 100
26 7 12 h 100
1180 7 13 l 100
1178 7 13 h 100
1030 7 14 l 100
1027 7 14 h 100
522 7 15 l 100
523 7 15 h 100
1323 7 16 l 100
1322 7 16 h 100
871 8 0 l 100
871 8 0 h 100
1393 8 1 l 100
1392 8 1 h 100
throttle 8 2 l 0.300000
220 8 2 l 100
218 8 2 h 100
733 8 3 l 100
734 8 3 h 100
1247 8 4 l 100
1243 8 4 h 100
84 8 5 l 100
84 8 5 h 100
594 8 6 l 100
594 8 6 h 100
throttle 8 7 l 0.300000
1096 8 7 l 100
1094 8 7 h 100
452 8 9 l 99
454 8 9 l 0
452 8 9 h 100
951 8 10 l 100
948 8 10 h 100
1475 8 11 l 100
1471 8 11 h 100
342 8 12 l 100
343 8 12 h 100
840 8 13 l 100
840 8 13 h 100
1373 8 14 l 100
1368 8 14 h 100
186 8 15 l 100
186 8 15 h 100
992 8 16 l 100
992 8 16 h 100
108 9 0 l 100
108 9 0 h 100
1269 9 1 l 100
shutdown 9 1 h
750 9 2 l 100
750 9 2 h 100
240 9 3 l 100
240 9 3 h 100
472 9 4 l 100
shutdown 9 4 h
1613 9 5 l 100
shutdown 9 5 h
1114 9 6 l 67
1115 9 6 l 32
shutdown 9 6 h
614 9 7 l 100
614 9 7 h 100
867 9 8 l 100
866 9 8 h 100
1494 9 10 l 100
1494 9 10 h 100
967 9 11 l 100
967 9 11 h 100
1237 9 12 l 100
1237 9 12 h 100
729 9 13 l 100
726 9 13 h 100
212 9 14 l 100
212 9 14 h 100
1390 9 15 l 100
shutdown 9 15 h
267 9 16 l 100
264 9 16 h 100
985 10 0 l 100
985 10 0 h 100
1508 10 1 l 100
1508 10 1 h 100
throttle 10 2 l 0.300000
1628 10 2 l 100
1628 10 2 h 100
throttle 10 3 l 0.400000
493 10 3 l 100
493 10 3 h 100
636 10 4 l 100
636 10 4 h 100
1134 10 5 l 100
1136 10 5 h 100
1292 10 6 l 100
1291 10 6 h 100
throttle 10 7 l 0.300000
133 10 7 l 27
135 10 7 l 72
133 10 7 h 100
102 10 8 l 100
102 10 8 h 100
607 10 9 l 100
607 10 9 h 100
1261 10 11 l 100
1261 10 11 h 100
1404 10 12 l 100
1404 10 12 h 100
235 10 13 l 100
234 10 13 h 100
372 10 14 l 18
375 10 14 l 81
373 10 14 h 100
882 10 15 l 100
884 10 15 h 100
1171 10 16 l 100
1171 10 16 h 100
259 11 0 l 100
260 11 0 h 100
1416 11 1 l 100
1416 11 1 h 100
1287 11 2 l 100
1286 11 2 h 100
776 11 3 l 100
776 11 3 h 68
775 11 3 h 31
630 11 4 l 100
631 11 4 h 100
126 11 5 l 100
126 11 5 h 100
1620 11 6 l 100
1620 11 6 h 100
1128 11 7 l 100
1129 11 7 h 100
1164 11 8 l 100
1165 11 8 h 100
661 11 9 l 100
661 11 9 h 100
517 11 10 l 100
517 11 10 h 100
1518 11 12 l 100
1518 11 12 h 100
1014 11 13 l 100
1014 11 13 h 100
897 11 14 l 100
894 11 14 h 100
384 11 15 l 100
384 11 15 h 100
415 11 16 l 100
415 11 16 h 100
1161 12 0 l 100
1158 12 0 h 100
17 12 1 l 100
14 12 1 h 100
throttle 12 2 l 0.400000
510 12 2 l 100
510 12 2 h 100
throttle 12 3 l 0.400000
1011 12 3 l 100
1008 12 3 h 100
802 12 4 l 100
799 12 4 h 100
1310 12 5 l 100
1310 12 5 h 100
152 12 6 l 100
152 12 6 h 100
throttle 12 7 l 0.300000
659 12 7 l 100
654 12 7 h 100
408 12 8 l 100
409 12 8 h 100
throttle 12 9 l 0.300000
912 12 9 l 2
913 12 9 l 98
913 12 9 h 100
1434 12 10 l 100
1434 12 10 h 100
282 12 11 l 100
282 12 11 h 100
540 12 13 l 100
540 12 13 h 100
1044 12 14 l 100
1046 12 14 h 100
1542 12 15 l 100
1542 12 15 h 100
1338 12 16 l 100
1338 12 16 h 100
402 13 0 l 100
402 13 0 h 100
1536 13 1 l 100
1538 13 1 h 100
throttle 13 2 l 0.300000
1038 13 2 l 100
1038 13 2 h 100
throttle 13 3 l 0.300000
534 13 3 l 100
534 13 3 h 100
36 13 4 l 100
38 13 4 h 100
1188 13 5 l 100
1188 13 5 h 100
683 13 6 l 100
680 13 6 h 100
throttle 13 7 l 0.300000
172 13 7 l 100
168 13 7 h 100
1332 13 8 l 100
1334 13 8 h 100
throttle 13 9 l 0.300000
816 13 9 l 100
816 13 9 h 100
312 13 10 l 100
313 13 10 h 100
1440 13 11 l 100
1440 13 11 h 100
924 13 12 l 100
926 13 12 h 100
1554 13 14 l 100
1554 13 14 h 100
1056 13 15 l 100
1057 13 15 h 100
564 13 16 l 100
564 13 16 h 100
1326 14 0 l 100
1328 14 0 h 100
162 14 1 l 100
162 14 1 h 100
throttle 14 2 l 0.300000
308 14 2 l 100
308 14 2 h 100
813 14 3 l 100
812 14 3 h 100
30 14 4 l 100
30 14 4 h 100
532 14 5 l 100
528 14 5 h 100
672 14 6 l 100
674 14 6 h 100
throttle 14 7 l 0.300000
1187 14 7 l 100
1183 14 7 h 100
780 14 8 l 100
780 14 8 h 100
909 14 9 l 100
908 14 9 h 100
1032 14 10 l 100
1032 14 10 h 100
1530 14 11 l 100
1530 14 11 h 100
792 14 12 l 100
794 14 12 h 100
1302 14 13 l 100
1302 14 13 h 100
276 14 15 l 100
276 14 15 h 100
322 14 16 l 100
319 14 16 h 100
562 15 0 l 100
559 15 0 h 100
48 15 1 l 100
48 15 1 h 100
throttle 15 2 l 0.300000
1552 15 2 l 100
shutdown 15 2 h
throttle 15 3 l 0.400000
1053 15 3 l 100
1052 15 3 h 100
181 15 4 l 100
180 15 4 h 100
1350 15 5 l 100
1350 15 5 h 100
1200 15 6 l 100
1200 15 6 h 100
690 15 7 l 100
691 15 7 h 100
1218 15 8 l 100
1218 15 8 h 100
throttle 15 9 l 0.300000
807 15 9 l 100
shutdown 15 9 h
671 15 10 l 100
666 15 10 h 100
156 15 11 l 100
156 15 11 h 100
918 15 12 l 100
918 15 12 h 100
420 15 13 l 100
421 15 13 h 100
300 15 14 l 100
300 15 14 h 100
758 15 16 l 100
758 15 16 h 100
1587 16 0 l 100
1584 16 0 h 100
291 16 1 l 100
shutdown 16 1 h
1299 16 2 l 100
1296 16 2 h 100
114 16 3 l 100
114 16 3 h 100
557 16 4 l 100
shutdown 16 4 h
297 16 5 l 100
shutdown 16 5 h
21 16 6 l 100
shutdown 16 6 h
1424 16 7 l 0
1425 16 7 l 99
1424 16 7 h 100
1274 16 8 l 100
1274 16 8 h 100
1002 16 9 l 100
1002 16 9 h 100
1020 16 10 l 100
1020 16 10 h 100
1477 16 11 l 100
1477 16 11 h 100
1447 16 12 l 100
1447 16 12 h 100
483 16 13 l 100
480 16 13 h 100
475 16 14 l 100
475 16 14 h 100
1598 16 15 l 100
1598 16 15 h 100
