tunnel_num s t prio weight
324 0 1 l 100
324 0 1 h 100
822 0 2 l 100
822 0 2 h 100
1344 0 3 l 100
1344 0 3 h 100
175 0 4 l 100
176 0 4 h 100
689 0 5 l 100
684 0 5 h 100
1194 0 6 l 100
1194 0 6 h 100
42 0 7 l 100
42 0 7 h 100
704 0 8 l 100
704 0 8 h 100
1212 0 9 l 100
1212 0 9 h 100
61 0 10 l 100
61 0 10 h 100
581 0 11 l 100
578 0 11 h 100
1068 0 12 l 100
1068 0 12 h 100
1560 0 13 l 100
1560 0 13 h 100
428 0 14 l 45
430 0 14 l 54
428 0 14 h 100
931 0 15 l 100
931 0 15 h 100
1314 0 16 l 100
1314 0 16 h 100
696 1 0 l 100
696 1 0 h 100
1364 1 2 l 100
1364 1 2 h 100
836 1 3 l 100
836 1 3 h 100
1063 1 4 l 100
1063 1 4 h 100
570 1 5 l 100
571 1 5 h 100
54 1 6 l 100
55 1 6 h 100
1206 1 7 l 100
1207 1 7 h 100
1578 1 8 l 100
1579 1 8 h 100
1090 1 9 l 100
1086 1 9 h 100
588 1 10 l 100
588 1 10 h 100
78 1 11 l 100
79 1 11 h 100
337 1 12 l 100
338 1 12 h 100
1465 1 13 l 100
1465 1 13 h 100
944 1 14 l 100
942 1 14 h 100
444 1 15 l 100
444 1 15 h 100
551 1 16 l 100
546 1 16 h 100
1572 2 0 l 100
1572 2 0 h 100
441 2 1 l 100
440 2 1 h 100
1080 2 3 l 100
1080 2 3 h 100
1231 2 4 l 100
1232 2 4 h 100
74 2 5 l 100
74 2 5 h 100
206 2 6 l 100
206 2 6 h 100
722 2 7 l 100
722 2 7 h 100
859 2 8 l 100
860 2 8 h 100
1380 2 9 l 100
1380 2 9 h 100
1489 2 10 l 100
1490 2 10 h 100
362 2 11 l 100
362 2 11 h 100
462 2 12 l 100
462 2 12 h 100
963 2 13 l 100
960 2 13 h 100
1107 2 14 l 100
shutdown 2 14 h
1605 2 15 l 100
1604 2 15 h 100
1452 2 16 l 100
1452 2 16 h 100
852 3 0 l 100
852 3 0 h 100
356 3 1 l 100
356 3 1 h 100
198 3 2 l 100
198 3 2 h 100
1225 3 4 l 100
1226 3 4 h 100
716 3 5 l 100
716 3 5 h 100
586 3 6 l 100
584 3 6 h 100
68 3 7 l 100
68 3 7 h 100
1567 3 8 l 100
1568 3 8 h 100
1074 3 9 l 100
1074 3 9 h 100
937 3 10 l 100
938 3 10 h 100
433 3 11 l 100
434 3 11 h 100
333 3 12 l 100
330 3 12 h 100
1462 3 13 l 100
1458 3 13 h 100
1358 3 14 l 100
1358 3 14 h 100
830 3 15 l 100
830 3 15 h 100
978 3 16 l 100
980 3 16 h 100
throttle 4 0 l 0.500000
100 4 0 l 100
97 4 0 h 100
600 4 1 l 100
600 4 1 h 100
throttle 4 2 l 0.400000
1102 4 2 l 100
1099 4 2 h 100
throttle 4 3 l 0.400000
1594 4 3 l 100
1592 4 3 h 96
1591 4 3 h 3
228 4 5 l 100
228 4 5 h 100
748 4 6 l 100
744 4 6 h 100
1254 4 7 l 100
1254 4 7 h 100
849 4 8 l 100
846 4 8 h 100
throttle 4 9 l 0.491593
1375 4 9 l 100
1375 4 9 h 100
192 4 10 l 100
192 4 10 h 100
708 4 11 l 100
708 4 11 h 100
459 4 12 l 26
461 4 12 l 73
456 4 12 h 100
957 4 13 l 100
shutdown 4 13 h
1482 4 14 l 100
1484 4 14 h 100
348 4 15 l 100
348 4 15 h 100
257 4 16 l 100
253 4 16 h 100
975 5 0 l 100
972 5 0 h 100
486 5 1 l 100
487 5 1 h 100
1616 5 2 l 100
1616 5 2 h 100
1126 5 3 l 100
1124 5 3 h 100
624 5 4 l 100
625 5 4 h 100
1281 5 6 l 100
1279 5 6 h 100
throttle 5 7 l 0.400000
771 5 7 l 100
769 5 7 h 100
90 5 8 l 100
91 5 8 h 100
throttle 5 9 l 0.400000
1249 5 9 l 100
1249 5 9 h 100
738 5 10 l 100
739 5 10 h 100
225 5 11 l 100
224 5 11 h 100
1400 5 12 l 100
1400 5 12 h 100
879 5 13 l 100
877 5 13 h 100
367 5 14 l 100
366 5 14 h 100
1500 5 15 l 100
1500 5 15 h 100
1152 5 16 l 100
1154 5 16 h 100
250 6 0 l 100
246 6 0 h 100
762 6 1 l 100
763 6 1 h 100
891 6 2 l 100
890 6 2 h 100
1412 6 3 l 100
1412 6 3 h 100
618 6 4 l 100
619 6 4 h 100
1116 6 5 l 100
1117 6 5 h 100
124 6 7 l 100
120 6 7 h 100
1146 6 8 l 100
1147 6 8 h 100
6 6 9 l 100
6 6 9 h 100
144 6 10 l 100
144 6 10 h 100
648 6 11 l 100
649 6 11 h 100
1513 6 12 l 100
1514 6 12 h 100
379 6 13 l 100
379 6 13 h 100
504 6 14 l 100
504 6 14 h 100
996 6 15 l 100
996 6 15 h 100
396 6 16 l 100
396 6 16 h 100
1140 7 0 l 100
1140 7 0 h 100
642 7 1 l 100
643 7 1 h 100
500 7 2 l 100
500 7 2 h 100
2 7 3 l 100
2 7 3 h 100
789 7 4 l 100
787 7 4 h 100
270 7 5 l 100
271 7 5 h 100
142 7 6 l 100
138 7 6 h 100
390 7 8 l 100
390 7 8 h 100
1526 7 9 l 100
1526 7 9 h 100
1428 7 10 l 100
1429 7 10 h 100
900 7 11 l 100
900 7 11 h 100
25 7 12 l 100
26 7 12 h 100
1179 7 13 l 100
1178 7 13 h 100
1030 7 14 l 100
1027 7 14 h 100
522 7 15 l 100
523 7 15 h 100
1320 7 16 l 100
1322 7 16 h 100
871 8 0 l 100
872 8 0 h 100
1393 8 1 l 100
1392 8 1 h 100
throttle 8 2 l 0.500000
220 8 2 l 100
218 8 2 h 100
733 8 3 l 100
734 8 3 h 100
1242 8 4 l 100
1242 8 4 h 100
84 8 5 l 100
84 8 5 h 100
594 8 6 l 100
594 8 6 h 100
throttle 8 7 l 0.500000
1096 8 7 l 100
1092 8 7 h 100
451 8 9 l 100
452 8 9 h 100
948 8 10 l 100
950 8 10 h 100
1470 8 11 l 100
1470 8 11 h 100
342 8 12 l 100
342 8 12 h 100
842 8 13 l 100
842 8 13 h 100
1368 8 14 l 100
1368 8 14 h 100
186 8 15 l 100
187 8 15 h 100
991 8 16 l 100
992 8 16 h 100
108 9 0 l 100
108 9 0 h 100
1270 9 1 l 100
1266 9 1 h 100
750 9 2 l 100
750 9 2 h 100
240 9 3 l 100
240 9 3 h 100
470 9 4 l 100
470 9 4 h 100
1612 9 5 l 51
1613 9 5 l 48
1609 9 5 h 100
1110 9 6 l 100
1110 9 6 h 100
614 9 7 l 100
614 9 7 h 100
865 9 8 l 100
866 9 8 h 100
1495 9 10 l 100
1495 9 10 h 100
966 9 11 l 100
967 9 11 h 100
1237 9 12 l 100
1237 9 12 h 100
726 9 13 l 100
726 9 13 h 100
213 9 14 l 63
214 9 14 l 36
211 9 14 h 100
1387 9 15 l 100
1387 9 15 h 100
264 9 16 l 100
264 9 16 h 100
throttle 10 0 l 0.400000
985 10 0 l 100
985 10 0 h 100
1508 10 1 l 100
1506 10 1 h 100
throttle 10 2 l 0.500000
1627 10 2 l 100
1627 10 2 h 100
493 10 3 l 100
493 10 3 h 100
640 10 4 l 100
638 10 4 h 100
1134 10 5 l 100
1135 10 5 h 100
1292 10 6 l 100
1290 10 6 h 100
throttle 10 7 l 0.400000
132 10 7 l 100
133 10 7 h 100
102 10 8 l 100
104 10 8 h 100
throttle 10 9 l 0.400000
606 10 9 l 100
606 10 9 h 100
1260 10 11 l 100
1261 10 11 h 100
1405 10 12 l 100
1405 10 12 h 100
235 10 13 l 100
235 10 13 h 100
374 10 14 l 100
374 10 14 h 100
883 10 15 l 100
884 10 15 h 100
1170 10 16 l 100
1170 10 16 h 100
259 11 0 l 100
260 11 0 h 100
1416 11 1 l 100
1416 11 1 h 100
1285 11 2 l 100
1286 11 2 h 100
775 11 3 l 100
776 11 3 h 100
630 11 4 l 100
630 11 4 h 100
126 11 5 l 100
126 11 5 h 100
1620 11 6 l 100
1620 11 6 h 100
1131 11 7 l 100
1128 11 7 h 100
1164 11 8 l 100
1164 11 8 h 100
660 11 9 l 100
661 11 9 h 100
516 11 10 l 100
517 11 10 h 100
1519 11 12 l 100
1519 11 12 h 100
1015 11 13 l 100
1015 11 13 h 100
896 11 14 l 100
895 11 14 h 100
385 11 15 l 100
386 11 15 h 100
414 11 16 l 100
415 11 16 h 100
1161 12 0 l 100
1158 12 0 h 100
17 12 1 l 100
14 12 1 h 100
throttle 12 2 l 0.400000
510 12 2 l 100
510 12 2 h 100
throttle 12 3 l 0.500000
1011 12 3 l 100
1008 12 3 h 100
803 12 4 l 100
798 12 4 h 100
1310 12 5 l 100
1310 12 5 h 100
152 12 6 l 100
151 12 6 h 100
throttle 12 7 l 0.400000
655 12 7 l 16
659 12 7 l 83
655 12 7 h 100
408 12 8 l 100
408 12 8 h 100
throttle 12 9 l 0.400000
913 12 9 l 100
913 12 9 h 100
1435 12 10 l 100
1435 12 10 h 100
283 12 11 l 100
283 12 11 h 100
541 12 13 l 100
541 12 13 h 100
1046 12 14 l 100
1046 12 14 h 100
1544 12 15 l 100
1544 12 15 h 100
1339 12 16 l 100
1339 12 16 h 100
throttle 13 0 l 0.400000
402 13 0 l 100
402 13 0 h 100
1537 13 1 l 100
1537 13 1 h 100
1041 13 2 l 100
1038 13 2 h 100
throttle 13 3 l 0.400000
534 13 3 l 100
534 13 3 h 100
40 13 4 l 100
shutdown 13 4 h
1191 13 5 l 100
1189 13 5 h 100
682 13 6 l 100
679 13 6 h 100
throttle 13 7 l 0.400000
169 13 7 l 100
169 13 7 h 59
170 13 7 h 40
1334 13 8 l 100
1334 13 8 h 100
816 13 9 l 100
816 13 9 h 100
313 13 10 l 100
313 13 10 h 100
1441 13 11 l 100
1441 13 11 h 100
925 13 12 l 100
925 13 12 h 100
1555 13 14 l 100
1555 13 14 h 100
1058 13 15 l 100
1058 13 15 h 100
567 13 16 l 100
564 13 16 h 100
1326 14 0 l 100
1328 14 0 h 100
162 14 1 l 100
162 14 1 h 100
311 14 2 l 100
shutdown 14 2 h
812 14 3 l 100
812 14 3 h 100
30 14 4 l 100
30 14 4 h 100
528 14 5 l 100
528 14 5 h 100
672 14 6 l 100
674 14 6 h 100
throttle 14 7 l 0.500000
1186 14 7 l 100
1183 14 7 h 100
780 14 8 l 100
781 14 8 h 100
907 14 9 l 100
907 14 9 h 100
1033 14 10 l 100
1034 14 10 h 100
1531 14 11 l 100
1532 14 11 h 100
794 14 12 l 100
794 14 12 h 100
1305 14 13 l 100
1303 14 13 h 100
276 14 15 l 100
276 14 15 h 100
318 14 16 l 100
318 14 16 h 100
559 15 0 l 100
559 15 0 h 100
48 15 1 l 100
48 15 1 h 100
throttle 15 2 l 0.400000
1551 15 2 l 100
1550 15 2 h 100
throttle 15 3 l 0.400000
1055 15 3 l 100
1052 15 3 h 100
181 15 4 l 100
180 15 4 h 100
1350 15 5 l 100
1350 15 5 h 100
1200 15 6 l 100
1200 15 6 h 100
690 15 7 l 100
691 15 7 h 100
1218 15 8 l 100
1219 15 8 h 100
throttle 15 9 l 0.400000
809 15 9 l 100
805 15 9 h 100
671 15 10 l 100
668 15 10 h 100
157 15 11 l 100
158 15 11 h 100
923 15 12 l 100
920 15 12 h 100
422 15 13 l 100
422 15 13 h 100
300 15 14 l 100
300 15 14 h 100
756 15 16 l 100
757 15 16 h 100
1584 16 0 l 100
1584 16 0 h 100
293 16 1 l 100
288 16 1 h 100
1296 16 2 l 100
1296 16 2 h 100
116 16 3 l 100
114 16 3 h 100
553 16 4 l 100
554 16 4 h 100
294 16 5 l 100
296 16 5 h 100
18 16 6 l 100
18 16 6 h 100
1422 16 7 l 100
1422 16 7 h 100
1273 16 8 l 100
1274 16 8 h 100
1002 16 9 l 100
1002 16 9 h 100
1020 16 10 l 100
1021 16 10 h 100
1476 16 11 l 100
1477 16 11 h 100
1446 16 12 l 100
1447 16 12 h 100
483 16 13 l 100
480 16 13 h 100
477 16 14 l 100
474 16 14 h 100
1596 16 15 l 100
1597 16 15 h 100
