tunnel_num s t prio weight
327 0 1 l 100
324 0 1 h 100
throttle 0 2 l 0.500000
823 0 2 l 100
824 0 2 h 100
throttle 0 3 l 0.592918
1347 0 3 l 21
1348 0 3 l 68
1349 0 3 l 9
1346 0 3 h 100
175 0 4 l 100
176 0 4 h 100
687 0 5 l 100
684 0 5 h 100
throttle 0 6 l 0.500000
1194 0 6 l 100
1194 0 6 h 100
42 0 7 l 100
42 0 7 h 100
throttle 0 8 l 0.500000
703 0 8 l 100
703 0 8 h 100
throttle 0 9 l 0.500000
1214 0 9 l 100
1213 0 9 h 100
throttle 0 10 l 0.600000
64 0 10 l 100
62 0 10 h 100
throttle 0 11 l 0.500000
579 0 11 l 100
577 0 11 h 100
1071 0 12 l 100
shutdown 0 12 h
1561 0 13 l 100
1562 0 13 h 100
throttle 0 14 l 0.600000
428 0 14 l 100
428 0 14 h 100
930 0 15 l 100
931 0 15 h 100
throttle 0 16 l 0.500000
1317 0 16 l 100
1315 0 16 h 100
696 1 0 l 100
696 1 0 h 100
1362 1 2 l 100
1362 1 2 h 100
837 1 3 l 100
835 1 3 h 100
1062 1 4 l 100
1062 1 4 h 100
570 1 5 l 100
570 1 5 h 100
54 1 6 l 100
54 1 6 h 100
1206 1 7 l 100
1207 1 7 h 100
1578 1 8 l 100
1579 1 8 h 100
1086 1 9 l 100
1086 1 9 h 100
588 1 10 l 100
588 1 10 h 100
78 1 11 l 100
79 1 11 h 100
338 1 12 l 100
338 1 12 h 100
1464 1 13 l 100
1464 1 13 h 100
945 1 14 l 100
942 1 14 h 100
444 1 15 l 100
444 1 15 h 100
546 1 16 l 100
546 1 16 h 100
1573 2 0 l 100
1574 2 0 h 100
438 2 1 l 100
438 2 1 h 100
1080 2 3 l 100
1080 2 3 h 100
1230 2 4 l 100
1230 2 4 h 100
72 2 5 l 100
72 2 5 h 100
208 2 6 l 100
204 2 6 h 100
720 2 7 l 100
721 2 7 h 100
858 2 8 l 100
859 2 8 h 100
1380 2 9 l 100
1380 2 9 h 100
1489 2 10 l 100
1489 2 10 h 100
362 2 11 l 100
362 2 11 h 100
465 2 12 l 100
463 2 12 h 100
960 2 13 l 100
960 2 13 h 100
1104 2 14 l 100
1104 2 14 h 100
1602 2 15 l 100
1602 2 15 h 100
1452 2 16 l 100
1452 2 16 h 100
853 3 0 l 100
854 3 0 h 100
354 3 1 l 100
355 3 1 h 100
198 3 2 l 100
198 3 2 h 100
1224 3 4 l 100
1226 3 4 h 100
714 3 5 l 100
714 3 5 h 100
582 3 6 l 100
583 3 6 h 100
69 3 7 l 100
67 3 7 h 100
1570 3 8 l 100
1566 3 8 h 100
1074 3 9 l 100
1075 3 9 h 100
936 3 10 l 100
937 3 10 h 100
435 3 11 l 100
432 3 11 h 100
333 3 12 l 100
331 3 12 h 100
1458 3 13 l 100
1459 3 13 h 100
1359 3 14 l 100
1356 3 14 h 100
828 3 15 l 100
829 3 15 h 100
978 3 16 l 100
979 3 16 h 100
throttle 4 0 l 0.400000
97 4 0 l 100
98 4 0 h 100
601 4 1 l 100
601 4 1 h 100
1098 4 2 l 100
1100 4 2 h 100
1590 4 3 l 100
1592 4 3 h 100
228 4 5 l 100
228 4 5 h 100
748 4 6 l 100
745 4 6 h 100
throttle 4 7 l 0.332809
1255 4 7 l 100
1255 4 7 h 100
846 4 8 l 100
846 4 8 h 100
1379 4 9 l 59
1374 4 9 l 40
1374 4 9 h 100
192 4 10 l 100
192 4 10 h 100
711 4 11 l 100
708 4 11 h 100
459 4 12 l 100
456 4 12 h 100
954 4 13 l 10
958 4 13 l 89
954 4 13 h 100
1482 4 14 l 100
1484 4 14 h 100
348 4 15 l 100
348 4 15 h 100
257 4 16 l 57
252 4 16 l 42
254 4 16 h 100
977 5 0 l 100
972 5 0 h 100
486 5 1 l 100
486 5 1 h 100
1616 5 2 l 100
1616 5 2 h 100
1123 5 3 l 100
1123 5 3 h 100
624 5 4 l 100
624 5 4 h 100
1281 5 6 l 100
1278 5 6 h 100
throttle 5 7 l 0.400000
771 5 7 l 100
769 5 7 h 100
90 5 8 l 100
91 5 8 h 100
1248 5 9 l 100
1249 5 9 h 100
738 5 10 l 100
739 5 10 h 100
225 5 11 l 100
224 5 11 h 100
1400 5 12 l 100
1400 5 12 h 100
877 5 13 l 100
876 5 13 h 100
367 5 14 l 100
366 5 14 h 100
1500 5 15 l 100
1500 5 15 h 100
1152 5 16 l 100
1152 5 16 h 100
246 6 0 l 100
246 6 0 h 100
762 6 1 l 100
762 6 1 h 100
888 6 2 l 100
888 6 2 h 100
1410 6 3 l 100
1411 6 3 h 100
618 6 4 l 100
618 6 4 h 100
1116 6 5 l 100
1116 6 5 h 100
120 6 7 l 100
120 6 7 h 100
1146 6 8 l 100
1147 6 8 h 100
6 6 9 l 100
6 6 9 h 100
144 6 10 l 100
144 6 10 h 100
648 6 11 l 100
649 6 11 h 100
1515 6 12 l 100
1514 6 12 h 100
378 6 13 l 100
378 6 13 h 100
504 6 14 l 100
504 6 14 h 100
996 6 15 l 100
996 6 15 h 100
396 6 16 l 100
396 6 16 h 100
1140 7 0 l 100
1140 7 0 h 100
642 7 1 l 100
643 7 1 h 100
501 7 2 l 100
499 7 2 h 100
0 7 3 l 100
1 7 3 h 100
787 7 4 l 100
787 7 4 h 100
273 7 5 l 100
271 7 5 h 100
138 7 6 l 100
138 7 6 h 100
390 7 8 l 100
391 7 8 h 100
throttle 7 9 l 0.500000
1528 7 9 l 100
1524 7 9 h 100
1428 7 10 l 100
1429 7 10 h 100
901 7 11 l 100
901 7 11 h 100
27 7 12 l 100
25 7 12 h 100
1180 7 13 l 100
1177 7 13 h 100
1030 7 14 l 100
1027 7 14 h 100
522 7 15 l 100
523 7 15 h 100
1320 7 16 l 100
1321 7 16 h 100
871 8 0 l 100
872 8 0 h 100
1395 8 1 l 100
1393 8 1 h 100
220 8 2 l 100
217 8 2 h 100
736 8 3 l 100
732 8 3 h 100
1242 8 4 l 100
1242 8 4 h 100
84 8 5 l 100
84 8 5 h 100
594 8 6 l 100
595 8 6 h 100
throttle 8 7 l 0.400000
1095 8 7 l 100
1092 8 7 h 100
450 8 9 l 100
451 8 9 h 100
948 8 10 l 100
948 8 10 h 100
1470 8 11 l 100
1470 8 11 h 100
342 8 12 l 100
342 8 12 h 100
841 8 13 l 100
841 8 13 h 100
1368 8 14 l 100
1368 8 14 h 100
186 8 15 l 100
187 8 15 h 100
990 8 16 l 100
991 8 16 h 100
109 9 0 l 100
109 9 0 h 100
1266 9 1 l 100
1266 9 1 h 100
750 9 2 l 100
750 9 2 h 100
240 9 3 l 74
243 9 3 l 25
241 9 3 h 100
468 9 4 l 100
468 9 4 h 100
1611 9 5 l 100
1608 9 5 h 100
1113 9 6 l 100
1110 9 6 h 100
throttle 9 7 l 0.400000
615 9 7 l 100
612 9 7 h 100
864 9 8 l 100
865 9 8 h 100
1494 9 10 l 100
1496 9 10 h 100
967 9 11 l 100
968 9 11 h 100
1237 9 12 l 100
1238 9 12 h 100
726 9 13 l 100
726 9 13 h 100
212 9 14 l 100
212 9 14 h 100
1386 9 15 l 100
1386 9 15 h 100
264 9 16 l 100
264 9 16 h 100
throttle 10 0 l 0.300000
988 10 0 l 100
986 10 0 h 100
1506 10 1 l 100
1506 10 1 h 100
1627 10 2 l 100
1627 10 2 h 100
493 10 3 l 100
493 10 3 h 100
638 10 4 l 100
636 10 4 h 100
1135 10 5 l 100
1135 10 5 h 100
1290 10 6 l 100
1290 10 6 h 100
throttle 10 7 l 0.400000
136 10 7 l 100
133 10 7 h 100
102 10 8 l 100
102 10 8 h 100
608 10 9 l 100
608 10 9 h 100
1260 10 11 l 100
1260 10 11 h 100
1404 10 12 l 100
1404 10 12 h 100
235 10 13 l 100
235 10 13 h 100
375 10 14 l 13
376 10 14 l 86
374 10 14 h 100
883 10 15 l 100
884 10 15 h 100
1170 10 16 l 100
1172 10 16 h 100
261 11 0 l 100
259 11 0 h 100
1416 11 1 l 100
1417 11 1 h 100
1284 11 2 l 100
1286 11 2 h 100
777 11 3 l 100
774 11 3 h 100
630 11 4 l 100
630 11 4 h 100
126 11 5 l 100
126 11 5 h 100
1620 11 6 l 100
1621 11 6 h 100
1131 11 7 l 100
1128 11 7 h 100
1164 11 8 l 100
1164 11 8 h 100
661 11 9 l 100
662 11 9 h 100
516 11 10 l 100
516 11 10 h 100
1518 11 12 l 100
1518 11 12 h 100
1015 11 13 l 100
1016 11 13 h 100
897 11 14 l 100
895 11 14 h 100
385 11 15 l 100
386 11 15 h 100
415 11 16 l 100
416 11 16 h 100
throttle 12 0 l 0.300000
1161 12 0 l 100
shutdown 12 0 h
17 12 1 l 100
14 12 1 h 100
throttle 12 2 l 0.239276
513 12 2 l 100
511 12 2 h 100
throttle 12 3 l 0.200000
1011 12 3 l 100
1009 12 3 h 100
throttle 12 4 l 0.200000
798 12 4 l 100
798 12 4 h 100
throttle 12 5 l 0.200000
1311 12 5 l 100
1310 12 5 h 100
throttle 12 6 l 0.200000
152 12 6 l 100
152 12 6 h 100
throttle 12 7 l 0.400000
657 12 7 l 66
659 12 7 l 33
shutdown 12 7 h
411 12 8 l 100
408 12 8 h 100
throttle 12 9 l 0.200000
914 12 9 l 100
914 12 9 h 100
1434 12 10 l 100
1434 12 10 h 100
282 12 11 l 100
282 12 11 h 100
throttle 12 13 l 0.200000
544 12 13 l 12
543 12 13 l 87
542 12 13 h 100
throttle 12 14 l 0.200000
1047 12 14 l 100
1046 12 14 h 100
1544 12 15 l 100
1544 12 15 h 100
1341 12 16 l 100
1339 12 16 h 100
407 13 0 l 100
404 13 0 h 100
1536 13 1 l 100
1537 13 1 h 100
1038 13 2 l 100
1039 13 2 h 100
539 13 3 l 100
534 13 3 h 100
36 13 4 l 100
36 13 4 h 100
1188 13 5 l 100
1188 13 5 h 100
683 13 6 l 100
679 13 6 h 100
throttle 13 7 l 0.400000
168 13 7 l 100
169 13 7 h 100
1332 13 8 l 100
1333 13 8 h 100
816 13 9 l 100
816 13 9 h 100
313 13 10 l 100
314 13 10 h 100
1441 13 11 l 100
1442 13 11 h 100
925 13 12 l 100
926 13 12 h 100
1554 13 14 l 100
1554 13 14 h 100
1056 13 15 l 100
1056 13 15 h 100
564 13 16 l 100
564 13 16 h 100
1328 14 0 l 100
1328 14 0 h 100
162 14 1 l 100
162 14 1 h 100
308 14 2 l 100
308 14 2 h 100
810 14 3 l 100
811 14 3 h 100
32 14 4 l 100
32 14 4 h 100
528 14 5 l 100
528 14 5 h 100
672 14 6 l 100
672 14 6 h 100
throttle 14 7 l 0.400000
1183 14 7 l 100
1183 14 7 h 100
780 14 8 l 100
781 14 8 h 100
906 14 9 l 100
908 14 9 h 100
1033 14 10 l 100
1034 14 10 h 100
1531 14 11 l 100
1532 14 11 h 100
795 14 12 l 100
794 14 12 h 100
1302 14 13 l 100
1302 14 13 h 100
276 14 15 l 100
276 14 15 h 100
319 14 16 l 100
318 14 16 h 100
558 15 0 l 100
559 15 0 h 100
48 15 1 l 100
48 15 1 h 100
1552 15 2 l 100
1548 15 2 h 100
1055 15 3 l 100
1051 15 3 h 100
181 15 4 l 100
180 15 4 h 100
1350 15 5 l 100
1350 15 5 h 100
1200 15 6 l 100
1200 15 6 h 100
690 15 7 l 100
691 15 7 h 100
1218 15 8 l 100
1219 15 8 h 100
806 15 9 l 100
805 15 9 h 100
670 15 10 l 100
668 15 10 h 100
157 15 11 l 100
158 15 11 h 100
923 15 12 l 100
920 15 12 h 100
420 15 13 l 100
420 15 13 h 100
300 15 14 l 100
300 15 14 h 100
756 15 16 l 100
756 15 16 h 100
1585 16 0 l 100
1585 16 0 h 100
288 16 1 l 100
288 16 1 h 100
1296 16 2 l 100
1296 16 2 h 100
114 16 3 l 100
115 16 3 h 100
556 16 4 l 100
554 16 4 h 100
294 16 5 l 100
294 16 5 h 100
18 16 6 l 100
18 16 6 h 100
1425 16 7 l 100
1423 16 7 h 100
1275 16 8 l 100
1273 16 8 h 100
1002 16 9 l 100
1002 16 9 h 100
1020 16 10 l 100
1022 16 10 h 100
1477 16 11 l 100
1478 16 11 h 100
1447 16 12 l 100
1447 16 12 h 100
480 16 13 l 100
480 16 13 h 100
475 16 14 l 100
474 16 14 h 100
1596 16 15 l 100
1596 16 15 h 100
