tunnel_num s t prio weight
324 0 1 l 100
324 0 1 h 100
822 0 2 l 100
822 0 2 h 100
1344 0 3 l 100
1344 0 3 h 100
176 0 4 l 100
176 0 4 h 100
684 0 5 l 100
684 0 5 h 100
1194 0 6 l 100
1194 0 6 h 100
42 0 7 l 100
42 0 7 h 100
704 0 8 l 100
704 0 8 h 100
1212 0 9 l 100
1212 0 9 h 100
61 0 10 l 100
62 0 10 h 100
581 0 11 l 100
578 0 11 h 100
1068 0 12 l 100
1068 0 12 h 78
1070 0 12 h 21
1560 0 13 l 100
1562 0 13 h 100
428 0 14 l 65
429 0 14 l 34
428 0 14 h 100
930 0 15 l 100
931 0 15 h 100
1314 0 16 l 100
1315 0 16 h 100
696 1 0 l 100
696 1 0 h 100
1364 1 2 l 100
1364 1 2 h 100
836 1 3 l 100
836 1 3 h 100
1065 1 4 l 100
1063 1 4 h 100
573 1 5 l 100
570 1 5 h 100
54 1 6 l 100
54 1 6 h 100
1206 1 7 l 100
1206 1 7 h 100
1579 1 8 l 100
1580 1 8 h 100
1086 1 9 l 100
1086 1 9 h 100
588 1 10 l 100
590 1 10 h 100
79 1 11 l 100
80 1 11 h 100
336 1 12 l 100
337 1 12 h 100
1464 1 13 l 100
1465 1 13 h 100
942 1 14 l 100
944 1 14 h 100
444 1 15 l 100
445 1 15 h 100
546 1 16 l 100
546 1 16 h 100
1572 2 0 l 100
1572 2 0 h 100
441 2 1 l 100
440 2 1 h 100
1080 2 3 l 100
1080 2 3 h 100
1232 2 4 l 100
1232 2 4 h 100
74 2 5 l 100
74 2 5 h 100
208 2 6 l 100
206 2 6 h 100
722 2 7 l 100
722 2 7 h 100
860 2 8 l 100
860 2 8 h 100
1380 2 9 l 100
1380 2 9 h 100
1489 2 10 l 100
1490 2 10 h 100
361 2 11 l 100
362 2 11 h 100
462 2 12 l 100
462 2 12 h 100
963 2 13 l 100
960 2 13 h 100
1107 2 14 l 100
1106 2 14 h 100
1604 2 15 l 100
1604 2 15 h 100
1452 2 16 l 100
1452 2 16 h 100
852 3 0 l 100
852 3 0 h 100
356 3 1 l 100
356 3 1 h 100
198 3 2 l 100
198 3 2 h 100
1229 3 4 l 100
shutdown 3 4 h
716 3 5 l 100
716 3 5 h 100
584 3 6 l 100
584 3 6 h 100
68 3 7 l 100
68 3 7 h 100
1568 3 8 l 100
1568 3 8 h 100
1074 3 9 l 100
1074 3 9 h 100
938 3 10 l 100
938 3 10 h 100
436 3 11 l 100
433 3 11 h 100
333 3 12 l 100
330 3 12 h 100
1458 3 13 l 100
1458 3 13 h 100
1359 3 14 l 100
1358 3 14 h 100
830 3 15 l 100
830 3 15 h 100
980 3 16 l 100
980 3 16 h 100
throttle 4 0 l 0.500000
99 4 0 l 100
98 4 0 h 100
601 4 1 l 100
601 4 1 h 100
throttle 4 2 l 0.400000
1100 4 2 l 18
1102 4 2 l 81
1100 4 2 h 100
throttle 4 3 l 0.400000
1594 4 3 l 100
shutdown 4 3 h
231 4 5 l 100
228 4 5 h 100
745 4 6 l 100
745 4 6 h 100
1255 4 7 l 55
1257 4 7 l 44
1255 4 7 h 100
846 4 8 l 100
847 4 8 h 100
throttle 4 9 l 0.400000
1379 4 9 l 100
1376 4 9 h 100
192 4 10 l 100
192 4 10 h 100
708 4 11 l 100
709 4 11 h 100
456 4 12 l 100
457 4 12 h 100
957 4 13 l 100
954 4 13 h 100
1482 4 14 l 78
1486 4 14 l 21
1482 4 14 h 100
348 4 15 l 100
350 4 15 h 100
255 4 16 l 100
254 4 16 h 100
976 5 0 l 100
972 5 0 h 100
489 5 1 l 100
486 5 1 h 100
throttle 5 2 l 0.400000
1616 5 2 l 100
1616 5 2 h 100
throttle 5 3 l 0.400000
1127 5 3 l 100
1124 5 3 h 100
627 5 4 l 100
624 5 4 h 100
1281 5 6 l 100
1278 5 6 h 100
771 5 7 l 100
768 5 7 h 100
90 5 8 l 100
92 5 8 h 100
1253 5 9 l 100
1249 5 9 h 100
738 5 10 l 100
739 5 10 h 100
225 5 11 l 100
223 5 11 h 100
1400 5 12 l 100
1400 5 12 h 100
877 5 13 l 100
877 5 13 h 100
366 5 14 l 100
367 5 14 h 100
1500 5 15 l 100
1501 5 15 h 100
1152 5 16 l 100
1152 5 16 h 100
246 6 0 l 100
246 6 0 h 100
762 6 1 l 100
762 6 1 h 100
890 6 2 l 100
890 6 2 h 100
1412 6 3 l 100
1412 6 3 h 100
619 6 4 l 100
619 6 4 h 100
1119 6 5 l 100
1116 6 5 h 100
120 6 7 l 100
120 6 7 h 100
1147 6 8 l 100
1148 6 8 h 100
6 6 9 l 100
6 6 9 h 100
144 6 10 l 100
146 6 10 h 100
649 6 11 l 100
650 6 11 h 100
1512 6 12 l 100
1513 6 12 h 100
378 6 13 l 100
379 6 13 h 100
504 6 14 l 100
506 6 14 h 100
996 6 15 l 100
997 6 15 h 100
396 6 16 l 100
396 6 16 h 100
1140 7 0 l 100
1140 7 0 h 100
642 7 1 l 100
642 7 1 h 100
500 7 2 l 100
500 7 2 h 100
2 7 3 l 100
2 7 3 h 100
790 7 4 l 100
787 7 4 h 100
273 7 5 l 100
270 7 5 h 100
138 7 6 l 100
138 7 6 h 100
391 7 8 l 100
392 7 8 h 100
1526 7 9 l 100
1526 7 9 h 100
1431 7 10 l 100
1428 7 10 h 100
901 7 11 l 100
902 7 11 h 100
24 7 12 l 100
24 7 12 h 33
26 7 12 h 66
1180 7 13 l 100
1176 7 13 h 100
1029 7 14 l 100
1026 7 14 h 100
522 7 15 l 100
523 7 15 h 100
1320 7 16 l 100
1322 7 16 h 100
872 8 0 l 100
872 8 0 h 100
1395 8 1 l 100
1394 8 1 h 100
throttle 8 2 l 0.400000
218 8 2 l 100
218 8 2 h 100
734 8 3 l 100
734 8 3 h 100
1242 8 4 l 100
1243 8 4 h 100
87 8 5 l 100
86 8 5 h 100
598 8 6 l 100
596 8 6 h 100
throttle 8 7 l 0.447079
1095 8 7 l 100
1094 8 7 h 100
452 8 9 l 100
452 8 9 h 100
948 8 10 l 100
948 8 10 h 100
1470 8 11 l 100
1471 8 11 h 100
342 8 12 l 100
343 8 12 h 100
842 8 13 l 100
842 8 13 h 100
1368 8 14 l 100
1370 8 14 h 100
186 8 15 l 100
188 8 15 h 100
992 8 16 l 100
992 8 16 h 100
108 9 0 l 100
108 9 0 h 100
1266 9 1 l 100
1266 9 1 h 100
750 9 2 l 100
750 9 2 h 100
240 9 3 l 100
240 9 3 h 100
470 9 4 l 100
470 9 4 h 100
1611 9 5 l 100
1609 9 5 h 100
1110 9 6 l 100
1110 9 6 h 100
614 9 7 l 100
614 9 7 h 100
867 9 8 l 100
866 9 8 h 100
1494 9 10 l 100
1495 9 10 h 100
967 9 11 l 100
967 9 11 h 100
1240 9 12 l 100
1237 9 12 h 100
726 9 13 l 100
728 9 13 h 100
212 9 14 l 100
211 9 14 h 100
1387 9 15 l 100
1387 9 15 h 100
264 9 16 l 100
264 9 16 h 100
throttle 10 0 l 0.400000
985 10 0 l 100
986 10 0 h 100
1509 10 1 l 100
1508 10 1 h 100
throttle 10 2 l 0.400000
1627 10 2 l 100
1627 10 2 h 100
throttle 10 3 l 0.400000
494 10 3 l 100
494 10 3 h 100
636 10 4 l 100
636 10 4 h 100
1135 10 5 l 100
1134 10 5 h 100
1295 10 6 l 100
1292 10 6 h 100
132 10 7 l 78
135 10 7 l 21
132 10 7 h 100
102 10 8 l 100
102 10 8 h 100
throttle 10 9 l 0.400000
606 10 9 l 100
606 10 9 h 100
1264 10 11 l 100
1261 10 11 h 100
1405 10 12 l 100
1404 10 12 h 100
239 10 13 l 100
235 10 13 h 100
373 10 14 l 75
376 10 14 l 24
372 10 14 h 100
882 10 15 l 100
882 10 15 h 100
1170 10 16 l 100
1170 10 16 h 100
260 11 0 l 100
260 11 0 h 100
1417 11 1 l 100
1418 11 1 h 100
1286 11 2 l 100
1286 11 2 h 100
778 11 3 l 100
775 11 3 h 100
630 11 4 l 100
631 11 4 h 100
127 11 5 l 100
127 11 5 h 100
1621 11 6 l 100
1622 11 6 h 100
1131 11 7 l 100
1129 11 7 h 100
1164 11 8 l 100
1165 11 8 h 100
661 11 9 l 100
661 11 9 h 100
516 11 10 l 100
516 11 10 h 100
1518 11 12 l 100
1518 11 12 h 100
1014 11 13 l 100
1014 11 13 h 100
897 11 14 l 100
895 11 14 h 100
384 11 15 l 100
385 11 15 h 100
414 11 16 l 100
415 11 16 h 100
1163 12 0 l 100
1160 12 0 h 100
15 12 1 l 100
13 12 1 h 100
throttle 12 2 l 0.400000
513 12 2 l 100
510 12 2 h 100
throttle 12 3 l 0.400000
1011 12 3 l 100
1008 12 3 h 100
798 12 4 l 100
799 12 4 h 100
1312 12 5 l 100
1310 12 5 h 100
154 12 6 l 100
151 12 6 h 100
throttle 12 7 l 0.400000
658 12 7 l 100
655 12 7 h 100
408 12 8 l 100
409 12 8 h 100
throttle 12 9 l 0.400000
913 12 9 l 100
913 12 9 h 100
1434 12 10 l 100
1434 12 10 h 100
282 12 11 l 100
282 12 11 h 100
544 12 13 l 35
541 12 13 l 64
540 12 13 h 100
1047 12 14 l 100
1044 12 14 h 100
1542 12 15 l 100
1542 12 15 h 100
1338 12 16 l 100
1339 12 16 h 100
402 13 0 l 100
402 13 0 h 100
1536 13 1 l 100
1537 13 1 h 100
throttle 13 2 l 0.400000
1041 13 2 l 100
1038 13 2 h 100
throttle 13 3 l 0.400000
538 13 3 l 100
534 13 3 h 100
39 13 4 l 100
36 13 4 h 100
1189 13 5 l 100
1189 13 5 h 100
679 13 6 l 100
679 13 6 h 100
throttle 13 7 l 0.400000
170 13 7 l 100
169 13 7 h 100
1332 13 8 l 100
1334 13 8 h 100
throttle 13 9 l 0.500000
819 13 9 l 100
818 13 9 h 100
312 13 10 l 100
314 13 10 h 100
1440 13 11 l 100
1441 13 11 h 100
924 13 12 l 100
924 13 12 h 100
1555 13 14 l 100
1554 13 14 h 100
1056 13 15 l 100
1056 13 15 h 100
564 13 16 l 100
565 13 16 h 100
1326 14 0 l 100
1328 14 0 h 100
162 14 1 l 100
164 14 1 h 100
308 14 2 l 100
308 14 2 h 100
812 14 3 l 100
812 14 3 h 100
34 14 4 l 100
30 14 4 h 100
528 14 5 l 100
529 14 5 h 100
677 14 6 l 100
674 14 6 h 100
throttle 14 7 l 0.400000
1186 14 7 l 100
1182 14 7 h 100
782 14 8 l 100
782 14 8 h 100
907 14 9 l 100
908 14 9 h 100
1032 14 10 l 100
1032 14 10 h 100
1530 14 11 l 100
1531 14 11 h 100
792 14 12 l 100
792 14 12 h 100
1305 14 13 l 100
1303 14 13 h 100
276 14 15 l 100
277 14 15 h 100
319 14 16 l 100
319 14 16 h 100
563 15 0 l 100
558 15 0 h 100
48 15 1 l 100
49 15 1 h 100
throttle 15 2 l 0.400000
1550 15 2 l 100
1550 15 2 h 100
throttle 15 3 l 0.400000
1055 15 3 l 100
1052 15 3 h 100
180 15 4 l 100
182 15 4 h 100
1350 15 5 l 100
1351 15 5 h 100
1200 15 6 l 100
1200 15 6 h 100
693 15 7 l 100
690 15 7 h 100
1218 15 8 l 100
1220 15 8 h 100
throttle 15 9 l 0.400000
805 15 9 l 100
805 15 9 h 100
667 15 10 l 100
666 15 10 h 100
156 15 11 l 100
157 15 11 h 100
918 15 12 l 100
918 15 12 h 100
420 15 13 l 100
420 15 13 h 100
301 15 14 l 100
301 15 14 h 100
758 15 16 l 100
756 15 16 h 100
1584 16 0 l 100
1585 16 0 h 100
288 16 1 l 100
288 16 1 h 100
1296 16 2 l 100
1296 16 2 h 100
116 16 3 l 100
116 16 3 h 100
554 16 4 l 100
554 16 4 h 100
294 16 5 l 100
294 16 5 h 100
18 16 6 l 100
18 16 6 h 100
1425 16 7 l 100
1424 16 7 h 100
1274 16 8 l 100
1274 16 8 h 100
1002 16 9 l 95
1005 16 9 l 4
1002 16 9 h 100
1020 16 10 l 100
1021 16 10 h 100
1476 16 11 l 100
1477 16 11 h 100
1446 16 12 l 100
1446 16 12 h 100
480 16 13 l 100
481 16 13 h 100
475 16 14 l 100
474 16 14 h 100
1596 16 15 l 100
1596 16 15 h 100
