tunnel_num s t prio weight
324 0 1 l 100
324 0 1 h 100
throttle 0 2 l 0.630606
823 0 2 l 100
823 0 2 h 100
throttle 0 3 l 0.600000
1346 0 3 l 60
1348 0 3 l 39
1345 0 3 h 100
175 0 4 l 100
175 0 4 h 100
689 0 5 l 100
684 0 5 h 100
throttle 0 6 l 0.600000
1194 0 6 l 100
1194 0 6 h 100
42 0 7 l 100
42 0 7 h 100
703 0 8 l 100
703 0 8 h 100
throttle 0 9 l 0.600000
1213 0 9 l 100
1214 0 9 h 100
throttle 0 10 l 0.600000
62 0 10 l 100
62 0 10 h 100
throttle 0 11 l 0.600000
579 0 11 l 100
577 0 11 h 100
1071 0 12 l 100
1070 0 12 h 100
1562 0 13 l 100
1562 0 13 h 100
throttle 0 14 l 0.700000
430 0 14 l 100
426 0 14 h 100
935 0 15 l 100
931 0 15 h 100
throttle 0 16 l 0.600000
1315 0 16 l 100
1315 0 16 h 100
696 1 0 l 100
696 1 0 h 100
1364 1 2 l 100
1362 1 2 h 100
834 1 3 l 100
835 1 3 h 100
1062 1 4 l 100
1062 1 4 h 100
570 1 5 l 100
570 1 5 h 100
54 1 6 l 100
54 1 6 h 100
1206 1 7 l 100
1206 1 7 h 100
1578 1 8 l 100
1578 1 8 h 100
1087 1 9 l 100
1086 1 9 h 100
590 1 10 l 100
589 1 10 h 100
78 1 11 l 100
78 1 11 h 100
336 1 12 l 100
336 1 12 h 100
1464 1 13 l 100
1464 1 13 h 100
945 1 14 l 100
943 1 14 h 100
445 1 15 l 100
446 1 15 h 100
546 1 16 l 100
546 1 16 h 100
1573 2 0 l 100
1574 2 0 h 100
439 2 1 l 100
438 2 1 h 100
1080 2 3 l 100
1080 2 3 h 100
1230 2 4 l 100
1230 2 4 h 100
73 2 5 l 100
72 2 5 h 100
206 2 6 l 100
204 2 6 h 100
721 2 7 l 100
721 2 7 h 100
858 2 8 l 100
858 2 8 h 100
1380 2 9 l 100
1381 2 9 h 100
1488 2 10 l 100
1488 2 10 h 100
360 2 11 l 100
360 2 11 h 100
462 2 12 l 100
463 2 12 h 100
960 2 13 l 100
960 2 13 h 100
1109 2 14 l 100
1106 2 14 h 100
1606 2 15 l 100
1602 2 15 h 100
1452 2 16 l 100
1453 2 16 h 100
856 3 0 l 100
854 3 0 h 100
354 3 1 l 100
355 3 1 h 100
198 3 2 l 100
198 3 2 h 100
1228 3 4 l 100
1226 3 4 h 100
714 3 5 l 100
714 3 5 h 100
582 3 6 l 100
583 3 6 h 100
67 3 7 l 100
67 3 7 h 100
1566 3 8 l 100
1568 3 8 h 100
1077 3 9 l 100
1075 3 9 h 100
936 3 10 l 100
937 3 10 h 100
432 3 11 l 100
433 3 11 h 100
330 3 12 l 100
331 3 12 h 100
1458 3 13 l 100
1459 3 13 h 100
1357 3 14 l 100
1356 3 14 h 100
831 3 15 l 100
828 3 15 h 100
981 3 16 l 100
979 3 16 h 100
throttle 4 0 l 0.497896
98 4 0 l 100
98 4 0 h 100
601 4 1 l 100
600 4 1 h 100
1100 4 2 l 100
1099 4 2 h 100
1590 4 3 l 100
1592 4 3 h 58
1590 4 3 h 41
230 4 5 l 100
229 4 5 h 100
744 4 6 l 100
745 4 6 h 100
throttle 4 7 l 0.500000
1254 4 7 l 100
1255 4 7 h 100
846 4 8 l 100
848 4 8 h 100
1376 4 9 l 59
1378 4 9 l 40
1375 4 9 h 100
192 4 10 l 100
192 4 10 h 100
708 4 11 l 100
708 4 11 h 100
456 4 12 l 36
461 4 12 l 63
457 4 12 h 100
956 4 13 l 100
954 4 13 h 100
1483 4 14 l 67
1486 4 14 l 32
1482 4 14 h 100
348 4 15 l 100
348 4 15 h 100
255 4 16 l 100
252 4 16 h 100
977 5 0 l 100
972 5 0 h 100
486 5 1 l 100
486 5 1 h 100
1615 5 2 l 100
1616 5 2 h 100
1123 5 3 l 27
1125 5 3 l 72
1122 5 3 h 100
624 5 4 l 100
624 5 4 h 100
1278 5 6 l 100
1278 5 6 h 100
throttle 5 7 l 0.500000
773 5 7 l 100
769 5 7 h 100
90 5 8 l 100
90 5 8 h 100
1248 5 9 l 100
1250 5 9 h 100
743 5 10 l 100
738 5 10 h 100
222 5 11 l 100
222 5 11 h 100
1399 5 12 l 100
1398 5 12 h 100
879 5 13 l 100
876 5 13 h 100
369 5 14 l 100
366 5 14 h 100
1500 5 15 l 100
1500 5 15 h 100
1152 5 16 l 100
1153 5 16 h 100
246 6 0 l 100
246 6 0 h 100
764 6 1 l 100
762 6 1 h 100
888 6 2 l 100
888 6 2 h 100
1410 6 3 l 100
1410 6 3 h 100
620 6 4 l 100
618 6 4 h 100
1116 6 5 l 100
1116 6 5 h 100
120 6 7 l 100
120 6 7 h 100
1146 6 8 l 100
1146 6 8 h 100
6 6 9 l 100
6 6 9 h 100
144 6 10 l 100
144 6 10 h 100
648 6 11 l 100
650 6 11 h 100
1512 6 12 l 100
1512 6 12 h 100
378 6 13 l 100
378 6 13 h 100
504 6 14 l 100
505 6 14 h 100
997 6 15 l 100
998 6 15 h 100
396 6 16 l 100
398 6 16 h 100
1140 7 0 l 100
1140 7 0 h 100
642 7 1 l 100
642 7 1 h 100
throttle 7 2 l 0.600000
498 7 2 l 100
498 7 2 h 100
4 7 3 l 100
0 7 3 h 100
790 7 4 l 100
786 7 4 h 100
271 7 5 l 100
271 7 5 h 100
138 7 6 l 100
138 7 6 h 100
390 7 8 l 100
390 7 8 h 100
throttle 7 9 l 0.600000
1524 7 9 l 100
1525 7 9 h 100
1428 7 10 l 100
1429 7 10 h 100
900 7 11 l 100
900 7 11 h 100
25 7 12 l 100
25 7 12 h 100
throttle 7 13 l 0.600000
1176 7 13 l 100
1177 7 13 h 100
throttle 7 14 l 0.600000
1029 7 14 l 100
1027 7 14 h 100
523 7 15 l 100
523 7 15 h 100
1320 7 16 l 100
1321 7 16 h 100
871 8 0 l 100
872 8 0 h 100
1395 8 1 l 100
1392 8 1 h 100
216 8 2 l 100
216 8 2 h 100
732 8 3 l 100
734 8 3 h 100
1243 8 4 l 100
1242 8 4 h 100
84 8 5 l 100
86 8 5 h 100
594 8 6 l 100
594 8 6 h 100
throttle 8 7 l 0.500000
1095 8 7 l 100
1092 8 7 h 7
1094 8 7 h 92
450 8 9 l 100
452 8 9 h 100
948 8 10 l 100
948 8 10 h 100
1470 8 11 l 100
1471 8 11 h 100
342 8 12 l 100
344 8 12 h 100
842 8 13 l 100
840 8 13 h 100
1370 8 14 l 100
1370 8 14 h 100
188 8 15 l 100
188 8 15 h 100
990 8 16 l 100
990 8 16 h 100
109 9 0 l 100
110 9 0 h 100
1266 9 1 l 100
1268 9 1 h 100
751 9 2 l 100
750 9 2 h 100
240 9 3 l 9
241 9 3 l 90
241 9 3 h 100
468 9 4 l 100
468 9 4 h 100
1609 9 5 l 100
1608 9 5 h 100
1111 9 6 l 100
1110 9 6 h 100
throttle 9 7 l 0.400000
612 9 7 l 100
613 9 7 h 100
864 9 8 l 100
864 9 8 h 100
1494 9 10 l 100
1494 9 10 h 100
966 9 11 l 100
967 9 11 h 100
1236 9 12 l 100
1236 9 12 h 100
726 9 13 l 100
727 9 13 h 100
210 9 14 l 100
211 9 14 h 100
1386 9 15 l 100
1386 9 15 h 100
265 9 16 l 100
265 9 16 h 100
986 10 0 l 100
986 10 0 h 100
1506 10 1 l 100
1507 10 1 h 100
1628 10 2 l 100
1627 10 2 h 100
493 10 3 l 100
493 10 3 h 100
637 10 4 l 100
638 10 4 h 100
1135 10 5 l 100
1134 10 5 h 100
1290 10 6 l 100
1290 10 6 h 100
throttle 10 7 l 0.500000
137 10 7 l 100
132 10 7 h 100
105 10 8 l 100
102 10 8 h 100
608 10 9 l 100
606 10 9 h 100
1260 10 11 l 100
1260 10 11 h 100
1404 10 12 l 87
1406 10 12 l 12
1404 10 12 h 100
235 10 13 l 30
238 10 13 l 69
236 10 13 h 100
375 10 14 l 100
372 10 14 h 100
882 10 15 l 100
884 10 15 h 100
1174 10 16 l 100
1170 10 16 h 100
261 11 0 l 100
259 11 0 h 100
1416 11 1 l 100
1416 11 1 h 100
1284 11 2 l 100
1284 11 2 h 100
774 11 3 l 100
775 11 3 h 100
630 11 4 l 100
630 11 4 h 100
126 11 5 l 100
128 11 5 h 100
1620 11 6 l 100
1620 11 6 h 100
1128 11 7 l 100
1129 11 7 h 100
1164 11 8 l 100
1164 11 8 h 100
663 11 9 l 100
662 11 9 h 100
516 11 10 l 100
516 11 10 h 100
1520 11 12 l 100
1518 11 12 h 100
1014 11 13 l 100
1014 11 13 h 100
894 11 14 l 100
896 11 14 h 100
384 11 15 l 100
385 11 15 h 100
414 11 16 l 100
414 11 16 h 100
1161 12 0 l 100
1160 12 0 h 100
15 12 1 l 100
14 12 1 h 100
512 12 2 l 100
512 12 2 h 100
1011 12 3 l 100
1008 12 3 h 7
1009 12 3 h 92
803 12 4 l 100
798 12 4 h 100
1313 12 5 l 100
1308 12 5 h 100
150 12 6 l 100
152 12 6 h 100
throttle 12 7 l 0.500000
654 12 7 l 45
659 12 7 l 54
655 12 7 h 100
408 12 8 l 100
408 12 8 h 100
912 12 9 l 100
914 12 9 h 100
1434 12 10 l 100
1436 12 10 h 100
285 12 11 l 100
282 12 11 h 100
541 12 13 l 100
541 12 13 h 100
1046 12 14 l 100
1044 12 14 h 100
1544 12 15 l 100
1544 12 15 h 100
1340 12 16 l 100
1339 12 16 h 100
404 13 0 l 100
404 13 0 h 100
1536 13 1 l 100
1537 13 1 h 100
1038 13 2 l 100
1039 13 2 h 100
535 13 3 l 100
535 13 3 h 100
36 13 4 l 100
36 13 4 h 100
1188 13 5 l 100
1188 13 5 h 100
679 13 6 l 100
678 13 6 h 100
169 13 7 l 41
171 13 7 l 58
169 13 7 h 100
1332 13 8 l 100
1332 13 8 h 100
817 13 9 l 100
817 13 9 h 100
312 13 10 l 100
313 13 10 h 100
1440 13 11 l 100
1442 13 11 h 100
929 13 12 l 7
924 13 12 l 92
924 13 12 h 100
1556 13 14 l 100
1555 13 14 h 100
1059 13 15 l 100
1056 13 15 h 100
564 13 16 l 100
564 13 16 h 100
1330 14 0 l 100
1326 14 0 h 100
162 14 1 l 100
162 14 1 h 100
308 14 2 l 100
307 14 2 h 100
810 14 3 l 100
810 14 3 h 100
30 14 4 l 100
30 14 4 h 100
533 14 5 l 100
528 14 5 h 100
672 14 6 l 100
673 14 6 h 100
1185 14 7 l 100
1183 14 7 h 100
780 14 8 l 100
780 14 8 h 100
907 14 9 l 100
906 14 9 h 100
1032 14 10 l 100
1032 14 10 h 100
1530 14 11 l 100
1530 14 11 h 100
792 14 12 l 100
792 14 12 h 100
1303 14 13 l 100
1303 14 13 h 100
276 14 15 l 100
276 14 15 h 100
319 14 16 l 100
318 14 16 h 100
563 15 0 l 100
559 15 0 h 100
50 15 1 l 100
49 15 1 h 100
1552 15 2 l 100
1548 15 2 h 100
1053 15 3 l 100
1050 15 3 h 100
180 15 4 l 100
180 15 4 h 100
1355 15 5 l 100
1350 15 5 h 100
1205 15 6 l 100
1202 15 6 h 100
695 15 7 l 100
691 15 7 h 100
1220 15 8 l 100
1220 15 8 h 100
809 15 9 l 100
804 15 9 h 100
670 15 10 l 100
668 15 10 h 100
156 15 11 l 100
157 15 11 h 100
920 15 12 l 100
920 15 12 h 100
420 15 13 l 100
420 15 13 h 100
300 15 14 l 100
300 15 14 h 100
757 15 16 l 100
758 15 16 h 100
1589 16 0 l 100
1585 16 0 h 100
288 16 1 l 100
289 16 1 h 100
1296 16 2 l 100
1298 16 2 h 100
114 16 3 l 100
115 16 3 h 100
554 16 4 l 100
552 16 4 h 100
294 16 5 l 100
294 16 5 h 100
18 16 6 l 100
18 16 6 h 100
1422 16 7 l 100
1423 16 7 h 100
1272 16 8 l 100
1272 16 8 h 100
1002 16 9 l 100
1002 16 9 h 100
1020 16 10 l 100
1020 16 10 h 100
1481 16 11 l 100
1476 16 11 h 100
1446 16 12 l 100
1448 16 12 h 100
480 16 13 l 100
480 16 13 h 100
476 16 14 l 100
474 16 14 h 100
1597 16 15 l 100
1598 16 15 h 100
