tunnel_num s t prio weight
324 0 1 l 100
324 0 1 h 100
throttle 0 2 l 0.700000
826 0 2 l 100
824 0 2 h 100
throttle 0 3 l 0.800000
1348 0 3 l 100
1346 0 3 h 100
175 0 4 l 100
176 0 4 h 100
687 0 5 l 100
684 0 5 h 100
throttle 0 6 l 0.700000
1194 0 6 l 100
1194 0 6 h 100
42 0 7 l 100
42 0 7 h 100
703 0 8 l 100
703 0 8 h 100
1216 0 9 l 23
1217 0 9 l 25
1214 0 9 l 51
1214 0 9 h 100
throttle 0 10 l 0.700000
64 0 10 l 86
63 0 10 l 13
62 0 10 h 100
throttle 0 11 l 0.700000
577 0 11 l 100
577 0 11 h 100
1070 0 12 l 100
1070 0 12 h 100
1565 0 13 l 100
1561 0 13 h 100
throttle 0 14 l 0.713932
428 0 14 l 100
428 0 14 h 100
931 0 15 l 100
931 0 15 h 100
1315 0 16 l 100
1315 0 16 h 100
696 1 0 l 100
696 1 0 h 100
1364 1 2 l 100
1362 1 2 h 100
837 1 3 l 100
835 1 3 h 100
1062 1 4 l 100
1062 1 4 h 100
570 1 5 l 100
570 1 5 h 100
54 1 6 l 100
54 1 6 h 100
1206 1 7 l 100
1207 1 7 h 100
1578 1 8 l 100
1578 1 8 h 100
1086 1 9 l 100
1086 1 9 h 100
588 1 10 l 100
588 1 10 h 100
78 1 11 l 100
78 1 11 h 100
336 1 12 l 100
338 1 12 h 100
1464 1 13 l 100
1466 1 13 h 100
944 1 14 l 100
942 1 14 h 100
444 1 15 l 100
444 1 15 h 100
546 1 16 l 100
546 1 16 h 100
1573 2 0 l 100
1574 2 0 h 100
440 2 1 l 100
438 2 1 h 100
1080 2 3 l 100
1080 2 3 h 100
1230 2 4 l 100
1230 2 4 h 100
72 2 5 l 100
72 2 5 h 100
206 2 6 l 100
204 2 6 h 100
720 2 7 l 100
721 2 7 h 100
858 2 8 l 100
859 2 8 h 100
1384 2 9 l 100
1380 2 9 h 100
1489 2 10 l 100
1489 2 10 h 100
365 2 11 l 100
362 2 11 h 100
463 2 12 l 100
464 2 12 h 100
964 2 13 l 100
961 2 13 h 100
1104 2 14 l 100
1104 2 14 h 100
1602 2 15 l 100
1602 2 15 h 100
1452 2 16 l 100
1452 2 16 h 100
853 3 0 l 100
854 3 0 h 100
354 3 1 l 100
355 3 1 h 100
198 3 2 l 100
198 3 2 h 100
1224 3 4 l 100
1226 3 4 h 100
714 3 5 l 100
714 3 5 h 100
582 3 6 l 100
583 3 6 h 100
70 3 7 l 100
67 3 7 h 100
1570 3 8 l 100
1566 3 8 h 100
1079 3 9 l 100
1075 3 9 h 100
936 3 10 l 100
937 3 10 h 100
432 3 11 l 100
432 3 11 h 100
333 3 12 l 100
331 3 12 h 100
1459 3 13 l 100
1459 3 13 h 100
1361 3 14 l 100
1356 3 14 h 100
828 3 15 l 100
829 3 15 h 100
979 3 16 l 100
979 3 16 h 100
throttle 4 0 l 0.400000
97 4 0 l 100
98 4 0 h 100
602 4 1 l 100
601 4 1 h 100
1100 4 2 l 100
1098 4 2 h 100
1590 4 3 l 100
1590 4 3 h 100
228 4 5 l 100
228 4 5 h 100
744 4 6 l 100
744 4 6 h 100
throttle 4 7 l 0.406129
1255 4 7 l 100
1255 4 7 h 100
846 4 8 l 100
847 4 8 h 100
1374 4 9 l 100
1374 4 9 h 100
192 4 10 l 100
192 4 10 h 100
708 4 11 l 100
709 4 11 h 100
456 4 12 l 100
457 4 12 h 100
959 4 13 l 100
954 4 13 h 100
1483 4 14 l 100
1484 4 14 h 100
348 4 15 l 100
348 4 15 h 100
254 4 16 l 100
252 4 16 h 100
975 5 0 l 100
972 5 0 h 100
486 5 1 l 100
486 5 1 h 100
1616 5 2 l 100
1616 5 2 h 100
1123 5 3 l 100
1123 5 3 h 100
624 5 4 l 100
624 5 4 h 100
1281 5 6 l 100
1278 5 6 h 100
throttle 5 7 l 0.400000
771 5 7 l 100
768 5 7 h 100
90 5 8 l 100
90 5 8 h 100
1249 5 9 l 100
1249 5 9 h 100
738 5 10 l 100
738 5 10 h 100
222 5 11 l 100
222 5 11 h 100
1402 5 12 l 100
1400 5 12 h 100
879 5 13 l 100
876 5 13 h 100
370 5 14 l 100
366 5 14 h 100
1500 5 15 l 100
1500 5 15 h 100
1152 5 16 l 100
1152 5 16 h 100
246 6 0 l 100
246 6 0 h 100
762 6 1 l 100
762 6 1 h 100
888 6 2 l 100
888 6 2 h 100
1410 6 3 l 100
1411 6 3 h 100
618 6 4 l 100
618 6 4 h 100
1116 6 5 l 100
1116 6 5 h 100
120 6 7 l 100
120 6 7 h 100
1146 6 8 l 100
1146 6 8 h 100
6 6 9 l 100
6 6 9 h 100
144 6 10 l 100
144 6 10 h 100
648 6 11 l 100
648 6 11 h 100
1512 6 12 l 100
1514 6 12 h 100
378 6 13 l 100
380 6 13 h 100
504 6 14 l 100
504 6 14 h 100
996 6 15 l 100
996 6 15 h 100
396 6 16 l 100
396 6 16 h 100
1140 7 0 l 100
1140 7 0 h 100
647 7 1 l 100
643 7 1 h 100
throttle 7 2 l 0.700000
498 7 2 l 100
499 7 2 h 100
4 7 3 l 100
1 7 3 h 100
786 7 4 l 100
787 7 4 h 100
273 7 5 l 100
271 7 5 h 100
138 7 6 l 100
138 7 6 h 100
390 7 8 l 100
391 7 8 h 100
throttle 7 9 l 0.700000
1524 7 9 l 100
1525 7 9 h 100
1428 7 10 l 100
1429 7 10 h 100
900 7 11 l 100
901 7 11 h 100
24 7 12 l 100
25 7 12 h 100
throttle 7 13 l 0.700000
1176 7 13 l 100
1176 7 13 h 100
throttle 7 14 l 0.615730
1027 7 14 l 100
1027 7 14 h 100
522 7 15 l 100
523 7 15 h 100
1320 7 16 l 100
1321 7 16 h 100
871 8 0 l 100
872 8 0 h 100
1393 8 1 l 100
1392 8 1 h 100
221 8 2 l 100
216 8 2 h 100
736 8 3 l 100
732 8 3 h 100
1242 8 4 l 8
1247 8 4 l 91
1243 8 4 h 100
84 8 5 l 100
84 8 5 h 100
594 8 6 l 100
594 8 6 h 100
throttle 8 7 l 0.400000
1095 8 7 l 100
1094 8 7 h 100
450 8 9 l 100
451 8 9 h 100
953 8 10 l 100
948 8 10 h 100
1470 8 11 l 100
1471 8 11 h 100
342 8 12 l 100
343 8 12 h 100
842 8 13 l 100
842 8 13 h 100
1369 8 14 l 100
1370 8 14 h 100
186 8 15 l 100
186 8 15 h 100
990 8 16 l 100
991 8 16 h 100
109 9 0 l 100
110 9 0 h 100
1266 9 1 l 100
1266 9 1 h 100
751 9 2 l 100
750 9 2 h 100
240 9 3 l 100
241 9 3 h 100
468 9 4 l 100
468 9 4 h 100
1609 9 5 l 100
1608 9 5 h 100
1111 9 6 l 100
1110 9 6 h 100
throttle 9 7 l 0.400000
612 9 7 l 100
613 9 7 h 100
864 9 8 l 100
865 9 8 h 100
1499 9 10 l 100
1496 9 10 h 100
967 9 11 l 100
967 9 11 h 100
1237 9 12 l 100
1237 9 12 h 100
729 9 13 l 100
727 9 13 h 100
215 9 14 l 100
210 9 14 h 100
1386 9 15 l 100
1386 9 15 h 100
264 9 16 l 100
264 9 16 h 100
988 10 0 l 100
986 10 0 h 100
1506 10 1 l 100
1506 10 1 h 100
1627 10 2 l 100
1627 10 2 h 100
492 10 3 l 100
493 10 3 h 100
636 10 4 l 100
636 10 4 h 100
1137 10 5 l 100
1134 10 5 h 100
1290 10 6 l 100
1290 10 6 h 100
throttle 10 7 l 0.400000
132 10 7 l 18
136 10 7 l 81
132 10 7 h 100
102 10 8 l 100
102 10 8 h 100
610 10 9 l 100
608 10 9 h 100
1262 10 11 l 100
1262 10 11 h 100
1404 10 12 l 100
1406 10 12 h 100
234 10 13 l 100
236 10 13 h 100
372 10 14 l 100
372 10 14 h 100
882 10 15 l 100
882 10 15 h 100
1170 10 16 l 100
1172 10 16 h 100
259 11 0 l 100
259 11 0 h 100
1416 11 1 l 100
1416 11 1 h 100
1284 11 2 l 100
1286 11 2 h 100
774 11 3 l 100
774 11 3 h 100
630 11 4 l 100
631 11 4 h 100
126 11 5 l 100
126 11 5 h 100
1620 11 6 l 100
1620 11 6 h 100
1128 11 7 l 100
1129 11 7 h 100
1164 11 8 l 100
1165 11 8 h 100
661 11 9 l 100
661 11 9 h 100
516 11 10 l 100
518 11 10 h 100
1518 11 12 l 100
1520 11 12 h 100
1014 11 13 l 100
1016 11 13 h 100
894 11 14 l 100
894 11 14 h 100
384 11 15 l 100
384 11 15 h 100
415 11 16 l 100
416 11 16 h 100
1162 12 0 l 100
1160 12 0 h 100
15 12 1 l 100
12 12 1 h 88
14 12 1 h 11
513 12 2 l 100
511 12 2 h 100
1011 12 3 l 100
1009 12 3 h 100
801 12 4 l 50
799 12 4 l 49
798 12 4 h 100
1310 12 5 l 100
1310 12 5 h 100
152 12 6 l 100
152 12 6 h 84
150 12 6 h 15
throttle 12 7 l 0.500000
658 12 7 l 100
654 12 7 h 100
408 12 8 l 100
409 12 8 h 100
913 12 9 l 100
913 12 9 h 100
1434 12 10 l 100
1436 12 10 h 100
284 12 11 l 100
284 12 11 h 100
544 12 13 l 26
542 12 13 l 73
542 12 13 h 100
1048 12 14 l 100
1044 12 14 h 100
1542 12 15 l 100
1542 12 15 h 100
1339 12 16 l 100
1340 12 16 h 100
throttle 13 0 l 0.400000
407 13 0 l 100
403 13 0 h 100
1536 13 1 l 100
1538 13 1 h 100
1042 13 2 l 100
1040 13 2 h 100
537 13 3 l 100
535 13 3 h 100
36 13 4 l 100
38 13 4 h 100
1191 13 5 l 100
1188 13 5 h 100
682 13 6 l 100
678 13 6 h 100
throttle 13 7 l 0.400000
168 13 7 l 100
168 13 7 h 100
1334 13 8 l 100
1334 13 8 h 100
819 13 9 l 100
818 13 9 h 100
312 13 10 l 100
314 13 10 h 100
1440 13 11 l 100
1442 13 11 h 100
924 13 12 l 100
924 13 12 h 100
1558 13 14 l 100
1554 13 14 h 100
1056 13 15 l 100
1057 13 15 h 100
565 13 16 l 100
565 13 16 h 100
1328 14 0 l 100
1328 14 0 h 100
166 14 1 l 100
164 14 1 h 100
311 14 2 l 100
307 14 2 h 100
810 14 3 l 100
811 14 3 h 100
32 14 4 l 100
32 14 4 h 100
528 14 5 l 100
528 14 5 h 100
672 14 6 l 100
674 14 6 h 100
throttle 14 7 l 0.400000
1186 14 7 l 100
1182 14 7 h 100
780 14 8 l 100
780 14 8 h 100
906 14 9 l 100
907 14 9 h 100
1032 14 10 l 100
1032 14 10 h 100
1530 14 11 l 100
1530 14 11 h 100
792 14 12 l 100
794 14 12 h 100
1306 14 13 l 100
1302 14 13 h 100
276 14 15 l 100
276 14 15 h 100
318 14 16 l 100
318 14 16 h 100
558 15 0 l 100
558 15 0 h 100
48 15 1 l 100
48 15 1 h 100
1548 15 2 l 100
1548 15 2 h 100
1055 15 3 l 100
1051 15 3 h 100
181 15 4 l 100
180 15 4 h 100
1350 15 5 l 100
1350 15 5 h 100
1200 15 6 l 100
1200 15 6 h 100
690 15 7 l 100
690 15 7 h 100
1218 15 8 l 100
1218 15 8 h 100
805 15 9 l 100
804 15 9 h 100
671 15 10 l 100
666 15 10 h 100
156 15 11 l 100
158 15 11 h 100
919 15 12 l 100
918 15 12 h 100
425 15 13 l 100
421 15 13 h 100
300 15 14 l 100
300 15 14 h 100
756 15 16 l 100
757 15 16 h 100
1585 16 0 l 100
1585 16 0 h 100
288 16 1 l 100
288 16 1 h 100
1296 16 2 l 100
1296 16 2 h 100
115 16 3 l 100
115 16 3 h 100
552 16 4 l 100
552 16 4 h 100
294 16 5 l 100
294 16 5 h 100
18 16 6 l 100
18 16 6 h 100
1422 16 7 l 100
1423 16 7 h 100
1272 16 8 l 100
1273 16 8 h 100
1002 16 9 l 100
1002 16 9 h 100
1020 16 10 l 100
1022 16 10 h 100
1477 16 11 l 100
1478 16 11 h 100
1447 16 12 l 100
1448 16 12 h 100
481 16 13 l 100
482 16 13 h 100
477 16 14 l 100
476 16 14 h 100
1596 16 15 l 100
1597 16 15 h 100
