tunnel_num s t weight
535 0 12 100
294 1 10 100
40 1 11 100
169 1 12 100
180 2 11 100
232 2 12 100
468 3 10 100
216 3 11 100
165 3 12 100
423 4 8 100
354 4 11 100
228 4 12 100
111 5 11 100
700 5 12 100
324 6 11 100
756 6 12 100
714 7 10 100
450 7 11 100
12 7 12 100
621 8 4 100
735 8 11 100
171 8 12 100
421 8 13 100
432 9 8 100
747 9 10 100
484 9 11 100
619 9 12 100
753 10 1 100
246 10 3 100
66 10 7 100
303 10 9 100
632 10 11 100
shutdown 10 12
585 10 16 100
709 11 1 100
642 11 2 100
387 11 3 100
315 11 4 100
63 11 5 100
810 11 6 100
582 11 8 100
331 11 9 100
260 11 10 100
759 11 12 100
509 11 13 100
448 11 14 100
209 11 16 100
579 12 0 100
7 12 1 100
255 12 2 100
399 12 4 100
655 12 5 100
75 12 6 100
204 12 8 100
457 12 9 100
shutdown 12 10
141 12 11 100
272 12 13 100
523 12 14 100
772 12 15 100
shutdown 12 16
667 13 8 100
722 13 11 100
464 13 12 100
766 14 11 100
397 14 12 100
79 15 11 100
460 15 12 100
510 16 10 100
740 16 11 100
shutdown 16 12
