tunnel_num s t weight
289 0 11 100
294 1 10 100
222 1 15 100
181 2 11 100
480 2 13 100
801 2 15 100
468 3 10 100
167 3 12 100
423 4 8 100
741 4 14 100
72 6 10 100
325 6 11 100
758 6 12 100
189 6 13 100
498 6 15 100
714 7 10 100
261 7 15 100
621 8 4 100
172 8 12 100
421 8 13 100
684 8 14 100
93 8 15 100
432 9 8 100
753 10 1 100
246 10 3 100
645 10 6 100
66 10 7 100
441 10 15 100
130 11 0 100
811 11 6 100
564 11 7 100
447 11 14 100
shutdown 11 15
504 12 3 100
76 12 6 100
327 12 7 100
205 12 8 100
773 12 15 100
519 13 2 100
339 13 6 100
667 13 8 100
405 14 3 100
390 14 8 100
765 14 11 100
774 15 2 100
600 15 6 100
345 15 7 100
609 15 8 100
333 15 10 100
80 15 11 100
461 15 12 100
211 15 13 100
379 15 16 100
798 16 15 100
