tunnel_num s t weight
162 0 1 50
163 0 1 50
411 0 2 33
412 0 2 33
413 0 2 33
672 0 3 33
673 0 3 33
674 0 3 33
88 0 4 50
87 0 4 50
344 0 5 50
342 0 5 50
597 0 6 33
598 0 6 33
599 0 6 33
21 0 7 33
22 0 7 33
23 0 7 33
352 0 8 33
353 0 8 33
351 0 8 33
608 0 9 33
606 0 9 33
607 0 9 33
32 0 10 33
30 0 10 33
31 0 10 33
288 0 11 33
289 0 11 33
290 0 11 33
536 0 12 33
534 0 12 33
535 0 12 33
780 0 13 50
782 0 13 50
214 0 14 100
466 0 15 100
657 0 16 50
658 0 16 50
348 1 0 50
350 1 0 50
681 1 2 50
683 1 2 50
418 1 3 50
419 1 3 50
532 1 4 50
533 1 4 50
286 1 5 50
287 1 5 50
27 1 6 100
603 1 7 100
789 1 8 50
790 1 8 50
544 1 9 50
543 1 9 50
294 1 10 50
295 1 10 50
40 1 11 50
39 1 11 50
168 1 12 50
169 1 12 50
732 1 13 50
734 1 13 50
472 1 14 100
224 1 15 100
273 1 16 50
275 1 16 50
786 2 0 33
787 2 0 33
788 2 0 33
219 2 1 50
221 2 1 50
540 2 3 33
541 2 3 33
542 2 3 33
617 2 4 50
615 2 4 50
36 2 5 100
104 2 6 33
102 2 6 33
103 2 6 33
360 2 7 33
361 2 7 33
362 2 7 33
429 2 8 33
430 2 8 33
431 2 8 33
690 2 9 50
691 2 9 50
744 2 10 50
745 2 10 50
180 2 11 50
181 2 11 50
232 2 12 33
233 2 12 33
231 2 12 33
480 2 13 50
481 2 13 50
552 2 14 50
553 2 14 50
802 2 15 50
803 2 15 50
728 2 16 33
726 2 16 33
727 2 16 33
426 3 0 33
427 3 0 33
428 3 0 33
177 3 1 50
178 3 1 50
99 3 2 33
100 3 2 33
101 3 2 33
612 3 4 50
613 3 4 50
357 3 5 100
291 3 6 33
292 3 6 33
293 3 6 33
33 3 7 33
34 3 7 33
35 3 7 33
784 3 8 33
785 3 8 33
783 3 8 33
537 3 9 50
538 3 9 50
468 3 10 33
469 3 10 33
470 3 10 33
216 3 11 33
217 3 11 33
218 3 11 33
165 3 12 50
167 3 12 50
729 3 13 50
731 3 13 50
680 3 14 50
678 3 14 50
415 3 15 100
489 3 16 50
490 3 16 50
48 4 0 50
49 4 0 50
301 4 1 50
302 4 1 50
549 4 2 50
551 4 2 50
795 4 3 50
796 4 3 50
114 4 5 50
116 4 5 50
372 4 6 50
374 4 6 50
627 4 7 50
628 4 7 50
424 4 8 33
425 4 8 33
423 4 8 33
688 4 9 50
687 4 9 50
96 4 10 33
97 4 10 33
98 4 10 33
354 4 11 33
355 4 11 33
356 4 11 33
228 4 12 33
229 4 12 33
230 4 12 33
477 4 13 33
478 4 13 33
479 4 13 33
741 4 14 50
743 4 14 50
175 4 15 100
128 4 16 33
126 4 16 33
127 4 16 33
488 5 0 50
487 5 0 50
244 5 1 50
245 5 1 50
807 5 2 100
561 5 3 50
563 5 3 50
312 5 4 50
314 5 4 50
640 5 6 100
385 5 7 50
386 5 7 50
45 5 8 50
46 5 8 50
625 5 9 50
626 5 9 50
370 5 10 50
371 5 10 50
113 5 11 50
111 5 11 50
699 5 12 50
700 5 12 50
440 5 13 50
438 5 13 50
183 5 14 100
750 5 15 100
577 5 16 50
578 5 16 50
123 6 0 33
124 6 0 33
125 6 0 33
381 6 1 100
444 6 2 33
445 6 2 33
446 6 2 33
705 6 3 33
706 6 3 33
707 6 3 33
309 6 4 50
311 6 4 50
559 6 5 100
60 6 7 33
61 6 7 33
62 6 7 33
573 6 8 50
574 6 8 50
3 6 9 50
4 6 9 50
72 6 10 50
73 6 10 50
324 6 11 50
325 6 11 50
756 6 12 50
758 6 12 50
189 6 13 50
191 6 13 50
253 6 14 50
254 6 14 50
499 6 15 100
198 6 16 50
199 6 16 50
570 7 0 33
571 7 0 33
572 7 0 33
321 7 1 50
322 7 1 50
249 7 2 33
250 7 2 33
251 7 2 33
0 7 3 33
1 7 3 33
2 7 3 33
393 7 4 50
394 7 4 50
136 7 5 50
137 7 5 50
69 7 6 33
70 7 6 33
71 7 6 33
195 7 8 33
196 7 8 33
197 7 8 33
762 7 9 33
763 7 9 33
764 7 9 33
714 7 10 33
715 7 10 33
716 7 10 33
450 7 11 33
451 7 11 33
452 7 11 33
12 7 12 33
13 7 12 33
14 7 12 33
589 7 13 50
590 7 13 50
514 7 14 100
262 7 15 100
660 7 16 50
661 7 16 50
435 8 0 33
436 8 0 33
437 8 0 33
696 8 1 50
697 8 1 50
108 8 2 50
109 8 2 50
368 8 3 33
366 8 3 33
367 8 3 33
621 8 4 50
622 8 4 50
42 8 5 50
43 8 5 50
297 8 6 50
298 8 6 50
546 8 7 33
547 8 7 33
548 8 7 33
225 8 9 50
226 8 9 50
474 8 10 33
475 8 10 33
476 8 10 33
736 8 11 33
737 8 11 33
735 8 11 33
171 8 12 33
172 8 12 33
173 8 12 33
420 8 13 33
421 8 13 33
422 8 13 33
684 8 14 50
685 8 14 50
94 8 15 50
95 8 15 50
496 8 16 33
497 8 16 33
495 8 16 33
56 9 0 33
54 9 0 33
55 9 0 33
633 9 1 50
634 9 1 50
376 9 2 50
375 9 2 50
120 9 3 50
121 9 3 50
234 9 4 50
235 9 4 50
805 9 5 50
806 9 5 50
555 9 6 50
556 9 6 50
306 9 7 33
307 9 7 33
308 9 7 33
432 9 8 33
433 9 8 33
434 9 8 33
747 9 10 33
748 9 10 33
749 9 10 33
483 9 11 33
484 9 11 33
485 9 11 33
618 9 12 33
619 9 12 33
620 9 12 33
363 9 13 33
364 9 13 33
365 9 13 33
105 9 14 50
106 9 14 50
693 9 15 100
132 9 16 50
133 9 16 50
492 10 0 33
493 10 0 33
494 10 0 33
753 10 1 50
754 10 1 50
813 10 2 50
814 10 2 50
248 10 3 33
246 10 3 33
247 10 3 33
318 10 4 50
319 10 4 50
568 10 5 50
569 10 5 50
645 10 6 50
646 10 6 50
66 10 7 33
67 10 7 33
68 10 7 33
51 10 8 50
52 10 8 50
304 10 9 33
305 10 9 33
303 10 9 33
632 10 11 33
630 10 11 33
631 10 11 33
702 10 12 50
703 10 12 50
117 10 13 50
118 10 13 50
187 10 14 50
188 10 14 50
442 10 15 50
443 10 15 50
585 10 16 33
586 10 16 33
587 10 16 33
129 11 0 33
130 11 0 33
131 11 0 33
708 11 1 50
709 11 1 50
642 11 2 33
643 11 2 33
644 11 2 33
387 11 3 33
388 11 3 33
389 11 3 33
315 11 4 33
316 11 4 33
317 11 4 33
65 11 5 50
63 11 5 50
810 11 6 50
811 11 6 50
564 11 7 33
565 11 7 33
566 11 7 33
582 11 8 50
583 11 8 50
330 11 9 33
331 11 9 33
332 11 9 33
258 11 10 33
259 11 10 33
260 11 10 33
760 11 12 33
761 11 12 33
759 11 12 33
507 11 13 33
508 11 13 33
509 11 13 33
448 11 14 50
447 11 14 50
193 11 15 50
194 11 15 50
208 11 16 33
209 11 16 33
207 11 16 33
579 12 0 33
580 12 0 33
581 12 0 33
8 12 1 33
6 12 1 33
7 12 1 33
256 12 2 33
257 12 2 33
255 12 2 33
504 12 3 33
505 12 3 33
506 12 3 33
400 12 4 50
399 12 4 50
654 12 5 50
655 12 5 50
75 12 6 50
76 12 6 50
328 12 7 33
329 12 7 33
327 12 7 33
204 12 8 33
205 12 8 33
206 12 8 33
456 12 9 33
457 12 9 33
458 12 9 33
717 12 10 50
718 12 10 50
141 12 11 33
142 12 11 33
143 12 11 33
272 12 13 33
270 12 13 33
271 12 13 33
522 12 14 50
523 12 14 50
771 12 15 100
669 12 16 50
670 12 16 50
201 13 0 50
203 13 0 50
768 13 1 50
770 13 1 50
520 13 2 50
519 13 2 50
267 13 3 50
269 13 3 50
18 13 4 33
19 13 4 33
20 13 4 33
594 13 5 50
596 13 5 50
339 13 6 50
341 13 6 50
85 13 7 50
86 13 7 50
666 13 8 33
667 13 8 33
668 13 8 33
408 13 9 33
409 13 9 33
410 13 9 33
156 13 10 50
157 13 10 50
720 13 11 33
721 13 11 33
722 13 11 33
464 13 12 33
462 13 12 33
463 13 12 33
777 13 14 100
528 13 15 100
282 13 16 50
283 13 16 50
664 14 0 100
83 14 1 100
153 14 2 50
154 14 2 50
405 14 3 100
17 14 4 50
15 14 4 50
264 14 5 100
337 14 6 50
338 14 6 50
592 14 7 100
390 14 8 50
391 14 8 50
453 14 9 50
454 14 9 50
516 14 10 50
517 14 10 50
765 14 11 50
766 14 11 50
396 14 12 50
397 14 12 50
651 14 13 100
138 14 15 100
159 14 16 100
280 15 0 100
shutdown 15 1
776 15 2 50
775 15 2 50
526 15 3 100
91 15 4 100
675 15 5 100
601 15 6 100
346 15 7 100
610 15 8 50
611 15 8 50
402 15 9 100
334 15 10 50
335 15 10 50
78 15 11 100
459 15 12 100
210 15 13 100
150 15 14 100
378 15 16 100
792 16 0 33
793 16 0 33
794 16 0 33
144 16 1 50
146 16 1 50
648 16 2 33
649 16 2 33
650 16 2 33
57 16 3 50
58 16 3 50
276 16 4 33
277 16 4 33
278 16 4 33
148 16 5 50
149 16 5 50
9 16 6 50
10 16 6 50
712 16 7 50
711 16 7 50
636 16 8 50
637 16 8 50
501 16 9 50
502 16 9 50
512 16 10 33
510 16 10 33
511 16 10 33
738 16 11 33
739 16 11 33
740 16 11 33
723 16 12 50
724 16 12 50
240 16 13 50
242 16 13 50
237 16 14 100
799 16 15 100
