tunnel_num s t weight
162 0 1 33
163 0 1 33
164 0 1 33
411 0 2 50
413 0 2 50
672 0 3 50
674 0 3 50
88 0 4 50
89 0 4 50
344 0 5 50
343 0 5 50
597 0 6 50
599 0 6 50
21 0 7 50
23 0 7 50
352 0 8 50
351 0 8 50
606 0 9 50
607 0 9 50
32 0 10 50
30 0 10 50
288 0 11 50
289 0 11 50
536 0 12 33
534 0 12 33
535 0 12 33
780 0 13 50
782 0 13 50
215 0 14 100
465 0 15 100
657 0 16 50
658 0 16 50
348 1 0 50
350 1 0 50
681 1 2 50
683 1 2 50
418 1 3 50
419 1 3 50
531 1 4 50
532 1 4 50
285 1 5 33
286 1 5 33
287 1 5 33
27 1 6 50
28 1 6 50
603 1 7 50
605 1 7 50
789 1 8 33
790 1 8 33
791 1 8 33
543 1 9 100
296 1 10 33
294 1 10 33
295 1 10 33
40 1 11 33
41 1 11 33
39 1 11 33
168 1 12 33
169 1 12 33
170 1 12 33
732 1 13 33
733 1 13 33
734 1 13 33
472 1 14 50
471 1 14 50
222 1 15 100
273 1 16 50
274 1 16 50
786 2 0 50
788 2 0 50
219 2 1 50
221 2 1 50
540 2 3 50
542 2 3 50
616 2 4 50
617 2 4 50
37 2 5 100
104 2 6 50
103 2 6 50
360 2 7 50
362 2 7 50
430 2 8 50
431 2 8 50
690 2 9 100
744 2 10 100
181 2 11 100
233 2 12 50
231 2 12 50
480 2 13 100
553 2 14 100
shutdown 2 15
728 2 16 50
726 2 16 50
426 3 0 50
428 3 0 50
177 3 1 50
178 3 1 50
99 3 2 50
101 3 2 50
613 3 4 50
614 3 4 50
358 3 5 50
359 3 5 50
291 3 6 50
293 3 6 50
33 3 7 50
35 3 7 50
784 3 8 50
785 3 8 50
537 3 9 50
538 3 9 50
468 3 10 50
469 3 10 50
217 3 11 50
218 3 11 50
167 3 12 100
729 3 13 100
680 3 14 100
414 3 15 100
489 3 16 50
490 3 16 50
49 4 0 50
50 4 0 50
300 4 1 50
301 4 1 50
550 4 2 50
551 4 2 50
796 4 3 50
797 4 3 50
114 4 5 33
115 4 5 33
116 4 5 33
372 4 6 50
373 4 6 50
627 4 7 50
629 4 7 50
424 4 8 50
423 4 8 50
688 4 9 50
689 4 9 50
96 4 10 50
97 4 10 50
354 4 11 33
355 4 11 33
356 4 11 33
228 4 12 33
229 4 12 33
230 4 12 33
477 4 13 33
478 4 13 33
479 4 13 33
741 4 14 50
743 4 14 50
176 4 15 50
174 4 15 50
128 4 16 50
127 4 16 50
488 5 0 50
486 5 0 50
243 5 1 33
244 5 1 33
245 5 1 33
808 5 2 100
562 5 3 50
563 5 3 50
312 5 4 50
313 5 4 50
640 5 6 50
639 5 6 50
384 5 7 50
386 5 7 50
45 5 8 33
46 5 8 33
47 5 8 33
624 5 9 50
626 5 9 50
369 5 10 33
370 5 10 33
371 5 10 33
112 5 11 33
113 5 11 33
111 5 11 33
699 5 12 33
700 5 12 33
701 5 12 33
440 5 13 33
438 5 13 33
439 5 13 33
184 5 14 50
183 5 14 50
752 5 15 50
751 5 15 50
576 5 16 50
577 5 16 50
123 6 0 50
125 6 0 50
381 6 1 50
382 6 1 50
445 6 2 50
446 6 2 50
706 6 3 50
707 6 3 50
309 6 4 50
310 6 4 50
558 6 5 50
559 6 5 50
60 6 7 50
62 6 7 50
573 6 8 33
574 6 8 33
575 6 8 33
3 6 9 100
72 6 10 50
73 6 10 50
324 6 11 50
325 6 11 50
756 6 12 50
758 6 12 50
189 6 13 50
191 6 13 50
253 6 14 50
254 6 14 50
498 6 15 100
198 6 16 100
570 7 0 50
572 7 0 50
321 7 1 33
322 7 1 33
323 7 1 33
249 7 2 50
251 7 2 50
0 7 3 50
2 7 3 50
393 7 4 50
395 7 4 50
137 7 5 50
135 7 5 50
69 7 6 50
71 7 6 50
195 7 8 50
196 7 8 50
762 7 9 50
763 7 9 50
714 7 10 50
716 7 10 50
450 7 11 33
451 7 11 33
452 7 11 33
12 7 12 33
13 7 12 33
14 7 12 33
589 7 13 50
590 7 13 50
515 7 14 100
261 7 15 100
660 7 16 50
661 7 16 50
436 8 0 50
437 8 0 50
696 8 1 33
697 8 1 33
698 8 1 33
109 8 2 50
110 8 2 50
368 8 3 50
367 8 3 50
621 8 4 33
622 8 4 33
623 8 4 33
42 8 5 33
43 8 5 33
44 8 5 33
297 8 6 33
298 8 6 33
299 8 6 33
547 8 7 50
548 8 7 50
226 8 9 50
227 8 9 50
474 8 10 50
475 8 10 50
736 8 11 50
735 8 11 50
171 8 12 33
172 8 12 33
173 8 12 33
420 8 13 33
421 8 13 33
422 8 13 33
684 8 14 50
685 8 14 50
93 8 15 100
496 8 16 50
495 8 16 50
54 9 0 50
55 9 0 50
633 9 1 100
375 9 2 100
120 9 3 50
121 9 3 50
235 9 4 50
236 9 4 50
804 9 5 50
806 9 5 50
555 9 6 100
306 9 7 50
307 9 7 50
433 9 8 50
434 9 8 50
747 9 10 50
749 9 10 50
483 9 11 50
485 9 11 50
618 9 12 50
620 9 12 50
363 9 13 50
365 9 13 50
105 9 14 50
107 9 14 50
695 9 15 100
132 9 16 100
492 10 0 50
494 10 0 50
753 10 1 33
754 10 1 33
755 10 1 33
813 10 2 100
246 10 3 50
247 10 3 50
320 10 4 33
318 10 4 33
319 10 4 33
568 10 5 33
569 10 5 33
567 10 5 33
645 10 6 50
646 10 6 50
66 10 7 50
68 10 7 50
51 10 8 33
52 10 8 33
53 10 8 33
305 10 9 50
303 10 9 50
630 10 11 50
631 10 11 50
704 10 12 33
702 10 12 33
703 10 12 33
117 10 13 33
118 10 13 33
119 10 13 33
186 10 14 33
187 10 14 33
188 10 14 33
441 10 15 100
585 10 16 50
586 10 16 50
130 11 0 50
131 11 0 50
708 11 1 33
709 11 1 33
710 11 1 33
643 11 2 50
644 11 2 50
388 11 3 50
389 11 3 50
315 11 4 33
316 11 4 33
317 11 4 33
64 11 5 33
65 11 5 33
63 11 5 33
810 11 6 50
811 11 6 50
564 11 7 50
566 11 7 50
584 11 8 33
582 11 8 33
583 11 8 33
330 11 9 50
332 11 9 50
258 11 10 50
259 11 10 50
760 11 12 33
761 11 12 33
759 11 12 33
507 11 13 33
508 11 13 33
509 11 13 33
448 11 14 50
447 11 14 50
192 11 15 100
208 11 16 33
209 11 16 33
207 11 16 33
580 12 0 50
581 12 0 50
8 12 1 33
6 12 1 33
7 12 1 33
256 12 2 100
504 12 3 50
505 12 3 50
400 12 4 33
401 12 4 33
399 12 4 33
656 12 5 33
654 12 5 33
655 12 5 33
75 12 6 50
76 12 6 50
329 12 7 50
327 12 7 50
204 12 8 33
205 12 8 33
206 12 8 33
456 12 9 50
458 12 9 50
717 12 10 33
718 12 10 33
719 12 10 33
141 12 11 33
142 12 11 33
143 12 11 33
272 12 13 33
270 12 13 33
271 12 13 33
522 12 14 33
523 12 14 33
524 12 14 33
772 12 15 50
773 12 15 50
669 12 16 33
670 12 16 33
671 12 16 33
201 13 0 50
203 13 0 50
768 13 1 33
769 13 1 33
770 13 1 33
519 13 2 100
267 13 3 100
18 13 4 50
20 13 4 50
594 13 5 33
595 13 5 33
596 13 5 33
339 13 6 50
341 13 6 50
85 13 7 50
86 13 7 50
666 13 8 33
667 13 8 33
668 13 8 33
408 13 9 50
410 13 9 50
156 13 10 33
157 13 10 33
158 13 10 33
720 13 11 33
721 13 11 33
722 13 11 33
464 13 12 33
462 13 12 33
463 13 12 33
777 13 14 50
778 13 14 50
529 13 15 50
530 13 15 50
282 13 16 33
283 13 16 33
284 13 16 33
665 14 0 100
81 14 1 50
83 14 1 50
154 14 2 100
shutdown 14 3
15 14 4 100
264 14 5 50
266 14 5 50
337 14 6 50
338 14 6 50
593 14 7 100
390 14 8 50
391 14 8 50
453 14 9 50
455 14 9 50
516 14 10 33
517 14 10 33
518 14 10 33
765 14 11 50
766 14 11 50
396 14 12 33
397 14 12 33
398 14 12 33
651 14 13 50
652 14 13 50
139 14 15 50
140 14 15 50
160 14 16 50
159 14 16 50
279 15 0 100
24 15 1 50
26 15 1 50
shutdown 15 2
525 15 3 100
90 15 4 50
92 15 4 50
676 15 5 50
677 15 5 50
600 15 6 100
345 15 7 100
609 15 8 100
404 15 9 100
333 15 10 100
80 15 11 50
79 15 11 50
460 15 12 50
461 15 12 50
211 15 13 100
152 15 14 50
151 15 14 50
379 15 16 100
792 16 0 50
793 16 0 50
144 16 1 50
145 16 1 50
648 16 2 50
650 16 2 50
57 16 3 50
58 16 3 50
277 16 4 50
278 16 4 50
147 16 5 50
148 16 5 50
9 16 6 100
712 16 7 50
711 16 7 50
636 16 8 50
638 16 8 50
501 16 9 100
510 16 10 50
511 16 10 50
738 16 11 50
739 16 11 50
723 16 12 33
724 16 12 33
725 16 12 33
240 16 13 33
241 16 13 33
242 16 13 33
237 16 14 50
238 16 14 50
798 16 15 100
