tunnel_num s t weight
162 0 1 33
163 0 1 33
164 0 1 33
411 0 2 33
412 0 2 33
413 0 2 33
672 0 3 33
673 0 3 33
674 0 3 33
88 0 4 33
89 0 4 33
87 0 4 33
344 0 5 33
342 0 5 33
343 0 5 33
597 0 6 33
598 0 6 33
599 0 6 33
21 0 7 33
22 0 7 33
23 0 7 33
352 0 8 100
608 0 9 33
606 0 9 33
607 0 9 33
32 0 10 50
30 0 10 50
289 0 11 100
536 0 12 50
534 0 12 50
780 0 13 50
782 0 13 50
213 0 14 33
214 0 14 33
215 0 14 33
465 0 15 33
466 0 15 33
467 0 15 33
657 0 16 33
658 0 16 33
659 0 16 33
348 1 0 33
349 1 0 33
350 1 0 33
681 1 2 33
682 1 2 33
683 1 2 33
417 1 3 33
418 1 3 33
419 1 3 33
531 1 4 33
532 1 4 33
533 1 4 33
285 1 5 50
286 1 5 50
27 1 6 50
28 1 6 50
603 1 7 33
604 1 7 33
605 1 7 33
790 1 8 100
544 1 9 33
545 1 9 33
543 1 9 33
294 1 10 100
39 1 11 100
168 1 12 100
732 1 13 100
473 1 14 50
471 1 14 50
222 1 15 50
223 1 15 50
273 1 16 50
275 1 16 50
786 2 0 33
787 2 0 33
788 2 0 33
219 2 1 33
220 2 1 33
221 2 1 33
540 2 3 33
541 2 3 33
542 2 3 33
616 2 4 33
617 2 4 33
615 2 4 33
36 2 5 33
37 2 5 33
38 2 5 33
104 2 6 33
102 2 6 33
103 2 6 33
360 2 7 33
361 2 7 33
362 2 7 33
430 2 8 100
690 2 9 33
691 2 9 33
692 2 9 33
744 2 10 50
746 2 10 50
181 2 11 100
233 2 12 50
231 2 12 50
480 2 13 100
552 2 14 50
554 2 14 50
801 2 15 50
803 2 15 50
728 2 16 50
726 2 16 50
426 3 0 33
427 3 0 33
428 3 0 33
177 3 1 33
178 3 1 33
179 3 1 33
99 3 2 33
100 3 2 33
101 3 2 33
612 3 4 33
613 3 4 33
614 3 4 33
357 3 5 33
358 3 5 33
359 3 5 33
291 3 6 33
292 3 6 33
293 3 6 33
33 3 7 33
34 3 7 33
35 3 7 33
784 3 8 100
537 3 9 33
538 3 9 33
539 3 9 33
468 3 10 100
217 3 11 50
218 3 11 50
167 3 12 100
729 3 13 100
678 3 14 50
679 3 14 50
416 3 15 33
414 3 15 33
415 3 15 33
489 3 16 33
490 3 16 33
491 3 16 33
48 4 0 33
49 4 0 33
50 4 0 33
300 4 1 33
301 4 1 33
302 4 1 33
549 4 2 33
550 4 2 33
551 4 2 33
795 4 3 33
796 4 3 33
797 4 3 33
114 4 5 50
115 4 5 50
372 4 6 33
373 4 6 33
374 4 6 33
627 4 7 33
628 4 7 33
629 4 7 33
425 4 8 100
688 4 9 33
689 4 9 33
687 4 9 33
97 4 10 50
98 4 10 50
356 4 11 100
230 4 12 100
479 4 13 100
741 4 14 50
742 4 14 50
176 4 15 33
174 4 15 33
175 4 15 33
126 4 16 50
127 4 16 50
488 5 0 33
486 5 0 33
487 5 0 33
243 5 1 50
244 5 1 50
808 5 2 33
809 5 2 33
807 5 2 33
561 5 3 33
562 5 3 33
563 5 3 33
312 5 4 50
313 5 4 50
640 5 6 33
641 5 6 33
639 5 6 33
384 5 7 33
385 5 7 33
386 5 7 33
shutdown 5 8
624 5 9 50
625 5 9 50
369 5 10 100
112 5 11 100
701 5 12 100
439 5 13 100
185 5 14 50
183 5 14 50
752 5 15 33
750 5 15 33
751 5 15 33
576 5 16 50
578 5 16 50
123 6 0 33
124 6 0 33
125 6 0 33
381 6 1 50
382 6 1 50
444 6 2 33
445 6 2 33
446 6 2 33
705 6 3 33
706 6 3 33
707 6 3 33
309 6 4 33
310 6 4 33
311 6 4 33
560 6 5 33
558 6 5 33
559 6 5 33
60 6 7 33
61 6 7 33
62 6 7 33
574 6 8 100
3 6 9 33
4 6 9 33
5 6 9 33
72 6 10 100
325 6 11 100
758 6 12 100
189 6 13 100
252 6 14 50
253 6 14 50
498 6 15 33
499 6 15 33
500 6 15 33
198 6 16 50
199 6 16 50
570 7 0 33
571 7 0 33
572 7 0 33
321 7 1 33
322 7 1 33
323 7 1 33
249 7 2 33
250 7 2 33
251 7 2 33
0 7 3 33
1 7 3 33
2 7 3 33
393 7 4 33
394 7 4 33
395 7 4 33
136 7 5 33
137 7 5 33
135 7 5 33
69 7 6 33
70 7 6 33
71 7 6 33
196 7 8 100
762 7 9 33
763 7 9 33
764 7 9 33
714 7 10 100
451 7 11 50
452 7 11 50
13 7 12 50
14 7 12 50
589 7 13 50
590 7 13 50
513 7 14 33
514 7 14 33
515 7 14 33
261 7 15 33
262 7 15 33
263 7 15 33
660 7 16 50
661 7 16 50
436 8 0 100
697 8 1 100
109 8 2 100
367 8 3 100
622 8 4 50
623 8 4 50
shutdown 8 5
298 8 6 100
547 8 7 100
226 8 9 100
474 8 10 100
735 8 11 100
171 8 12 50
173 8 12 50
420 8 13 50
422 8 13 50
shutdown 8 14
shutdown 8 15
495 8 16 100
56 9 0 33
54 9 0 33
55 9 0 33
633 9 1 33
634 9 1 33
635 9 1 33
376 9 2 33
377 9 2 33
375 9 2 33
120 9 3 33
121 9 3 33
122 9 3 33
234 9 4 33
235 9 4 33
236 9 4 33
804 9 5 50
805 9 5 50
555 9 6 50
556 9 6 50
306 9 7 33
307 9 7 33
308 9 7 33
433 9 8 50
434 9 8 50
747 9 10 50
749 9 10 50
483 9 11 50
485 9 11 50
618 9 12 50
620 9 12 50
363 9 13 50
365 9 13 50
106 9 14 50
107 9 14 50
694 9 15 50
695 9 15 50
132 9 16 33
133 9 16 33
134 9 16 33
492 10 0 50
494 10 0 50
753 10 1 100
813 10 2 50
815 10 2 50
246 10 3 100
320 10 4 50
319 10 4 50
567 10 5 100
645 10 6 100
66 10 7 100
51 10 8 100
305 10 9 50
303 10 9 50
630 10 11 50
631 10 11 50
702 10 12 50
703 10 12 50
117 10 13 50
118 10 13 50
186 10 14 100
441 10 15 100
585 10 16 50
586 10 16 50
130 11 0 100
708 11 1 100
643 11 2 50
644 11 2 50
388 11 3 50
389 11 3 50
316 11 4 100
64 11 5 100
811 11 6 100
564 11 7 100
582 11 8 100
330 11 9 50
332 11 9 50
258 11 10 50
259 11 10 50
760 11 12 50
759 11 12 50
507 11 13 50
508 11 13 50
449 11 14 100
shutdown 11 15
208 11 16 50
207 11 16 50
580 12 0 50
581 12 0 50
8 12 1 50
6 12 1 50
256 12 2 100
504 12 3 100
401 12 4 100
656 12 5 100
76 12 6 100
327 12 7 100
204 12 8 50
206 12 8 50
456 12 9 50
458 12 9 50
717 12 10 50
718 12 10 50
141 12 11 50
142 12 11 50
270 12 13 50
271 12 13 50
524 12 14 100
773 12 15 100
669 12 16 50
670 12 16 50
201 13 0 50
203 13 0 50
768 13 1 100
519 13 2 100
267 13 3 100
19 13 4 100
595 13 5 100
339 13 6 100
85 13 7 50
86 13 7 50
666 13 8 50
668 13 8 50
408 13 9 50
410 13 9 50
156 13 10 50
157 13 10 50
720 13 11 50
721 13 11 50
462 13 12 50
463 13 12 50
778 13 14 100
529 13 15 100
282 13 16 50
283 13 16 50
664 14 0 33
665 14 0 33
663 14 0 33
81 14 1 50
82 14 1 50
153 14 2 50
155 14 2 50
405 14 3 33
406 14 3 33
407 14 3 33
16 14 4 50
15 14 4 50
264 14 5 50
265 14 5 50
336 14 6 50
337 14 6 50
592 14 7 33
593 14 7 33
591 14 7 33
shutdown 14 8
454 14 9 50
455 14 9 50
518 14 10 100
767 14 11 100
398 14 12 100
652 14 13 100
138 14 15 33
139 14 15 33
140 14 15 33
160 14 16 50
161 14 16 50
280 15 0 33
281 15 0 33
279 15 0 33
24 15 1 33
25 15 1 33
26 15 1 33
776 15 2 50
774 15 2 50
525 15 3 33
526 15 3 33
527 15 3 33
90 15 4 33
91 15 4 33
92 15 4 33
675 15 5 33
676 15 5 33
677 15 5 33
600 15 6 33
601 15 6 33
602 15 6 33
345 15 7 33
346 15 7 33
347 15 7 33
shutdown 15 8
403 15 9 50
404 15 9 50
333 15 10 100
80 15 11 100
461 15 12 100
211 15 13 50
212 15 13 50
152 15 14 33
150 15 14 33
151 15 14 33
379 15 16 50
380 15 16 50
792 16 0 33
793 16 0 33
794 16 0 33
144 16 1 50
146 16 1 50
648 16 2 50
650 16 2 50
57 16 3 33
58 16 3 33
59 16 3 33
276 16 4 50
277 16 4 50
147 16 5 50
149 16 5 50
9 16 6 50
10 16 6 50
712 16 7 50
711 16 7 50
636 16 8 100
501 16 9 33
502 16 9 33
503 16 9 33
510 16 10 50
511 16 10 50
738 16 11 50
739 16 11 50
723 16 12 50
724 16 12 50
240 16 13 50
242 16 13 50
238 16 14 50
239 16 14 50
800 16 15 50
798 16 15 50
