tunnel_num s t weight
163 0 1 100
411 0 2 100
672 0 3 100
87 0 4 100
342 0 5 100
598 0 6 100
21 0 7 100
353 0 8 100
606 0 9 100
31 0 10 100
290 0 11 100
534 0 12 100
780 0 13 100
214 0 14 100
466 0 15 100
659 0 16 100
350 1 0 100
681 1 2 100
419 1 3 100
533 1 4 100
285 1 5 100
27 1 6 100
604 1 7 100
789 1 8 100
543 1 9 100
296 1 10 100
39 1 11 100
168 1 12 100
732 1 13 100
471 1 14 100
222 1 15 100
273 1 16 100
786 2 0 100
220 2 1 100
540 2 3 100
615 2 4 100
36 2 5 100
102 2 6 100
360 2 7 100
429 2 8 100
691 2 9 100
746 2 10 100
180 2 11 100
232 2 12 100
481 2 13 100
552 2 14 100
801 2 15 100
726 2 16 100
426 3 0 100
179 3 1 100
99 3 2 100
612 3 4 100
357 3 5 100
292 3 6 100
33 3 7 100
783 3 8 100
537 3 9 100
470 3 10 100
216 3 11 100
165 3 12 100
729 3 13 100
678 3 14 100
415 3 15 100
491 3 16 100
48 4 0 100
300 4 1 100
550 4 2 100
795 4 3 100
114 4 5 100
372 4 6 100
628 4 7 100
423 4 8 100
689 4 9 100
97 4 10 100
354 4 11 100
228 4 12 100
478 4 13 100
741 4 14 100
175 4 15 100
128 4 16 100
487 5 0 100
243 5 1 100
808 5 2 100
561 5 3 100
312 5 4 100
640 5 6 100
385 5 7 100
45 5 8 100
624 5 9 100
369 5 10 100
111 5 11 100
700 5 12 100
439 5 13 100
183 5 14 100
751 5 15 100
576 5 16 100
125 6 0 100
381 6 1 100
445 6 2 100
707 6 3 100
309 6 4 100
558 6 5 100
62 6 7 100
575 6 8 100
3 6 9 100
72 6 10 100
324 6 11 100
756 6 12 100
189 6 13 100
252 6 14 100
498 6 15 100
198 6 16 100
570 7 0 100
322 7 1 100
249 7 2 100
0 7 3 100
394 7 4 100
136 7 5 100
70 7 6 100
197 7 8 100
762 7 9 100
715 7 10 100
451 7 11 100
13 7 12 100
589 7 13 100
514 7 14 100
262 7 15 100
661 7 16 100
435 8 0 100
697 8 1 100
109 8 2 100
366 8 3 100
623 8 4 100
42 8 5 100
297 8 6 100
546 8 7 100
226 8 9 100
474 8 10 100
735 8 11 100
171 8 12 100
420 8 13 100
684 8 14 100
93 8 15 100
495 8 16 100
54 9 0 100
634 9 1 100
375 9 2 100
120 9 3 100
234 9 4 100
805 9 5 100
556 9 6 100
307 9 7 100
432 9 8 100
748 9 10 100
484 9 11 100
619 9 12 100
363 9 13 100
106 9 14 100
694 9 15 100
133 9 16 100
494 10 0 100
753 10 1 100
813 10 2 100
246 10 3 100
319 10 4 100
567 10 5 100
645 10 6 100
67 10 7 100
51 10 8 100
303 10 9 100
631 10 11 100
702 10 12 100
117 10 13 100
186 10 14 100
441 10 15 100
585 10 16 100
129 11 0 100
708 11 1 100
643 11 2 100
389 11 3 100
316 11 4 100
64 11 5 100
811 11 6 100
565 11 7 100
583 11 8 100
330 11 9 100
259 11 10 100
759 11 12 100
507 11 13 100
449 11 14 100
192 11 15 100
208 11 16 100
581 12 0 100
7 12 1 100
256 12 2 100
504 12 3 100
401 12 4 100
656 12 5 100
76 12 6 100
328 12 7 100
204 12 8 100
456 12 9 100
717 12 10 100
141 12 11 100
270 12 13 100
524 12 14 100
773 12 15 100
669 12 16 100
201 13 0 100
768 13 1 100
519 13 2 100
267 13 3 100
19 13 4 100
595 13 5 100
339 13 6 100
85 13 7 100
666 13 8 100
408 13 9 100
156 13 10 100
720 13 11 100
462 13 12 100
778 13 14 100
529 13 15 100
282 13 16 100
664 14 0 100
81 14 1 100
153 14 2 100
405 14 3 100
15 14 4 100
264 14 5 100
336 14 6 100
592 14 7 100
390 14 8 100
455 14 9 100
517 14 10 100
766 14 11 100
397 14 12 100
652 14 13 100
140 14 15 100
160 14 16 100
280 15 0 100
25 15 1 100
774 15 2 100
526 15 3 100
91 15 4 100
676 15 5 100
600 15 6 100
346 15 7 100
609 15 8 100
404 15 9 100
333 15 10 100
79 15 11 100
460 15 12 100
211 15 13 100
152 15 14 100
379 15 16 100
793 16 0 100
146 16 1 100
648 16 2 100
57 16 3 100
276 16 4 100
149 16 5 100
10 16 6 100
712 16 7 100
637 16 8 100
501 16 9 100
510 16 10 100
740 16 11 100
723 16 12 100
240 16 13 100
239 16 14 100
798 16 15 100
