tunnel_num s t weight
163 0 1 100
411 0 2 100
672 0 3 100
87 0 4 100
342 0 5 100
598 0 6 50
599 0 6 50
21 0 7 100
352 0 8 100
606 0 9 100
32 0 10 100
289 0 11 100
534 0 12 100
780 0 13 100
214 0 14 100
466 0 15 50
467 0 15 50
657 0 16 50
659 0 16 50
349 1 0 50
350 1 0 50
681 1 2 50
682 1 2 50
417 1 3 50
419 1 3 50
531 1 4 33
532 1 4 33
533 1 4 33
285 1 5 33
286 1 5 33
287 1 5 33
27 1 6 33
28 1 6 33
29 1 6 33
604 1 7 100
790 1 8 100
544 1 9 33
545 1 9 33
543 1 9 33
294 1 10 100
41 1 11 50
39 1 11 50
168 1 12 50
170 1 12 50
732 1 13 50
733 1 13 50
472 1 14 33
473 1 14 33
471 1 14 33
224 1 15 33
222 1 15 33
223 1 15 33
273 1 16 33
274 1 16 33
275 1 16 33
786 2 0 100
219 2 1 50
220 2 1 50
540 2 3 100
616 2 4 50
615 2 4 50
36 2 5 50
37 2 5 50
102 2 6 50
103 2 6 50
360 2 7 100
430 2 8 100
690 2 9 33
691 2 9 33
692 2 9 33
744 2 10 50
746 2 10 50
181 2 11 100
233 2 12 50
231 2 12 50
480 2 13 100
552 2 14 50
553 2 14 50
801 2 15 33
802 2 15 33
803 2 15 33
726 2 16 50
727 2 16 50
426 3 0 100
178 3 1 50
179 3 1 50
99 3 2 100
612 3 4 50
614 3 4 50
357 3 5 50
359 3 5 50
292 3 6 50
293 3 6 50
33 3 7 100
shutdown 3 8
537 3 9 50
539 3 9 50
468 3 10 100
218 3 11 100
167 3 12 100
729 3 13 50
731 3 13 50
680 3 14 50
678 3 14 50
416 3 15 50
415 3 15 50
489 3 16 50
491 3 16 50
48 4 0 100
300 4 1 33
301 4 1 33
302 4 1 33
549 4 2 50
550 4 2 50
795 4 3 100
114 4 5 50
115 4 5 50
372 4 6 50
373 4 6 50
628 4 7 100
424 4 8 50
425 4 8 50
688 4 9 33
689 4 9 33
687 4 9 33
97 4 10 50
98 4 10 50
355 4 11 50
356 4 11 50
229 4 12 50
230 4 12 50
477 4 13 50
479 4 13 50
741 4 14 50
742 4 14 50
176 4 15 33
174 4 15 33
175 4 15 33
126 4 16 50
127 4 16 50
487 5 0 100
243 5 1 33
244 5 1 33
245 5 1 33
808 5 2 50
807 5 2 50
561 5 3 100
312 5 4 33
313 5 4 33
314 5 4 33
640 5 6 33
641 5 6 33
639 5 6 33
385 5 7 100
46 5 8 100
624 5 9 33
625 5 9 33
626 5 9 33
369 5 10 50
371 5 10 50
112 5 11 50
113 5 11 50
699 5 12 50
701 5 12 50
438 5 13 50
439 5 13 50
184 5 14 33
185 5 14 33
183 5 14 33
752 5 15 33
750 5 15 33
751 5 15 33
576 5 16 33
577 5 16 33
578 5 16 33
124 6 0 50
125 6 0 50
381 6 1 33
382 6 1 33
383 6 1 33
444 6 2 50
445 6 2 50
705 6 3 50
707 6 3 50
309 6 4 50
310 6 4 50
560 6 5 33
558 6 5 33
559 6 5 33
61 6 7 50
62 6 7 50
574 6 8 100
3 6 9 33
4 6 9 33
5 6 9 33
72 6 10 50
74 6 10 50
325 6 11 50
326 6 11 50
757 6 12 50
758 6 12 50
189 6 13 50
190 6 13 50
252 6 14 33
253 6 14 33
254 6 14 33
498 6 15 33
499 6 15 33
500 6 15 33
200 6 16 33
198 6 16 33
199 6 16 33
570 7 0 100
322 7 1 100
249 7 2 100
0 7 3 100
394 7 4 100
136 7 5 100
70 7 6 50
71 7 6 50
196 7 8 100
762 7 9 100
shutdown 7 10
451 7 11 100
13 7 12 100
589 7 13 100
514 7 14 100
262 7 15 100
661 7 16 100
shutdown 8 0
697 8 1 100
109 8 2 100
shutdown 8 3
622 8 4 50
623 8 4 50
43 8 5 100
298 8 6 100
shutdown 8 7
226 8 9 100
474 8 10 100
735 8 11 100
171 8 12 50
173 8 12 50
420 8 13 50
422 8 13 50
685 8 14 100
94 8 15 100
495 8 16 100
54 9 0 100
633 9 1 33
634 9 1 33
635 9 1 33
376 9 2 33
377 9 2 33
375 9 2 33
120 9 3 50
122 9 3 50
234 9 4 33
235 9 4 33
236 9 4 33
804 9 5 33
805 9 5 33
806 9 5 33
555 9 6 33
556 9 6 33
557 9 6 33
307 9 7 100
433 9 8 50
434 9 8 50
747 9 10 50
749 9 10 50
483 9 11 50
485 9 11 50
618 9 12 50
620 9 12 50
363 9 13 33
364 9 13 33
365 9 13 33
105 9 14 33
106 9 14 33
107 9 14 33
693 9 15 33
694 9 15 33
695 9 15 33
132 9 16 33
133 9 16 33
134 9 16 33
494 10 0 100
753 10 1 100
813 10 2 50
815 10 2 50
246 10 3 100
320 10 4 50
319 10 4 50
569 10 5 50
567 10 5 50
645 10 6 50
647 10 6 50
shutdown 10 7
51 10 8 100
305 10 9 50
303 10 9 50
630 10 11 50
631 10 11 50
704 10 12 33
702 10 12 33
703 10 12 33
117 10 13 33
118 10 13 33
119 10 13 33
186 10 14 33
187 10 14 33
188 10 14 33
441 10 15 33
442 10 15 33
443 10 15 33
585 10 16 50
586 10 16 50
shutdown 11 0
708 11 1 50
710 11 1 50
643 11 2 100
389 11 3 100
316 11 4 50
317 11 4 50
64 11 5 50
65 11 5 50
811 11 6 50
812 11 6 50
shutdown 11 7
582 11 8 100
330 11 9 50
332 11 9 50
258 11 10 50
259 11 10 50
760 11 12 50
759 11 12 50
507 11 13 50
508 11 13 50
449 11 14 50
447 11 14 50
193 11 15 100
208 11 16 50
207 11 16 50
581 12 0 100
8 12 1 50
6 12 1 50
256 12 2 50
257 12 2 50
504 12 3 100
400 12 4 50
401 12 4 50
656 12 5 50
654 12 5 50
76 12 6 50
77 12 6 50
shutdown 12 7
204 12 8 50
206 12 8 50
456 12 9 50
458 12 9 50
717 12 10 33
718 12 10 33
719 12 10 33
141 12 11 50
142 12 11 50
270 12 13 50
271 12 13 50
522 12 14 50
524 12 14 50
771 12 15 50
773 12 15 50
669 12 16 33
670 12 16 33
671 12 16 33
201 13 0 100
768 13 1 50
769 13 1 50
519 13 2 100
267 13 3 50
269 13 3 50
18 13 4 50
19 13 4 50
594 13 5 50
595 13 5 50
339 13 6 50
340 13 6 50
85 13 7 100
666 13 8 50
668 13 8 50
408 13 9 33
409 13 9 33
410 13 9 33
156 13 10 33
157 13 10 33
158 13 10 33
720 13 11 50
721 13 11 50
462 13 12 50
463 13 12 50
777 13 14 50
778 13 14 50
528 13 15 33
529 13 15 33
530 13 15 33
282 13 16 33
283 13 16 33
284 13 16 33
664 14 0 100
81 14 1 33
82 14 1 33
83 14 1 33
153 14 2 50
154 14 2 50
405 14 3 50
407 14 3 50
16 14 4 33
17 14 4 33
15 14 4 33
264 14 5 33
265 14 5 33
266 14 5 33
336 14 6 33
337 14 6 33
338 14 6 33
592 14 7 100
391 14 8 100
453 14 9 33
454 14 9 33
455 14 9 33
516 14 10 50
518 14 10 50
765 14 11 50
767 14 11 50
396 14 12 50
398 14 12 50
651 14 13 50
652 14 13 50
138 14 15 33
139 14 15 33
140 14 15 33
160 14 16 33
161 14 16 33
159 14 16 33
280 15 0 50
281 15 0 50
24 15 1 33
25 15 1 33
26 15 1 33
776 15 2 33
774 15 2 33
775 15 2 33
526 15 3 50
527 15 3 50
90 15 4 33
91 15 4 33
92 15 4 33
675 15 5 33
676 15 5 33
677 15 5 33
600 15 6 33
601 15 6 33
602 15 6 33
346 15 7 100
610 15 8 100
402 15 9 33
403 15 9 33
404 15 9 33
333 15 10 33
334 15 10 33
335 15 10 33
80 15 11 50
78 15 11 50
459 15 12 50
461 15 12 50
210 15 13 33
211 15 13 33
212 15 13 33
152 15 14 33
150 15 14 33
151 15 14 33
378 15 16 33
379 15 16 33
380 15 16 33
793 16 0 100
144 16 1 33
145 16 1 33
146 16 1 33
648 16 2 50
649 16 2 50
57 16 3 50
59 16 3 50
276 16 4 33
277 16 4 33
278 16 4 33
147 16 5 33
148 16 5 33
149 16 5 33
9 16 6 33
10 16 6 33
11 16 6 33
712 16 7 100
636 16 8 100
501 16 9 33
502 16 9 33
503 16 9 33
510 16 10 50
511 16 10 50
738 16 11 50
739 16 11 50
723 16 12 33
724 16 12 33
725 16 12 33
240 16 13 33
241 16 13 33
242 16 13 33
237 16 14 33
238 16 14 33
239 16 14 33
800 16 15 33
798 16 15 33
799 16 15 33
