tunnel_num s t weight
162 0 1 33
163 0 1 33
164 0 1 33
411 0 2 33
412 0 2 33
413 0 2 33
672 0 3 33
673 0 3 33
674 0 3 33
88 0 4 33
89 0 4 33
87 0 4 33
344 0 5 33
342 0 5 33
343 0 5 33
597 0 6 33
598 0 6 33
599 0 6 33
21 0 7 33
22 0 7 33
23 0 7 33
352 0 8 100
608 0 9 33
606 0 9 33
607 0 9 33
32 0 10 50
30 0 10 50
289 0 11 100
536 0 12 50
534 0 12 50
780 0 13 33
781 0 13 33
782 0 13 33
213 0 14 33
214 0 14 33
215 0 14 33
465 0 15 33
466 0 15 33
467 0 15 33
657 0 16 33
658 0 16 33
659 0 16 33
348 1 0 33
349 1 0 33
350 1 0 33
681 1 2 33
682 1 2 33
683 1 2 33
417 1 3 33
418 1 3 33
419 1 3 33
531 1 4 33
532 1 4 33
533 1 4 33
285 1 5 33
286 1 5 33
287 1 5 33
27 1 6 33
28 1 6 33
29 1 6 33
603 1 7 33
604 1 7 33
605 1 7 33
790 1 8 100
544 1 9 33
545 1 9 33
543 1 9 33
294 1 10 100
39 1 11 100
168 1 12 50
170 1 12 50
732 1 13 50
733 1 13 50
472 1 14 33
473 1 14 33
471 1 14 33
224 1 15 33
222 1 15 33
223 1 15 33
273 1 16 33
274 1 16 33
275 1 16 33
786 2 0 33
787 2 0 33
788 2 0 33
219 2 1 33
220 2 1 33
221 2 1 33
540 2 3 33
541 2 3 33
542 2 3 33
616 2 4 33
617 2 4 33
615 2 4 33
36 2 5 33
37 2 5 33
38 2 5 33
104 2 6 33
102 2 6 33
103 2 6 33
360 2 7 33
361 2 7 33
362 2 7 33
430 2 8 100
690 2 9 33
691 2 9 33
692 2 9 33
744 2 10 50
746 2 10 50
181 2 11 100
231 2 12 100
480 2 13 50
482 2 13 50
552 2 14 33
553 2 14 33
554 2 14 33
801 2 15 33
802 2 15 33
803 2 15 33
728 2 16 33
726 2 16 33
727 2 16 33
426 3 0 33
427 3 0 33
428 3 0 33
177 3 1 33
178 3 1 33
179 3 1 33
99 3 2 33
100 3 2 33
101 3 2 33
612 3 4 33
613 3 4 33
614 3 4 33
357 3 5 33
358 3 5 33
359 3 5 33
291 3 6 33
292 3 6 33
293 3 6 33
33 3 7 33
34 3 7 33
35 3 7 33
784 3 8 100
537 3 9 33
538 3 9 33
539 3 9 33
468 3 10 100
217 3 11 50
218 3 11 50
166 3 12 50
167 3 12 50
729 3 13 33
730 3 13 33
731 3 13 33
680 3 14 33
678 3 14 33
679 3 14 33
416 3 15 33
414 3 15 33
415 3 15 33
489 3 16 33
490 3 16 33
491 3 16 33
48 4 0 33
49 4 0 33
50 4 0 33
300 4 1 33
301 4 1 33
302 4 1 33
549 4 2 33
550 4 2 33
551 4 2 33
795 4 3 33
796 4 3 33
797 4 3 33
114 4 5 50
115 4 5 50
372 4 6 33
373 4 6 33
374 4 6 33
627 4 7 33
628 4 7 33
629 4 7 33
425 4 8 100
688 4 9 33
689 4 9 33
687 4 9 33
97 4 10 50
98 4 10 50
356 4 11 100
229 4 12 50
230 4 12 50
477 4 13 50
479 4 13 50
741 4 14 50
742 4 14 50
176 4 15 33
174 4 15 33
175 4 15 33
126 4 16 50
127 4 16 50
488 5 0 33
486 5 0 33
487 5 0 33
243 5 1 33
244 5 1 33
245 5 1 33
808 5 2 33
809 5 2 33
807 5 2 33
561 5 3 33
562 5 3 33
563 5 3 33
312 5 4 33
313 5 4 33
314 5 4 33
640 5 6 33
641 5 6 33
639 5 6 33
384 5 7 33
385 5 7 33
386 5 7 33
shutdown 5 8
624 5 9 33
625 5 9 33
626 5 9 33
369 5 10 50
371 5 10 50
112 5 11 100
699 5 12 50
701 5 12 50
438 5 13 50
439 5 13 50
184 5 14 33
185 5 14 33
183 5 14 33
752 5 15 33
750 5 15 33
751 5 15 33
576 5 16 33
577 5 16 33
578 5 16 33
123 6 0 33
124 6 0 33
125 6 0 33
381 6 1 33
382 6 1 33
383 6 1 33
444 6 2 33
445 6 2 33
446 6 2 33
705 6 3 33
706 6 3 33
707 6 3 33
309 6 4 33
310 6 4 33
311 6 4 33
560 6 5 33
558 6 5 33
559 6 5 33
60 6 7 33
61 6 7 33
62 6 7 33
574 6 8 100
3 6 9 33
4 6 9 33
5 6 9 33
72 6 10 50
74 6 10 50
325 6 11 100
757 6 12 50
758 6 12 50
189 6 13 50
190 6 13 50
252 6 14 33
253 6 14 33
254 6 14 33
498 6 15 33
499 6 15 33
500 6 15 33
200 6 16 33
198 6 16 33
199 6 16 33
570 7 0 33
571 7 0 33
572 7 0 33
321 7 1 33
322 7 1 33
323 7 1 33
249 7 2 33
250 7 2 33
251 7 2 33
0 7 3 33
1 7 3 33
2 7 3 33
393 7 4 33
394 7 4 33
395 7 4 33
136 7 5 33
137 7 5 33
135 7 5 33
69 7 6 33
70 7 6 33
71 7 6 33
196 7 8 100
762 7 9 33
763 7 9 33
764 7 9 33
714 7 10 100
451 7 11 50
452 7 11 50
13 7 12 50
14 7 12 50
588 7 13 33
589 7 13 33
590 7 13 33
513 7 14 33
514 7 14 33
515 7 14 33
261 7 15 33
262 7 15 33
263 7 15 33
660 7 16 33
661 7 16 33
662 7 16 33
436 8 0 100
697 8 1 100
109 8 2 100
367 8 3 100
622 8 4 50
623 8 4 50
shutdown 8 5
298 8 6 100
547 8 7 100
226 8 9 100
474 8 10 100
735 8 11 100
173 8 12 100
422 8 13 100
shutdown 8 14
shutdown 8 15
495 8 16 100
56 9 0 33
54 9 0 33
55 9 0 33
633 9 1 33
634 9 1 33
635 9 1 33
376 9 2 33
377 9 2 33
375 9 2 33
120 9 3 33
121 9 3 33
122 9 3 33
234 9 4 33
235 9 4 33
236 9 4 33
804 9 5 33
805 9 5 33
806 9 5 33
555 9 6 33
556 9 6 33
557 9 6 33
306 9 7 33
307 9 7 33
308 9 7 33
433 9 8 100
747 9 10 100
483 9 11 100
618 9 12 100
363 9 13 50
364 9 13 50
105 9 14 33
106 9 14 33
107 9 14 33
693 9 15 33
694 9 15 33
695 9 15 33
132 9 16 33
133 9 16 33
134 9 16 33
492 10 0 50
494 10 0 50
753 10 1 100
813 10 2 50
815 10 2 50
246 10 3 100
320 10 4 50
319 10 4 50
569 10 5 50
567 10 5 50
645 10 6 50
647 10 6 50
66 10 7 100
51 10 8 100
303 10 9 100
630 10 11 100
704 10 12 50
703 10 12 50
117 10 13 50
119 10 13 50
186 10 14 50
188 10 14 50
441 10 15 50
443 10 15 50
585 10 16 100
130 11 0 100
708 11 1 100
643 11 2 100
388 11 3 50
389 11 3 50
316 11 4 100
64 11 5 100
811 11 6 100
564 11 7 100
582 11 8 100
330 11 9 100
258 11 10 100
760 11 12 100
508 11 13 100
449 11 14 100
shutdown 11 15
207 11 16 100
580 12 0 50
581 12 0 50
6 12 1 100
256 12 2 50
257 12 2 50
504 12 3 100
400 12 4 50
401 12 4 50
656 12 5 50
654 12 5 50
76 12 6 50
77 12 6 50
327 12 7 100
206 12 8 100
456 12 9 100
718 12 10 50
719 12 10 50
142 12 11 100
270 12 13 100
522 12 14 50
524 12 14 50
771 12 15 50
773 12 15 50
669 12 16 50
671 12 16 50
201 13 0 33
202 13 0 33
203 13 0 33
768 13 1 50
769 13 1 50
521 13 2 50
519 13 2 50
267 13 3 33
268 13 3 33
269 13 3 33
18 13 4 50
19 13 4 50
594 13 5 50
595 13 5 50
339 13 6 50
340 13 6 50
84 13 7 33
85 13 7 33
86 13 7 33
668 13 8 100
408 13 9 50
409 13 9 50
156 13 10 50
158 13 10 50
721 13 11 100
462 13 12 100
777 13 14 50
778 13 14 50
528 13 15 33
529 13 15 33
530 13 15 33
282 13 16 50
284 13 16 50
664 14 0 33
665 14 0 33
663 14 0 33
81 14 1 33
82 14 1 33
83 14 1 33
153 14 2 33
154 14 2 33
155 14 2 33
405 14 3 33
406 14 3 33
407 14 3 33
16 14 4 33
17 14 4 33
15 14 4 33
264 14 5 33
265 14 5 33
266 14 5 33
336 14 6 33
337 14 6 33
338 14 6 33
592 14 7 33
593 14 7 33
591 14 7 33
shutdown 14 8
453 14 9 33
454 14 9 33
455 14 9 33
516 14 10 50
518 14 10 50
767 14 11 100
396 14 12 50
398 14 12 50
651 14 13 50
652 14 13 50
138 14 15 33
139 14 15 33
140 14 15 33
160 14 16 33
161 14 16 33
159 14 16 33
280 15 0 33
281 15 0 33
279 15 0 33
24 15 1 33
25 15 1 33
26 15 1 33
776 15 2 33
774 15 2 33
775 15 2 33
525 15 3 33
526 15 3 33
527 15 3 33
90 15 4 33
91 15 4 33
92 15 4 33
675 15 5 33
676 15 5 33
677 15 5 33
600 15 6 33
601 15 6 33
602 15 6 33
345 15 7 33
346 15 7 33
347 15 7 33
shutdown 15 8
402 15 9 33
403 15 9 33
404 15 9 33
333 15 10 50
335 15 10 50
80 15 11 100
459 15 12 50
461 15 12 50
210 15 13 33
211 15 13 33
212 15 13 33
152 15 14 33
150 15 14 33
151 15 14 33
378 15 16 33
379 15 16 33
380 15 16 33
792 16 0 33
793 16 0 33
794 16 0 33
144 16 1 33
145 16 1 33
146 16 1 33
648 16 2 33
649 16 2 33
650 16 2 33
57 16 3 33
58 16 3 33
59 16 3 33
276 16 4 33
277 16 4 33
278 16 4 33
147 16 5 33
148 16 5 33
149 16 5 33
9 16 6 33
10 16 6 33
11 16 6 33
712 16 7 33
713 16 7 33
711 16 7 33
636 16 8 100
501 16 9 33
502 16 9 33
503 16 9 33
510 16 10 100
738 16 11 100
723 16 12 50
725 16 12 50
240 16 13 50
241 16 13 50
237 16 14 33
238 16 14 33
239 16 14 33
800 16 15 33
798 16 15 33
799 16 15 33
