tunnel_num s t weight
162 0 1 40
163 0 1 59
411 0 2 100
672 0 3 100
88 0 4 100
344 0 5 100
597 0 6 100
21 0 7 100
352 0 8 100
607 0 9 100
32 0 10 100
289 0 11 100
534 0 12 100
780 0 13 100
213 0 14 40
214 0 14 59
465 0 15 100
658 0 16 100
350 1 0 100
681 1 2 100
419 1 3 100
533 1 4 100
287 1 5 100
29 1 6 100
603 1 7 100
790 1 8 100
544 1 9 100
295 1 10 100
40 1 11 100
169 1 12 100
734 1 13 100
473 1 14 100
224 1 15 100
275 1 16 100
786 2 0 100
219 2 1 100
540 2 3 100
615 2 4 100
36 2 5 100
103 2 6 100
361 2 7 100
429 2 8 100
691 2 9 100
745 2 10 100
180 2 11 100
233 2 12 100
481 2 13 100
552 2 14 100
801 2 15 100
726 2 16 100
426 3 0 100
178 3 1 100
99 3 2 100
613 3 4 100
357 3 5 100
291 3 6 100
33 3 7 100
783 3 8 100
538 3 9 100
468 3 10 100
216 3 11 100
165 3 12 100
729 3 13 100
678 3 14 100
414 3 15 100
490 3 16 100
49 4 0 100
302 4 1 100
549 4 2 100
795 4 3 100
116 4 5 100
372 4 6 100
627 4 7 98
628 4 7 1
425 4 8 100
687 4 9 100
96 4 10 100
354 4 11 100
228 4 12 100
477 4 13 100
742 4 14 100
175 4 15 100
127 4 16 100
488 5 0 100
245 5 1 100
807 5 2 100
561 5 3 100
312 5 4 100
641 5 6 100
385 5 7 100
46 5 8 100
626 5 9 100
371 5 10 100
113 5 11 100
700 5 12 100
440 5 13 100
185 5 14 100
751 5 15 100
578 5 16 100
123 6 0 100
383 6 1 100
444 6 2 100
705 6 3 100
309 6 4 100
560 6 5 100
60 6 7 100
574 6 8 100
4 6 9 100
72 6 10 100
324 6 11 100
756 6 12 100
189 6 13 100
252 6 14 100
499 6 15 100
198 6 16 100
570 7 0 100
321 7 1 100
251 7 2 100
0 7 3 100
394 7 4 100
136 7 5 100
69 7 6 100
196 7 8 100
763 7 9 100
714 7 10 100
451 7 11 100
12 7 12 100
588 7 13 100
514 7 14 100
262 7 15 100
660 7 16 100
435 8 0 100
697 8 1 100
109 8 2 100
366 8 3 24
367 8 3 75
621 8 4 100
43 8 5 100
298 8 6 100
547 8 7 100
226 8 9 100
474 8 10 100
735 8 11 100
171 8 12 100
420 8 13 100
684 8 14 100
93 8 15 100
495 8 16 100
54 9 0 100
634 9 1 100
375 9 2 100
120 9 3 100
235 9 4 100
806 9 5 100
555 9 6 100
307 9 7 100
432 9 8 100
747 9 10 100
483 9 11 100
620 9 12 100
363 9 13 100
106 9 14 100
693 9 15 100
133 9 16 100
494 10 0 100
753 10 1 100
813 10 2 62
814 10 2 37
248 10 3 100
319 10 4 100
569 10 5 100
645 10 6 100
66 10 7 100
52 10 8 100
303 10 9 100
630 10 11 100
703 10 12 100
118 10 13 100
187 10 14 100
441 10 15 100
585 10 16 100
129 11 0 100
709 11 1 100
642 11 2 100
387 11 3 100
315 11 4 100
65 11 5 100
810 11 6 100
564 11 7 100
583 11 8 100
330 11 9 100
258 11 10 100
759 11 12 100
507 11 13 100
447 11 14 100
192 11 15 100
207 11 16 100
581 12 0 100
8 12 1 100
255 12 2 100
504 12 3 100
400 12 4 100
655 12 5 100
77 12 6 100
329 12 7 64
327 12 7 35
204 12 8 100
456 12 9 100
718 12 10 100
141 12 11 100
270 12 13 100
523 12 14 100
771 12 15 100
670 12 16 100
201 13 0 100
770 13 1 100
519 13 2 100
267 13 3 100
20 13 4 100
596 13 5 100
340 13 6 100
84 13 7 100
666 13 8 100
408 13 9 100
157 13 10 100
721 13 11 100
462 13 12 100
777 13 14 100
529 13 15 100
283 13 16 100
664 14 0 100
83 14 1 100
154 14 2 100
407 14 3 100
16 14 4 100
265 14 5 100
336 14 6 100
592 14 7 76
591 14 7 23
390 14 8 100
453 14 9 100
516 14 10 100
765 14 11 100
397 14 12 100
653 14 13 100
139 14 15 100
161 14 16 84
159 14 16 15
279 15 0 100
24 15 1 100
775 15 2 100
527 15 3 100
91 15 4 100
676 15 5 100
601 15 6 100
345 15 7 100
609 15 8 100
402 15 9 100
333 15 10 100
78 15 11 100
461 15 12 100
211 15 13 100
151 15 14 100
379 15 16 100
792 16 0 100
146 16 1 100
648 16 2 100
58 16 3 100
276 16 4 100
149 16 5 100
9 16 6 100
711 16 7 100
637 16 8 100
502 16 9 100
510 16 10 100
738 16 11 100
724 16 12 100
242 16 13 100
237 16 14 100
799 16 15 100
