tunnel_num s t weight
shutdown 0 12
39 1 11 100
shutdown 1 12
165 3 12 100
114 4 5 100
354 4 11 100
228 4 12 100
477 4 13 100
741 4 14 100
45 5 8 100
700 5 12 100
325 6 11 100
shutdown 6 12
shutdown 7 12
42 8 5 100
171 8 12 100
684 8 14 100
95 8 15 100
702 10 12 100
708 11 1 100
315 11 4 100
811 11 6 100
759 11 12 100
194 11 15 100
207 11 16 100
579 12 0 100
8 12 1 100
255 12 2 100
506 12 3 100
399 12 4 100
655 12 5 100
shutdown 12 6
328 12 7 100
204 12 8 100
717 12 10 100
141 12 11 100
523 12 14 100
shutdown 12 15
670 12 16 100
390 14 8 100
397 14 12 100
611 15 8 100
80 15 11 100
shutdown 15 12
724 16 12 100
