tunnel_num s t weight
162 0 1 33
163 0 1 33
164 0 1 33
411 0 2 33
412 0 2 33
413 0 2 33
672 0 3 33
673 0 3 33
674 0 3 33
88 0 4 33
89 0 4 33
87 0 4 33
344 0 5 33
342 0 5 33
343 0 5 33
597 0 6 33
598 0 6 33
599 0 6 33
21 0 7 33
22 0 7 33
23 0 7 33
353 0 8 50
351 0 8 50
608 0 9 33
606 0 9 33
607 0 9 33
31 0 10 100
288 0 11 50
290 0 11 50
536 0 12 33
534 0 12 33
535 0 12 33
780 0 13 50
782 0 13 50
214 0 14 50
215 0 14 50
465 0 15 50
467 0 15 50
657 0 16 33
658 0 16 33
659 0 16 33
348 1 0 33
349 1 0 33
350 1 0 33
681 1 2 33
682 1 2 33
683 1 2 33
417 1 3 33
418 1 3 33
419 1 3 33
531 1 4 33
532 1 4 33
533 1 4 33
285 1 5 33
286 1 5 33
287 1 5 33
27 1 6 50
28 1 6 50
603 1 7 33
604 1 7 33
605 1 7 33
789 1 8 50
791 1 8 50
544 1 9 33
545 1 9 33
543 1 9 33
296 1 10 50
295 1 10 50
40 1 11 50
41 1 11 50
168 1 12 33
169 1 12 33
170 1 12 33
732 1 13 33
733 1 13 33
734 1 13 33
472 1 14 50
471 1 14 50
222 1 15 100
273 1 16 33
274 1 16 33
275 1 16 33
786 2 0 33
787 2 0 33
788 2 0 33
219 2 1 33
220 2 1 33
221 2 1 33
540 2 3 33
541 2 3 33
542 2 3 33
616 2 4 33
617 2 4 33
615 2 4 33
36 2 5 50
37 2 5 50
104 2 6 33
102 2 6 33
103 2 6 33
360 2 7 33
361 2 7 33
362 2 7 33
429 2 8 50
431 2 8 50
690 2 9 33
691 2 9 33
692 2 9 33
745 2 10 100
180 2 11 100
232 2 12 50
231 2 12 50
480 2 13 50
481 2 13 50
552 2 14 50
553 2 14 50
801 2 15 100
728 2 16 33
726 2 16 33
727 2 16 33
426 3 0 33
427 3 0 33
428 3 0 33
177 3 1 33
178 3 1 33
179 3 1 33
99 3 2 33
100 3 2 33
101 3 2 33
612 3 4 33
613 3 4 33
614 3 4 33
357 3 5 33
358 3 5 33
359 3 5 33
291 3 6 33
292 3 6 33
293 3 6 33
33 3 7 33
34 3 7 33
35 3 7 33
785 3 8 50
783 3 8 50
537 3 9 33
538 3 9 33
539 3 9 33
469 3 10 50
470 3 10 50
216 3 11 100
165 3 12 50
167 3 12 50
729 3 13 50
731 3 13 50
680 3 14 50
678 3 14 50
416 3 15 50
414 3 15 50
489 3 16 33
490 3 16 33
491 3 16 33
48 4 0 33
49 4 0 33
50 4 0 33
300 4 1 33
301 4 1 33
302 4 1 33
549 4 2 33
550 4 2 33
551 4 2 33
795 4 3 33
796 4 3 33
797 4 3 33
114 4 5 33
115 4 5 33
116 4 5 33
372 4 6 33
373 4 6 33
374 4 6 33
627 4 7 33
628 4 7 33
629 4 7 33
424 4 8 50
423 4 8 50
688 4 9 33
689 4 9 33
687 4 9 33
96 4 10 100
354 4 11 50
355 4 11 50
228 4 12 33
229 4 12 33
230 4 12 33
477 4 13 33
478 4 13 33
479 4 13 33
741 4 14 50
743 4 14 50
176 4 15 50
174 4 15 50
126 4 16 50
127 4 16 50
488 5 0 33
486 5 0 33
487 5 0 33
243 5 1 33
244 5 1 33
245 5 1 33
808 5 2 50
807 5 2 50
561 5 3 33
562 5 3 33
563 5 3 33
312 5 4 33
313 5 4 33
314 5 4 33
640 5 6 50
639 5 6 50
384 5 7 33
385 5 7 33
386 5 7 33
45 5 8 33
46 5 8 33
47 5 8 33
624 5 9 33
625 5 9 33
626 5 9 33
370 5 10 100
113 5 11 50
111 5 11 50
699 5 12 33
700 5 12 33
701 5 12 33
440 5 13 33
438 5 13 33
439 5 13 33
184 5 14 50
183 5 14 50
752 5 15 50
751 5 15 50
576 5 16 33
577 5 16 33
578 5 16 33
123 6 0 33
124 6 0 33
125 6 0 33
381 6 1 50
382 6 1 50
444 6 2 33
445 6 2 33
446 6 2 33
705 6 3 33
706 6 3 33
707 6 3 33
309 6 4 33
310 6 4 33
311 6 4 33
558 6 5 50
559 6 5 50
60 6 7 33
61 6 7 33
62 6 7 33
573 6 8 50
575 6 8 50
3 6 9 33
4 6 9 33
5 6 9 33
73 6 10 100
324 6 11 100
756 6 12 50
758 6 12 50
189 6 13 50
191 6 13 50
253 6 14 50
254 6 14 50
498 6 15 100
198 6 16 50
199 6 16 50
570 7 0 33
571 7 0 33
572 7 0 33
321 7 1 33
322 7 1 33
323 7 1 33
249 7 2 33
250 7 2 33
251 7 2 33
0 7 3 33
1 7 3 33
2 7 3 33
393 7 4 33
394 7 4 33
395 7 4 33
136 7 5 33
137 7 5 33
135 7 5 33
69 7 6 33
70 7 6 33
71 7 6 33
195 7 8 50
197 7 8 50
762 7 9 33
763 7 9 33
764 7 9 33
715 7 10 50
716 7 10 50
450 7 11 100
12 7 12 33
13 7 12 33
14 7 12 33
589 7 13 50
590 7 13 50
514 7 14 50
515 7 14 50
261 7 15 100
660 7 16 50
661 7 16 50
435 8 0 50
437 8 0 50
696 8 1 50
698 8 1 50
108 8 2 50
110 8 2 50
368 8 3 50
366 8 3 50
621 8 4 100
42 8 5 33
43 8 5 33
44 8 5 33
297 8 6 50
299 8 6 50
546 8 7 50
548 8 7 50
225 8 9 50
227 8 9 50
474 8 10 100
736 8 11 50
735 8 11 50
171 8 12 50
172 8 12 50
420 8 13 50
421 8 13 50
684 8 14 50
685 8 14 50
93 8 15 100
496 8 16 50
497 8 16 50
56 9 0 33
54 9 0 33
55 9 0 33
633 9 1 33
634 9 1 33
635 9 1 33
376 9 2 33
377 9 2 33
375 9 2 33
120 9 3 33
121 9 3 33
122 9 3 33
234 9 4 33
235 9 4 33
236 9 4 33
804 9 5 33
805 9 5 33
806 9 5 33
555 9 6 50
556 9 6 50
306 9 7 33
307 9 7 33
308 9 7 33
432 9 8 50
434 9 8 50
748 9 10 50
749 9 10 50
484 9 11 50
485 9 11 50
618 9 12 50
619 9 12 50
363 9 13 50
364 9 13 50
105 9 14 33
106 9 14 33
107 9 14 33
694 9 15 50
695 9 15 50
132 9 16 33
133 9 16 33
134 9 16 33
493 10 0 100
754 10 1 50
755 10 1 50
814 10 2 100
248 10 3 50
247 10 3 50
318 10 4 100
568 10 5 100
646 10 6 100
67 10 7 50
68 10 7 50
51 10 8 100
304 10 9 50
305 10 9 50
630 10 11 100
702 10 12 100
118 10 13 100
187 10 14 100
shutdown 10 15
586 10 16 50
587 10 16 50
129 11 0 50
131 11 0 50
709 11 1 50
710 11 1 50
642 11 2 50
644 11 2 50
387 11 3 100
315 11 4 50
317 11 4 50
65 11 5 50
63 11 5 50
810 11 6 100
565 11 7 50
566 11 7 50
582 11 8 100
331 11 9 50
332 11 9 50
258 11 10 100
761 11 12 50
759 11 12 50
507 11 13 50
509 11 13 50
448 11 14 50
447 11 14 50
192 11 15 100
208 11 16 50
209 11 16 50
579 12 0 33
580 12 0 33
581 12 0 33
6 12 1 50
7 12 1 50
256 12 2 33
257 12 2 33
255 12 2 33
504 12 3 33
505 12 3 33
506 12 3 33
400 12 4 33
401 12 4 33
399 12 4 33
656 12 5 33
654 12 5 33
655 12 5 33
75 12 6 50
76 12 6 50
328 12 7 33
329 12 7 33
327 12 7 33
204 12 8 50
205 12 8 50
456 12 9 50
457 12 9 50
717 12 10 100
141 12 11 50
143 12 11 50
272 12 13 50
270 12 13 50
522 12 14 33
523 12 14 33
524 12 14 33
772 12 15 50
773 12 15 50
669 12 16 50
671 12 16 50
201 13 0 50
203 13 0 50
768 13 1 33
769 13 1 33
770 13 1 33
520 13 2 50
519 13 2 50
267 13 3 50
269 13 3 50
18 13 4 33
19 13 4 33
20 13 4 33
594 13 5 33
595 13 5 33
596 13 5 33
339 13 6 50
341 13 6 50
85 13 7 50
86 13 7 50
666 13 8 50
667 13 8 50
408 13 9 50
409 13 9 50
157 13 10 100
720 13 11 50
722 13 11 50
464 13 12 50
462 13 12 50
777 13 14 50
778 13 14 50
529 13 15 50
530 13 15 50
282 13 16 50
284 13 16 50
664 14 0 50
665 14 0 50
81 14 1 50
83 14 1 50
153 14 2 50
154 14 2 50
405 14 3 100
17 14 4 50
15 14 4 50
264 14 5 50
266 14 5 50
337 14 6 50
338 14 6 50
592 14 7 50
593 14 7 50
390 14 8 50
391 14 8 50
453 14 9 33
454 14 9 33
455 14 9 33
517 14 10 100
765 14 11 50
766 14 11 50
396 14 12 33
397 14 12 33
398 14 12 33
651 14 13 50
652 14 13 50
139 14 15 50
140 14 15 50
160 14 16 50
159 14 16 50
281 15 0 50
279 15 0 50
24 15 1 50
26 15 1 50
774 15 2 100
525 15 3 50
527 15 3 50
90 15 4 50
92 15 4 50
676 15 5 50
677 15 5 50
600 15 6 100
345 15 7 100
609 15 8 100
403 15 9 50
404 15 9 50
shutdown 15 10
79 15 11 100
460 15 12 50
461 15 12 50
211 15 13 100
152 15 14 50
151 15 14 50
379 15 16 100
792 16 0 33
793 16 0 33
794 16 0 33
144 16 1 33
145 16 1 33
146 16 1 33
648 16 2 33
649 16 2 33
650 16 2 33
57 16 3 33
58 16 3 33
59 16 3 33
276 16 4 33
277 16 4 33
278 16 4 33
147 16 5 33
148 16 5 33
149 16 5 33
9 16 6 50
10 16 6 50
712 16 7 50
711 16 7 50
637 16 8 50
638 16 8 50
501 16 9 33
502 16 9 33
503 16 9 33
512 16 10 50
511 16 10 50
739 16 11 50
740 16 11 50
723 16 12 50
725 16 12 50
240 16 13 50
241 16 13 50
237 16 14 50
238 16 14 50
798 16 15 100
