tunnel_num s t weight
782 0 13 100
466 0 15 100
36 2 5 100
690 2 9 100
180 2 11 100
232 2 12 100
481 2 13 100
552 2 14 100
803 2 15 100
537 3 9 100
165 3 12 100
731 3 13 100
678 3 14 100
415 3 15 100
687 4 9 100
175 4 15 100
807 5 2 100
625 5 9 100
750 5 15 100
198 6 16 100
590 7 13 100
660 7 16 100
108 8 2 100
225 8 9 100
375 9 2 100
120 9 3 100
234 9 4 100
805 9 5 100
556 9 6 100
432 9 8 100
748 9 10 100
484 9 11 100
619 9 12 100
364 9 13 100
106 9 14 100
shutdown 9 15
304 10 9 100
331 11 9 100
457 12 9 100
771 12 15 100
203 13 0 100
520 13 2 100
269 13 3 100
86 13 7 100
409 13 9 100
528 13 15 100
153 14 2 100
405 14 3 100
15 14 4 100
454 14 9 100
138 14 15 100
280 15 0 100
25 15 1 100
776 15 2 100
526 15 3 100
91 15 4 100
675 15 5 100
shutdown 15 9
78 15 11 100
459 15 12 100
150 15 14 100
792 16 0 100
9 16 6 100
711 16 7 100
