tunnel_num s t weight
162 0 1 100
411 0 2 100
672 0 3 100
87 0 4 100
343 0 5 100
597 0 6 100
21 0 7 100
353 0 8 100
606 0 9 100
32 0 10 64
30 0 10 35
289 0 11 100
shutdown 0 12
781 0 13 100
213 0 14 100
465 0 15 100
657 0 16 100
348 1 0 100
681 1 2 100
419 1 3 100
531 1 4 100
285 1 5 100
27 1 6 100
603 1 7 100
791 1 8 100
543 1 9 100
294 1 10 100
39 1 11 100
170 1 12 100
733 1 13 100
473 1 14 100
223 1 15 100
273 1 16 100
786 2 0 100
219 2 1 100
540 2 3 100
615 2 4 100
37 2 5 100
103 2 6 100
362 2 7 100
429 2 8 100
690 2 9 100
744 2 10 100
181 2 11 100
233 2 12 100
481 2 13 100
552 2 14 100
803 2 15 100
726 2 16 100
426 3 0 100
178 3 1 100
99 3 2 100
612 3 4 100
359 3 5 100
293 3 6 100
33 3 7 75
35 3 7 24
783 3 8 100
537 3 9 100
468 3 10 100
218 3 11 100
165 3 12 100
731 3 13 100
678 3 14 100
415 3 15 100
489 3 16 100
48 4 0 100
300 4 1 100
shutdown 4 2
795 4 3 100
114 4 5 100
373 4 6 100
629 4 7 100
423 4 8 100
689 4 9 67
687 4 9 32
96 4 10 100
354 4 11 100
228 4 12 84
229 4 12 15
477 4 13 42
478 4 13 57
shutdown 4 14
175 4 15 100
128 4 16 100
486 5 0 100
243 5 1 100
808 5 2 100
561 5 3 100
312 5 4 100
641 5 6 100
shutdown 5 7
45 5 8 100
624 5 9 100
369 5 10 89
370 5 10 10
113 5 11 100
699 5 12 100
438 5 13 100
183 5 14 100
750 5 15 100
576 5 16 100
125 6 0 100
381 6 1 100
445 6 2 100
707 6 3 100
310 6 4 100
558 6 5 100
60 6 7 100
575 6 8 100
3 6 9 100
72 6 10 100
326 6 11 100
757 6 12 100
190 6 13 100
252 6 14 100
498 6 15 100
198 6 16 100
570 7 0 100
321 7 1 100
251 7 2 100
0 7 3 84
2 7 3 15
395 7 4 100
135 7 5 100
69 7 6 100
196 7 8 100
763 7 9 100
714 7 10 100
452 7 11 100
shutdown 7 12
588 7 13 100
513 7 14 100
261 7 15 100
660 7 16 100
436 8 0 100
698 8 1 100
109 8 2 100
366 8 3 100
621 8 4 100
42 8 5 100
298 8 6 100
547 8 7 100
226 8 9 100
474 8 10 100
735 8 11 100
171 8 12 100
420 8 13 100
684 8 14 100
94 8 15 100
495 8 16 100
54 9 0 100
633 9 1 100
375 9 2 100
120 9 3 100
234 9 4 100
804 9 5 100
shutdown 9 6
shutdown 9 7
432 9 8 100
747 9 10 100
483 9 11 100
620 9 12 100
365 9 13 100
shutdown 9 14
695 9 15 100
132 9 16 100
492 10 0 100
753 10 1 100
813 10 2 100
246 10 3 100
318 10 4 100
568 10 5 50
567 10 5 49
shutdown 10 6
shutdown 10 7
51 10 8 100
303 10 9 100
630 10 11 100
702 10 12 100
118 10 13 100
shutdown 10 14
442 10 15 100
585 10 16 100
130 11 0 100
708 11 1 100
643 11 2 100
389 11 3 100
315 11 4 100
65 11 5 100
812 11 6 100
564 11 7 100
582 11 8 100
330 11 9 100
258 11 10 100
759 11 12 100
507 11 13 100
447 11 14 100
193 11 15 100
207 11 16 100
579 12 0 100
8 12 1 100
257 12 2 100
506 12 3 100
400 12 4 72
399 12 4 27
654 12 5 100
77 12 6 100
shutdown 12 7
204 12 8 100
458 12 9 100
717 12 10 100
141 12 11 100
270 12 13 100
shutdown 12 14
771 12 15 100
671 12 16 100
202 13 0 100
769 13 1 100
520 13 2 100
269 13 3 100
18 13 4 100
594 13 5 100
340 13 6 100
shutdown 13 7
666 13 8 100
410 13 9 100
157 13 10 100
720 13 11 100
462 13 12 100
shutdown 13 14
528 13 15 100
284 13 16 100
663 14 0 100
82 14 1 100
153 14 2 100
405 14 3 43
406 14 3 56
15 14 4 100
264 14 5 100
336 14 6 100
591 14 7 100
390 14 8 100
455 14 9 100
517 14 10 100
767 14 11 100
396 14 12 100
651 14 13 100
138 14 15 100
160 14 16 100
279 15 0 100
24 15 1 100
776 15 2 100
525 15 3 100
92 15 4 100
677 15 5 100
600 15 6 100
345 15 7 100
611 15 8 100
404 15 9 100
333 15 10 100
80 15 11 100
459 15 12 100
210 15 13 100
152 15 14 50
150 15 14 49
379 15 16 100
793 16 0 100
144 16 1 100
648 16 2 100
57 16 3 100
276 16 4 100
147 16 5 100
9 16 6 100
711 16 7 100
638 16 8 100
501 16 9 100
510 16 10 100
738 16 11 100
725 16 12 100
241 16 13 100
238 16 14 100
800 16 15 100
