tunnel_num s t weight
163 0 1 100
411 0 2 100
672 0 3 100
shutdown 0 4
shutdown 0 5
shutdown 0 6
shutdown 0 7
352 0 8 100
606 0 9 100
shutdown 0 10
shutdown 0 11
shutdown 0 12
shutdown 0 13
shutdown 0 14
shutdown 0 15
shutdown 0 16
350 1 0 100
681 1 2 100
419 1 3 100
531 1 4 45
532 1 4 54
286 1 5 100
28 1 6 100
605 1 7 100
789 1 8 100
543 1 9 100
296 1 10 100
41 1 11 100
170 1 12 100
732 1 13 100
471 1 14 100
224 1 15 100
273 1 16 100
786 2 0 100
219 2 1 100
540 2 3 100
shutdown 2 4
37 2 5 100
103 2 6 100
shutdown 2 7
430 2 8 100
690 2 9 100
744 2 10 100
181 2 11 100
shutdown 2 12
480 2 13 100
553 2 14 100
802 2 15 100
726 2 16 100
426 3 0 100
178 3 1 100
99 3 2 100
614 3 4 100
359 3 5 100
293 3 6 100
35 3 7 100
shutdown 3 8
537 3 9 100
468 3 10 100
218 3 11 100
167 3 12 100
729 3 13 100
680 3 14 100
shutdown 3 15
489 3 16 100
shutdown 4 0
300 4 1 100
shutdown 4 2
shutdown 4 3
114 4 5 100
372 4 6 100
shutdown 4 7
423 4 8 100
689 4 9 100
96 4 10 100
354 4 11 100
228 4 12 100
478 4 13 100
741 4 14 100
174 4 15 100
127 4 16 100
shutdown 5 0
243 5 1 100
808 5 2 100
shutdown 5 3
312 5 4 100
639 5 6 100
386 5 7 100
47 5 8 100
624 5 9 100
371 5 10 100
112 5 11 100
699 5 12 100
438 5 13 100
183 5 14 100
752 5 15 100
576 5 16 100
125 6 0 100
381 6 1 100
445 6 2 100
707 6 3 100
310 6 4 100
560 6 5 100
60 6 7 100
573 6 8 100
3 6 9 100
74 6 10 100
326 6 11 100
757 6 12 100
190 6 13 100
253 6 14 100
499 6 15 100
200 6 16 100
572 7 0 100
323 7 1 100
251 7 2 100
2 7 3 100
393 7 4 100
137 7 5 100
69 7 6 100
195 7 8 100
763 7 9 100
716 7 10 100
452 7 11 100
14 7 12 100
588 7 13 100
513 7 14 100
261 7 15 62
263 7 15 37
662 7 16 100
shutdown 8 0
698 8 1 100
109 8 2 100
shutdown 8 3
621 8 4 100
42 8 5 100
297 8 6 100
548 8 7 100
226 8 9 100
474 8 10 100
735 8 11 100
171 8 12 100
420 8 13 100
684 8 14 100
94 8 15 100
495 8 16 100
54 9 0 100
633 9 1 100
375 9 2 100
120 9 3 100
236 9 4 100
804 9 5 100
555 9 6 100
shutdown 9 7
434 9 8 100
747 9 10 100
483 9 11 100
620 9 12 100
363 9 13 100
shutdown 9 14
693 9 15 100
132 9 16 100
494 10 0 100
753 10 1 100
813 10 2 100
246 10 3 100
318 10 4 100
567 10 5 100
645 10 6 62
647 10 6 37
66 10 7 100
51 10 8 100
303 10 9 100
630 10 11 100
702 10 12 100
117 10 13 100
188 10 14 100
443 10 15 100
585 10 16 100
shutdown 11 0
710 11 1 100
643 11 2 100
389 11 3 100
315 11 4 100
65 11 5 100
812 11 6 100
566 11 7 100
582 11 8 100
330 11 9 100
258 11 10 100
759 11 12 100
508 11 13 100
448 11 14 100
194 11 15 100
207 11 16 100
581 12 0 100
6 12 1 100
256 12 2 100
shutdown 12 3
399 12 4 100
654 12 5 100
75 12 6 100
329 12 7 64
327 12 7 35
204 12 8 100
456 12 9 100
717 12 10 100
141 12 11 100
270 12 13 100
522 12 14 64
524 12 14 35
772 12 15 100
669 12 16 100
201 13 0 100
768 13 1 100
shutdown 13 2
shutdown 13 3
18 13 4 100
594 13 5 100
340 13 6 100
84 13 7 100
666 13 8 100
408 13 9 100
157 13 10 100
720 13 11 100
462 13 12 100
777 13 14 100
530 13 15 100
282 13 16 100
shutdown 14 0
81 14 1 100
154 14 2 100
shutdown 14 3
15 14 4 100
264 14 5 100
336 14 6 100
591 14 7 100
390 14 8 100
453 14 9 100
517 14 10 100
765 14 11 100
396 14 12 100
651 14 13 100
139 14 15 100
159 14 16 100
shutdown 15 0
26 15 1 100
775 15 2 100
shutdown 15 3
91 15 4 100
675 15 5 100
600 15 6 100
345 15 7 100
611 15 8 100
402 15 9 100
334 15 10 100
79 15 11 100
459 15 12 100
210 15 13 100
150 15 14 100
380 15 16 100
793 16 0 100
144 16 1 100
648 16 2 100
57 16 3 100
278 16 4 100
148 16 5 100
11 16 6 100
711 16 7 100
636 16 8 100
501 16 9 100
510 16 10 100
738 16 11 100
723 16 12 100
242 16 13 100
237 16 14 100
799 16 15 100
