tunnel_num s t prio weight
327 0 1 l 100
326 0 1 h 100
822 0 2 l 100
822 0 2 h 100
shutdown 0 3 l
174 0 4 l 100
174 0 4 h 100
687 0 5 l 100
shutdown 0 5 h
1194 0 6 l 100
1194 0 6 h 100
shutdown 0 7 l
705 0 8 l 100
702 0 8 h 100
1212 0 9 l 100
1212 0 9 h 100
shutdown 0 10 l
shutdown 0 11 l
1073 0 12 l 100
shutdown 0 12 h
1560 0 13 l 100
shutdown 0 13 h
429 0 14 l 100
428 0 14 h 100
934 0 15 l 100
930 0 15 h 100
1314 0 16 l 100
shutdown 0 16 h
699 1 0 l 100
696 1 0 h 100
1363 1 2 l 100
1364 1 2 h 100
838 1 3 l 100
835 1 3 h 100
1063 1 4 l 100
1063 1 4 h 100
570 1 5 l 50
574 1 5 l 50
570 1 5 h 100
54 1 6 l 100
54 1 6 h 100
1211 1 7 l 100
1206 1 7 h 100
1581 1 8 l 100
1579 1 8 h 100
1086 1 9 l 100
1086 1 9 h 100
588 1 10 l 100
588 1 10 h 100
81 1 11 l 100
79 1 11 h 100
341 1 12 l 100
shutdown 1 12 h
1465 1 13 l 100
1465 1 13 h 100
942 1 14 l 100
942 1 14 h 100
447 1 15 l 100
445 1 15 h 100
549 1 16 l 100
546 1 16 h 100
1572 2 0 l 100
1572 2 0 h 100
442 2 1 l 100
440 2 1 h 100
1080 2 3 l 100
1080 2 3 h 100
1230 2 4 l 100
1230 2 4 h 100
76 2 5 l 100
74 2 5 h 100
207 2 6 l 100
205 2 6 h 100
722 2 7 l 100
shutdown 2 7 h
862 2 8 l 100
858 2 8 h 100
1380 2 9 l 100
1380 2 9 h 100
1489 2 10 l 100
1489 2 10 h 100
362 2 11 l 100
360 2 11 h 100
463 2 12 l 62
465 2 12 l 37
shutdown 2 12 h
960 2 13 l 100
960 2 13 h 100
1106 2 14 l 100
1106 2 14 h 100
1605 2 15 l 100
1602 2 15 h 100
1452 2 16 l 100
1452 2 16 h 100
852 3 0 l 50
855 3 0 l 50
852 3 0 h 100
359 3 1 l 100
356 3 1 h 100
198 3 2 l 100
198 3 2 h 100
1224 3 4 l 100
1224 3 4 h 100
718 3 5 l 100
716 3 5 h 100
584 3 6 l 100
584 3 6 h 100
68 3 7 l 100
68 3 7 h 100
1570 3 8 l 100
1566 3 8 h 100
1074 3 9 l 100
1074 3 9 h 0
1076 3 9 h 99
937 3 10 l 100
937 3 10 h 100
432 3 11 l 100
432 3 11 h 100
333 3 12 l 100
331 3 12 h 100
1458 3 13 l 100
1458 3 13 h 100
1358 3 14 l 100
1358 3 14 h 100
830 3 15 l 100
830 3 15 h 100
978 3 16 l 100
978 3 16 h 100
96 4 0 l 100
98 4 0 h 100
shutdown 4 1 l
1098 4 2 l 100
shutdown 4 2 h
shutdown 4 3 l
228 4 5 l 100
228 4 5 h 100
747 4 6 l 100
shutdown 4 6 h
shutdown 4 7 l
846 4 8 l 100
846 4 8 h 100
shutdown 4 9 l
196 4 10 l 100
193 4 10 h 100
708 4 11 l 100
708 4 11 h 100
shutdown 4 12 l
shutdown 4 13 l
shutdown 4 14 l
348 4 15 l 100
348 4 15 h 100
256 4 16 l 100
254 4 16 h 100
975 5 0 l 100
973 5 0 h 100
486 5 1 l 100
486 5 1 h 100
1617 5 2 l 100
1614 5 2 h 100
1122 5 3 l 8
1126 5 3 l 91
1124 5 3 h 100
624 5 4 l 100
624 5 4 h 100
1281 5 6 l 100
1278 5 6 h 100
770 5 7 l 50
771 5 7 l 50
770 5 7 h 100
93 5 8 l 100
90 5 8 h 100
1252 5 9 l 100
1248 5 9 h 100
742 5 10 l 100
739 5 10 h 100
225 5 11 l 45
222 5 11 l 54
222 5 11 h 100
shutdown 5 12 l
876 5 13 l 100
877 5 13 h 100
366 5 14 l 100
366 5 14 h 100
1500 5 15 l 100
1500 5 15 h 100
1152 5 16 l 100
1152 5 16 h 100
246 6 0 l 100
246 6 0 h 100
767 6 1 l 100
762 6 1 h 100
891 6 2 l 50
892 6 2 l 50
890 6 2 h 100
1412 6 3 l 100
1412 6 3 h 100
621 6 4 l 100
619 6 4 h 100
1119 6 5 l 100
1116 6 5 h 100
120 6 7 l 100
120 6 7 h 100
1149 6 8 l 100
1147 6 8 h 100
10 6 9 l 100
8 6 9 h 100
144 6 10 l 100
144 6 10 h 100
653 6 11 l 100
649 6 11 h 100
shutdown 6 12 l
381 6 13 l 100
379 6 13 h 100
507 6 14 l 100
506 6 14 h 100
996 6 15 l 50
999 6 15 l 50
996 6 15 h 100
396 6 16 l 100
398 6 16 h 100
1140 7 0 l 100
1140 7 0 h 100
647 7 1 l 100
642 7 1 h 100
500 7 2 l 100
500 7 2 h 100
2 7 3 l 100
2 7 3 h 100
788 7 4 l 83
789 7 4 l 16
787 7 4 h 100
272 7 5 l 100
270 7 5 h 100
138 7 6 l 100
138 7 6 h 100
392 7 8 l 100
392 7 8 h 100
1526 7 9 l 100
1526 7 9 h 100
1428 7 10 l 100
1428 7 10 h 100
902 7 11 l 100
902 7 11 h 100
27 7 12 l 100
shutdown 7 12 h
1178 7 13 l 100
1178 7 13 h 100
1031 7 14 l 100
1026 7 14 h 100
522 7 15 l 100
522 7 15 h 100
1322 7 16 l 100
1322 7 16 h 100
875 8 0 l 100
870 8 0 h 100
1393 8 1 l 100
1393 8 1 h 100
shutdown 8 2 l
732 8 3 l 100
shutdown 8 3 h
1242 8 4 l 100
1242 8 4 h 100
84 8 5 l 100
84 8 5 h 100
599 8 6 l 100
shutdown 8 6 h
shutdown 8 7 l
454 8 9 l 100
shutdown 8 9 h
948 8 10 l 100
948 8 10 h 100
1470 8 11 l 100
1470 8 11 h 100
342 8 12 l 100
342 8 12 h 100
shutdown 8 13 l
shutdown 8 14 l
190 8 15 l 100
186 8 15 h 100
990 8 16 l 100
990 8 16 h 100
108 9 0 l 100
108 9 0 h 100
1269 9 1 l 100
1268 9 1 h 100
750 9 2 l 100
750 9 2 h 100
shutdown 9 3 l
473 9 4 l 100
470 9 4 h 100
1611 9 5 l 100
1609 9 5 h 100
1114 9 6 l 100
1112 9 6 h 100
614 9 7 l 100
614 9 7 h 100
869 9 8 l 100
864 9 8 h 100
1494 9 10 l 100
1494 9 10 h 100
967 9 11 l 100
967 9 11 h 100
1237 9 12 l 100
shutdown 9 12 h
726 9 13 l 100
726 9 13 h 100
212 9 14 l 100
212 9 14 h 100
1390 9 15 l 100
1386 9 15 h 100
264 9 16 l 100
264 9 16 h 100
984 10 0 l 100
984 10 0 h 100
1508 10 1 l 100
1508 10 1 h 100
1626 10 2 l 100
1626 10 2 h 100
492 10 3 l 100
492 10 3 h 100
636 10 4 l 100
636 10 4 h 100
1134 10 5 l 1
1138 10 5 l 98
1134 10 5 h 100
shutdown 10 6 l
shutdown 10 7 l
102 10 8 l 100
102 10 8 h 100
608 10 9 l 100
606 10 9 h 100
1260 10 11 l 100
1260 10 11 h 100
1404 10 12 l 100
1404 10 12 h 100
236 10 13 l 100
236 10 13 h 100
373 10 14 l 100
373 10 14 h 100
886 10 15 l 100
884 10 15 h 100
1170 10 16 l 100
1170 10 16 h 100
258 11 0 l 100
258 11 0 h 100
1417 11 1 l 100
1417 11 1 h 100
1284 11 2 l 100
1284 11 2 h 100
774 11 3 l 100
774 11 3 h 100
630 11 4 l 100
630 11 4 h 100
126 11 5 l 100
126 11 5 h 100
1621 11 6 l 100
1621 11 6 h 100
1130 11 7 l 100
1130 11 7 h 100
1164 11 8 l 100
1164 11 8 h 100
662 11 9 l 100
662 11 9 h 100
516 11 10 l 100
516 11 10 h 100
1518 11 12 l 100
1518 11 12 h 100
1016 11 13 l 100
1016 11 13 h 100
895 11 14 l 100
895 11 14 h 100
385 11 15 l 20
387 11 15 l 79
385 11 15 h 100
419 11 16 l 100
416 11 16 h 100
1159 12 0 l 100
shutdown 12 0 h
17 12 1 l 100
shutdown 12 1 h
shutdown 12 2 l
shutdown 12 3 l
shutdown 12 4 l
shutdown 12 5 l
shutdown 12 6 l
shutdown 12 7 l
408 12 8 l 100
408 12 8 h 100
shutdown 12 9 l
1434 12 10 l 100
1434 12 10 h 100
282 12 11 l 100
282 12 11 h 100
shutdown 12 13 l
shutdown 12 14 l
1544 12 15 l 100
1544 12 15 h 100
1341 12 16 l 100
1339 12 16 h 100
402 13 0 l 100
402 13 0 h 100
1536 13 1 l 50
1537 13 1 l 50
1536 13 1 h 100
1039 13 2 l 100
shutdown 13 2 h
535 13 3 l 100
535 13 3 h 100
37 13 4 l 100
36 13 4 h 100
1188 13 5 l 100
1188 13 5 h 100
681 13 6 l 100
678 13 6 h 100
172 13 7 l 100
170 13 7 h 100
1332 13 8 l 100
1332 13 8 h 100
816 13 9 l 100
816 13 9 h 100
313 13 10 l 100
313 13 10 h 100
1441 13 11 l 100
1441 13 11 h 100
925 13 12 l 100
925 13 12 h 100
1554 13 14 l 100
1554 13 14 h 100
1060 13 15 l 100
1056 13 15 h 100
564 13 16 l 50
565 13 16 l 50
564 13 16 h 100
1329 14 0 l 100
1328 14 0 h 100
162 14 1 l 100
162 14 1 h 100
308 14 2 l 50
309 14 2 l 50
308 14 2 h 100
812 14 3 l 50
813 14 3 l 50
812 14 3 h 100
30 14 4 l 100
30 14 4 h 100
528 14 5 l 100
528 14 5 h 100
674 14 6 l 100
674 14 6 h 100
1186 14 7 l 100
shutdown 14 7 h
783 14 8 l 100
780 14 8 h 100
908 14 9 l 50
909 14 9 l 50
908 14 9 h 100
1034 14 10 l 50
1035 14 10 l 50
1034 14 10 h 100
1533 14 11 l 100
shutdown 14 11 h
795 14 12 l 100
794 14 12 h 100
1302 14 13 l 100
1302 14 13 h 50
1303 14 13 h 50
276 14 15 l 100
276 14 15 h 100
319 14 16 l 100
318 14 16 h 50
319 14 16 h 50
560 15 0 l 100
558 15 0 h 100
52 15 1 l 100
49 15 1 h 100
1551 15 2 l 50
1552 15 2 l 50
1548 15 2 h 100
1050 15 3 l 100
1052 15 3 h 100
180 15 4 l 100
180 15 4 h 100
1350 15 5 l 61
1353 15 5 l 38
1350 15 5 h 100
1200 15 6 l 100
1200 15 6 h 100
690 15 7 l 100
690 15 7 h 100
1218 15 8 l 100
1218 15 8 h 100
808 15 9 l 100
804 15 9 h 100
670 15 10 l 100
667 15 10 h 100
160 15 11 l 100
157 15 11 h 100
shutdown 15 12 l
420 15 13 l 100
420 15 13 h 100
300 15 14 l 100
300 15 14 h 100
758 15 16 l 100
758 15 16 h 100
1584 16 0 l 50
1588 16 0 l 50
1584 16 0 h 100
291 16 1 l 100
288 16 1 h 100
1296 16 2 l 100
1298 16 2 h 100
114 16 3 l 100
114 16 3 h 100
554 16 4 l 100
554 16 4 h 100
297 16 5 l 100
294 16 5 h 100
23 16 6 l 100
18 16 6 h 100
1424 16 7 l 100
1424 16 7 h 100
1276 16 8 l 100
1272 16 8 h 100
1002 16 9 l 100
1002 16 9 h 50
1004 16 9 h 50
1020 16 10 l 100
1020 16 10 h 100
1477 16 11 l 100
1477 16 11 h 100
1447 16 12 l 100
1447 16 12 h 100
480 16 13 l 100
480 16 13 h 100
475 16 14 l 100
475 16 14 h 100
1600 16 15 l 50
1597 16 15 l 50
1597 16 15 h 100
