tunnel_num s t prio weight
328 0 1 l 100
shutdown 0 1 h
shutdown 0 2 l
1344 0 3 l 100
1344 0 3 h 100
shutdown 0 4 l
685 0 5 l 100
shutdown 0 5 h
shutdown 0 6 l
42 0 7 l 100
42 0 7 h 100
shutdown 0 8 l
shutdown 0 9 l
shutdown 0 10 l
shutdown 0 11 l
1068 0 12 l 100
shutdown 0 12 h
1564 0 13 l 100
shutdown 0 13 h
shutdown 0 14 l
933 0 15 l 100
932 0 15 h 100
shutdown 0 16 l
697 1 0 l 100
697 1 0 h 100
1363 1 2 l 100
1362 1 2 h 33
1363 1 2 h 33
1364 1 2 h 33
835 1 3 l 100
835 1 3 h 100
1063 1 4 l 50
1064 1 4 l 50
1064 1 4 h 50
1063 1 4 h 50
570 1 5 l 100
570 1 5 h 100
55 1 6 l 100
56 1 6 h 33
54 1 6 h 33
55 1 6 h 33
1210 1 7 l 100
shutdown 1 7 h
1578 1 8 l 100
1578 1 8 h 100
1088 1 9 l 50
1086 1 9 l 50
1088 1 9 h 33
1086 1 9 h 33
1087 1 9 h 33
588 1 10 l 100
588 1 10 h 100
78 1 11 l 99
81 1 11 l 0
79 1 11 h 100
336 1 12 l 100
336 1 12 h 100
1469 1 13 l 100
1464 1 13 h 100
947 1 14 l 100
942 1 14 h 100
449 1 15 l 25
444 1 15 l 25
445 1 15 l 25
446 1 15 l 25
444 1 15 h 100
546 1 16 l 100
546 1 16 h 33
547 1 16 h 33
548 1 16 h 33
1572 2 0 l 100
1572 2 0 h 100
438 2 1 l 100
438 2 1 h 100
1080 2 3 l 100
1080 2 3 h 100
1230 2 4 l 100
1230 2 4 h 100
72 2 5 l 100
72 2 5 h 100
204 2 6 l 100
204 2 6 h 100
722 2 7 l 100
shutdown 2 7 h
859 2 8 l 100
858 2 8 h 100
1380 2 9 l 100
1380 2 9 h 50
1381 2 9 h 50
1489 2 10 l 100
1489 2 10 h 100
362 2 11 l 100
362 2 11 h 100
467 2 12 l 100
464 2 12 h 100
965 2 13 l 100
961 2 13 h 100
1108 2 14 l 100
1104 2 14 h 100
1603 2 15 l 50
1604 2 15 l 50
1603 2 15 h 50
1604 2 15 h 50
1452 2 16 l 50
1453 2 16 l 49
1452 2 16 h 100
852 3 0 l 100
852 3 0 h 100
357 3 1 l 100
354 3 1 h 100
198 3 2 l 100
198 3 2 h 100
1224 3 4 l 100
1224 3 4 h 100
714 3 5 l 100
715 3 5 h 100
582 3 6 l 100
582 3 6 h 100
68 3 7 l 100
68 3 7 h 100
1566 3 8 l 100
1566 3 8 h 100
1074 3 9 l 100
1075 3 9 h 100
937 3 10 l 100
937 3 10 h 100
435 3 11 l 100
432 3 11 h 100
shutdown 3 12 l
1463 3 13 l 100
1459 3 13 h 100
1361 3 14 l 100
1356 3 14 h 100
833 3 15 l 100
829 3 15 h 100
978 3 16 l 100
979 3 16 h 100
shutdown 4 0 l
601 4 1 l 100
602 4 1 h 100
1098 4 2 l 7
1100 4 2 l 92
1098 4 2 h 100
shutdown 4 3 l
228 4 5 l 100
229 4 5 h 100
744 4 6 l 100
744 4 6 h 100
shutdown 4 7 l
846 4 8 l 100
846 4 8 h 100
shutdown 4 9 l
shutdown 4 10 l
712 4 11 l 100
708 4 11 h 100
shutdown 4 12 l
shutdown 4 13 l
1484 4 14 l 100
1484 4 14 h 100
349 4 15 l 100
349 4 15 h 100
shutdown 4 16 l
shutdown 5 0 l
487 5 1 l 100
488 5 1 h 100
1614 5 2 l 100
1614 5 2 h 100
shutdown 5 3 l
624 5 4 l 100
624 5 4 h 100
1279 5 6 l 100
1279 5 6 h 100
shutdown 5 7 l
91 5 8 l 76
95 5 8 l 23
90 5 8 h 100
1249 5 9 l 100
1248 5 9 h 100
741 5 10 l 100
739 5 10 h 100
227 5 11 l 100
222 5 11 h 100
1402 5 12 l 100
1398 5 12 h 100
876 5 13 l 100
876 5 13 h 100
368 5 14 l 100
368 5 14 h 100
1501 5 15 l 50
1502 5 15 l 50
1501 5 15 h 50
1502 5 15 h 50
1153 5 16 l 100
1153 5 16 h 100
250 6 0 l 100
248 6 0 h 100
762 6 1 l 100
762 6 1 h 100
888 6 2 l 20
889 6 2 l 20
890 6 2 l 20
892 6 2 l 20
893 6 2 l 20
888 6 2 h 33
889 6 2 h 33
890 6 2 h 33
1415 6 3 l 100
1411 6 3 h 100
618 6 4 l 25
619 6 4 l 25
620 6 4 l 25
622 6 4 l 25
618 6 4 h 50
619 6 4 h 50
1116 6 5 l 50
1119 6 5 l 50
1116 6 5 h 100
124 6 7 l 100
122 6 7 h 100
1151 6 8 l 100
1147 6 8 h 100
6 6 9 l 33
7 6 9 l 33
8 6 9 l 33
8 6 9 h 33
6 6 9 h 33
7 6 9 h 33
144 6 10 l 50
147 6 10 l 50
144 6 10 h 100
651 6 11 l 50
653 6 11 l 50
649 6 11 h 100
1512 6 12 l 100
1512 6 12 h 100
383 6 13 l 100
378 6 13 h 100
506 6 14 l 100
505 6 14 h 50
506 6 14 h 50
996 6 15 l 50
997 6 15 l 50
996 6 15 h 50
997 6 15 h 50
396 6 16 l 25
397 6 16 l 25
398 6 16 l 25
399 6 16 l 25
396 6 16 h 33
397 6 16 h 33
398 6 16 h 33
1140 7 0 l 100
1140 7 0 h 100
646 7 1 l 100
644 7 1 h 100
500 7 2 l 100
500 7 2 h 100
2 7 3 l 100
2 7 3 h 100
shutdown 7 4 l
274 7 5 l 100
272 7 5 h 100
139 7 6 l 100
shutdown 7 6 h
394 7 8 l 100
392 7 8 h 100
shutdown 7 9 l
1430 7 10 l 100
1430 7 10 h 100
902 7 11 l 100
902 7 11 h 100
26 7 12 l 100
shutdown 7 12 h
shutdown 7 13 l
shutdown 7 14 l
526 7 15 l 100
524 7 15 h 100
1322 7 16 l 100
1322 7 16 h 100
shutdown 8 0 l
1393 8 1 l 100
1393 8 1 h 100
shutdown 8 2 l
732 8 3 l 100
shutdown 8 3 h
1242 8 4 l 100
1242 8 4 h 100
84 8 5 l 100
84 8 5 h 100
594 8 6 l 100
594 8 6 h 100
shutdown 8 7 l
450 8 9 l 100
451 8 9 h 100
950 8 10 l 100
949 8 10 h 100
1470 8 11 l 100
1470 8 11 h 100
shutdown 8 12 l
shutdown 8 13 l
shutdown 8 14 l
189 8 15 l 100
187 8 15 h 100
990 8 16 l 100
990 8 16 h 100
108 9 0 l 100
108 9 0 h 100
1268 9 1 l 100
1266 9 1 h 100
750 9 2 l 100
750 9 2 h 100
shutdown 9 3 l
468 9 4 l 100
468 9 4 h 100
1609 9 5 l 100
1610 9 5 h 100
1111 9 6 l 100
1110 9 6 h 50
1111 9 6 h 50
shutdown 9 7 l
869 9 8 l 100
864 9 8 h 100
1494 9 10 l 100
1494 9 10 h 100
967 9 11 l 100
967 9 11 h 100
shutdown 9 12 l
731 9 13 l 100
728 9 13 h 100
214 9 14 l 100
210 9 14 h 89
211 9 14 h 10
1387 9 15 l 50
1388 9 15 l 50
1386 9 15 h 33
1387 9 15 h 33
1388 9 15 h 33
264 9 16 l 50
265 9 16 l 50
264 9 16 h 50
265 9 16 h 50
shutdown 10 0 l
1508 10 1 l 100
1508 10 1 h 100
1626 10 2 l 100
1626 10 2 h 100
shutdown 10 3 l
shutdown 10 4 l
1134 10 5 l 100
1134 10 5 h 100
1291 10 6 l 100
1291 10 6 h 100
shutdown 10 7 l
102 10 8 l 100
102 10 8 h 100
608 10 9 l 100
608 10 9 h 100
1260 10 11 l 100
1260 10 11 h 100
1406 10 12 l 100
1406 10 12 h 100
236 10 13 l 100
236 10 13 h 100
373 10 14 l 100
374 10 14 h 100
883 10 15 l 100
883 10 15 h 100
1170 10 16 l 99
1175 10 16 l 0
1172 10 16 h 100
258 11 0 l 100
258 11 0 h 100
1421 11 1 l 100
1417 11 1 h 100
1284 11 2 l 100
1286 11 2 h 100
774 11 3 l 100
774 11 3 h 100
630 11 4 l 100
630 11 4 h 100
126 11 5 l 100
126 11 5 h 100
1623 11 6 l 100
1620 11 6 h 100
shutdown 11 7 l
1164 11 8 l 100
1164 11 8 h 100
661 11 9 l 100
661 11 9 h 100
516 11 10 l 100
516 11 10 h 100
1523 11 12 l 100
1520 11 12 h 100
1018 11 13 l 100
1016 11 13 h 100
896 11 14 l 100
896 11 14 h 100
385 11 15 l 3
386 11 15 l 14
387 11 15 l 0
388 11 15 l 81
386 11 15 h 100
415 11 16 l 100
415 11 16 h 100
shutdown 12 0 l
13 12 1 l 100
13 12 1 h 100
shutdown 12 2 l
shutdown 12 3 l
shutdown 12 4 l
1309 12 5 l 100
1309 12 5 h 100
151 12 6 l 100
151 12 6 h 100
shutdown 12 7 l
413 12 8 l 100
410 12 8 h 100
shutdown 12 9 l
1435 12 10 l 100
1435 12 10 h 100
283 12 11 l 100
283 12 11 h 100
shutdown 12 13 l
shutdown 12 14 l
1545 12 15 l 100
1543 12 15 h 100
1338 12 16 l 100
1338 12 16 h 100
402 13 0 l 100
402 13 0 h 100
1537 13 1 l 100
1537 13 1 h 100
1038 13 2 l 100
1038 13 2 h 100
shutdown 13 3 l
36 13 4 l 100
37 13 4 h 100
1189 13 5 l 100
1189 13 5 h 100
679 13 6 l 100
678 13 6 h 15
679 13 6 h 84
shutdown 13 7 l
1333 13 8 l 100
1333 13 8 h 100
816 13 9 l 100
816 13 9 h 100
313 13 10 l 100
313 13 10 h 100
1441 13 11 l 100
1441 13 11 h 100
924 13 12 l 100
924 13 12 h 100
1557 13 14 l 100
1554 13 14 h 100
1057 13 15 l 50
1058 13 15 l 50
1058 13 15 h 100
564 13 16 l 100
564 13 16 h 100
1327 14 0 l 100
1327 14 0 h 100
162 14 1 l 100
162 14 1 h 100
311 14 2 l 100
306 14 2 h 100
810 14 3 l 100
shutdown 14 3 h
30 14 4 l 100
30 14 4 h 100
528 14 5 l 100
528 14 5 h 100
673 14 6 l 100
673 14 6 h 100
shutdown 14 7 l
780 14 8 l 100
780 14 8 h 100
906 14 9 l 100
906 14 9 h 100
1037 14 10 l 100
1034 14 10 h 100
1533 14 11 l 100
1531 14 11 h 100
792 14 12 l 100
792 14 12 h 100
1302 14 13 l 100
1302 14 13 h 100
278 14 15 l 100
276 14 15 h 33
277 14 15 h 33
278 14 15 h 33
320 14 16 l 100
320 14 16 h 100
561 15 0 l 100
560 15 0 h 100
48 15 1 l 50
50 15 1 l 50
48 15 1 h 100
1549 15 2 l 100
1548 15 2 h 33
1549 15 2 h 33
1550 15 2 h 33
shutdown 15 3 l
181 15 4 l 100
180 15 4 h 33
181 15 4 h 33
182 15 4 h 33
1350 15 5 l 50
1351 15 5 l 50
1350 15 5 h 50
1351 15 5 h 50
1200 15 6 l 50
1202 15 6 l 50
1200 15 6 h 100
694 15 7 l 100
shutdown 15 7 h
1223 15 8 l 100
1218 15 8 h 100
804 15 9 l 50
805 15 9 l 50
805 15 9 h 100
667 15 10 l 100
667 15 10 h 100
160 15 11 l 50
159 15 11 l 50
158 15 11 h 100
918 15 12 l 100
918 15 12 h 100
420 15 13 l 100
420 15 13 h 100
300 15 14 l 100
300 15 14 h 100
756 15 16 l 100
758 15 16 h 100
1588 16 0 l 100
1586 16 0 h 100
289 16 1 l 100
288 16 1 h 100
1298 16 2 l 100
1296 16 2 h 100
115 16 3 l 100
114 16 3 h 100
552 16 4 l 50
554 16 4 l 50
552 16 4 h 100
295 16 5 l 100
294 16 5 h 100
18 16 6 l 50
19 16 6 l 50
19 16 6 h 100
shutdown 16 7 l
1272 16 8 l 100
1272 16 8 h 100
1002 16 9 l 100
1002 16 9 h 50
1003 16 9 h 50
1020 16 10 l 100
1020 16 10 h 100
1477 16 11 l 100
1477 16 11 h 100
1448 16 12 l 100
1448 16 12 h 100
484 16 13 l 100
481 16 13 h 100
474 16 14 l 24
477 16 14 l 75
474 16 14 h 100
1596 16 15 l 33
1597 16 15 l 33
1599 16 15 l 33
1596 16 15 h 100
