tunnel_num s t prio weight
325 0 1 l 100
324 0 1 h 100
822 0 2 l 100
822 0 2 h 100
shutdown 0 3 l
176 0 4 l 100
176 0 4 h 100
684 0 5 l 100
684 0 5 h 100
1195 0 6 l 100
1194 0 6 h 100
shutdown 0 7 l
705 0 8 l 100
702 0 8 h 100
1212 0 9 l 100
1212 0 9 h 100
61 0 10 l 81
62 0 10 l 18
62 0 10 h 100
579 0 11 l 100
576 0 11 h 8
578 0 11 h 91
1073 0 12 l 100
shutdown 0 12 h
1560 0 13 l 50
1562 0 13 l 50
1560 0 13 h 100
shutdown 0 14 l
shutdown 0 15 l
1315 0 16 l 100
1314 0 16 h 100
700 1 0 l 100
696 1 0 h 100
1364 1 2 l 100
1364 1 2 h 100
836 1 3 l 100
836 1 3 h 100
1063 1 4 l 100
1063 1 4 h 100
570 1 5 l 100
570 1 5 h 100
56 1 6 l 100
56 1 6 h 100
1207 1 7 l 100
1206 1 7 h 100
1581 1 8 l 100
1579 1 8 h 100
1086 1 9 l 100
1086 1 9 h 100
588 1 10 l 33
590 1 10 l 33
593 1 10 l 33
588 1 10 h 50
590 1 10 h 50
81 1 11 l 50
82 1 11 l 50
79 1 11 h 100
337 1 12 l 100
337 1 12 h 100
1465 1 13 l 100
1465 1 13 h 100
942 1 14 l 100
942 1 14 h 100
shutdown 1 15 l
546 1 16 l 100
546 1 16 h 100
1573 2 0 l 100
1573 2 0 h 100
440 2 1 l 100
438 2 1 h 100
1081 2 3 l 100
1081 2 3 h 100
1232 2 4 l 100
1232 2 4 h 100
73 2 5 l 100
73 2 5 h 100
204 2 6 l 100
204 2 6 h 100
720 2 7 l 100
720 2 7 h 100
862 2 8 l 100
858 2 8 h 100
1380 2 9 l 100
1380 2 9 h 100
1488 2 10 l 100
1489 2 10 h 100
362 2 11 l 100
360 2 11 h 100
462 2 12 l 0
464 2 12 l 99
462 2 12 h 100
960 2 13 l 100
960 2 13 h 100
shutdown 2 14 l
shutdown 2 15 l
1453 2 16 l 71
1454 2 16 l 28
1453 2 16 h 100
852 3 0 l 100
852 3 0 h 100
354 3 1 l 33
355 3 1 l 33
357 3 1 l 33
354 3 1 h 50
355 3 1 h 50
198 3 2 l 100
198 3 2 h 100
1228 3 4 l 100
1224 3 4 h 100
719 3 5 l 100
715 3 5 h 100
582 3 6 l 50
586 3 6 l 50
582 3 6 h 100
68 3 7 l 100
68 3 7 h 100
1568 3 8 l 50
1570 3 8 l 50
1568 3 8 h 100
1074 3 9 l 100
1074 3 9 h 50
1075 3 9 h 50
941 3 10 l 100
936 3 10 h 100
435 3 11 l 100
432 3 11 h 100
330 3 12 l 100
330 3 12 h 100
1458 3 13 l 100
1458 3 13 h 100
1359 3 14 l 100
1357 3 14 h 100
shutdown 3 15 l
979 3 16 l 100
979 3 16 h 100
98 4 0 l 100
97 4 0 h 100
600 4 1 l 100
600 4 1 h 100
shutdown 4 2 l
1595 4 3 l 100
1591 4 3 h 100
228 4 5 l 79
229 4 5 l 20
228 4 5 h 50
229 4 5 h 50
745 4 6 l 100
744 4 6 h 100
shutdown 4 7 l
849 4 8 l 100
846 4 8 h 100
shutdown 4 9 l
192 4 10 l 71
194 4 10 l 28
192 4 10 h 50
194 4 10 h 50
shutdown 4 11 l
shutdown 4 12 l
shutdown 4 13 l
1486 4 14 l 100
shutdown 4 14 h
shutdown 4 15 l
254 4 16 l 100
253 4 16 h 100
972 5 0 l 100
972 5 0 h 100
486 5 1 l 100
486 5 1 h 50
487 5 1 h 50
1616 5 2 l 100
1616 5 2 h 100
1124 5 3 l 100
1124 5 3 h 100
624 5 4 l 100
626 5 4 h 100
1279 5 6 l 100
1278 5 6 h 50
1279 5 6 h 50
shutdown 5 7 l
93 5 8 l 50
95 5 8 l 50
90 5 8 h 100
1249 5 9 l 100
1249 5 9 h 100
738 5 10 l 50
739 5 10 l 50
739 5 10 h 100
225 5 11 l 100
222 5 11 h 100
1400 5 12 l 100
1399 5 12 h 100
881 5 13 l 100
877 5 13 h 100
369 5 14 l 100
366 5 14 h 100
shutdown 5 15 l
1152 5 16 l 50
1154 5 16 l 50
1152 5 16 h 100
246 6 0 l 100
246 6 0 h 100
762 6 1 l 100
762 6 1 h 100
889 6 2 l 23
890 6 2 l 76
890 6 2 h 100
1410 6 3 l 99
1412 6 3 l 0
1412 6 3 h 100
623 6 4 l 100
620 6 4 h 100
1118 6 5 l 100
1116 6 5 h 100
120 6 7 l 100
120 6 7 h 100
1150 6 8 l 100
1147 6 8 h 100
6 6 9 l 100
6 6 9 h 100
144 6 10 l 50
146 6 10 l 50
144 6 10 h 50
146 6 10 h 50
649 6 11 l 50
653 6 11 l 50
649 6 11 h 100
1512 6 12 l 99
1513 6 12 l 0
1513 6 12 h 100
379 6 13 l 100
379 6 13 h 100
509 6 14 l 100
504 6 14 h 100
shutdown 6 15 l
396 6 16 l 100
396 6 16 h 100
1140 7 0 l 100
1140 7 0 h 100
642 7 1 l 100
642 7 1 h 50
644 7 1 h 50
500 7 2 l 70
502 7 2 l 29
500 7 2 h 100
2 7 3 l 100
2 7 3 h 100
787 7 4 l 100
788 7 4 h 100
270 7 5 l 100
270 7 5 h 100
138 7 6 l 33
139 7 6 l 33
140 7 6 l 33
138 7 6 h 100
393 7 8 l 100
392 7 8 h 100
1526 7 9 l 100
1524 7 9 h 50
1526 7 9 h 50
1428 7 10 l 100
1428 7 10 h 100
901 7 11 l 100
901 7 11 h 100
26 7 12 l 100
26 7 12 h 100
1177 7 13 l 50
1178 7 13 l 50
1177 7 13 h 50
1178 7 13 h 50
1031 7 14 l 100
1026 7 14 h 100
shutdown 7 15 l
1320 7 16 l 100
1320 7 16 h 100
872 8 0 l 100
872 8 0 h 100
1392 8 1 l 100
1392 8 1 h 100
220 8 2 l 100
218 8 2 h 100
733 8 3 l 100
733 8 3 h 100
1242 8 4 l 100
1242 8 4 h 100
85 8 5 l 100
85 8 5 h 100
595 8 6 l 100
595 8 6 h 100
1092 8 7 l 100
1092 8 7 h 100
453 8 9 l 100
451 8 9 h 100
948 8 10 l 100
948 8 10 h 100
1470 8 11 l 100
1470 8 11 h 100
342 8 12 l 100
342 8 12 h 100
843 8 13 l 100
842 8 13 h 100
1370 8 14 l 100
1369 8 14 h 100
shutdown 8 15 l
993 8 16 l 50
994 8 16 l 50
992 8 16 h 100
110 9 0 l 100
110 9 0 h 100
1266 9 1 l 100
1266 9 1 h 50
1267 9 1 h 50
750 9 2 l 100
750 9 2 h 100
242 9 3 l 100
242 9 3 h 100
470 9 4 l 100
470 9 4 h 100
1609 9 5 l 100
1610 9 5 h 100
shutdown 9 6 l
612 9 7 l 100
612 9 7 h 100
869 9 8 l 100
864 9 8 h 99
865 9 8 h 0
1496 9 10 l 100
1494 9 10 h 100
967 9 11 l 50
971 9 11 l 50
967 9 11 h 100
1237 9 12 l 100
1237 9 12 h 100
729 9 13 l 100
726 9 13 h 100
shutdown 9 14 l
shutdown 9 15 l
265 9 16 l 100
265 9 16 h 100
986 10 0 l 100
986 10 0 h 100
1508 10 1 l 89
1511 10 1 l 10
1506 10 1 h 50
1508 10 1 h 50
1628 10 2 l 100
1627 10 2 h 100
494 10 3 l 100
494 10 3 h 100
636 10 4 l 100
636 10 4 h 100
1135 10 5 l 100
1135 10 5 h 100
1290 10 6 l 50
1292 10 6 l 50
1290 10 6 h 50
1292 10 6 h 50
shutdown 10 7 l
102 10 8 l 50
106 10 8 l 50
102 10 8 h 100
607 10 9 l 100
606 10 9 h 100
1260 10 11 l 100
1260 10 11 h 100
1404 10 12 l 100
1404 10 12 h 100
235 10 13 l 100
235 10 13 h 100
375 10 14 l 100
374 10 14 h 100
shutdown 10 15 l
1170 10 16 l 100
1170 10 16 h 100
261 11 0 l 100
259 11 0 h 100
1419 11 1 l 33
1420 11 1 l 33
1421 11 1 l 33
1417 11 1 h 100
1286 11 2 l 100
1286 11 2 h 100
776 11 3 l 100
776 11 3 h 100
630 11 4 l 100
630 11 4 h 100
128 11 5 l 50
129 11 5 l 50
128 11 5 h 100
1621 11 6 l 33
1623 11 6 l 33
1625 11 6 l 33
1621 11 6 h 100
1131 11 7 l 100
1128 11 7 h 100
1164 11 8 l 50
1168 11 8 l 50
1164 11 8 h 100
661 11 9 l 100
661 11 9 h 100
516 11 10 l 50
521 11 10 l 50
516 11 10 h 100
1518 11 12 l 50
1519 11 12 l 50
1518 11 12 h 100
1015 11 13 l 100
1015 11 13 h 100
897 11 14 l 100
894 11 14 h 100
shutdown 11 15 l
419 11 16 l 50
415 11 16 l 50
415 11 16 h 100
1161 12 0 l 100
1160 12 0 h 100
13 12 1 l 100
13 12 1 h 100
shutdown 12 2 l
shutdown 12 3 l
shutdown 12 4 l
1309 12 5 l 100
1309 12 5 h 100
151 12 6 l 5
152 12 6 l 94
152 12 6 h 50
151 12 6 h 50
shutdown 12 7 l
413 12 8 l 100
408 12 8 h 100
912 12 9 l 100
912 12 9 h 100
1434 12 10 l 100
1434 12 10 h 100
283 12 11 l 100
283 12 11 h 100
541 12 13 l 100
540 12 13 h 100
1047 12 14 l 100
shutdown 12 14 h
shutdown 12 15 l
1339 12 16 l 100
1339 12 16 h 100
404 13 0 l 100
404 13 0 h 100
1537 13 1 l 50
1539 13 1 l 50
1537 13 1 h 100
1038 13 2 l 100
1038 13 2 h 100
538 13 3 l 100
536 13 3 h 100
37 13 4 l 100
37 13 4 h 100
1189 13 5 l 100
1189 13 5 h 100
679 13 6 l 100
679 13 6 h 100
169 13 7 l 100
169 13 7 h 100
1337 13 8 l 100
1334 13 8 h 100
816 13 9 l 100
816 13 9 h 100
313 13 10 l 100
313 13 10 h 100
1441 13 11 l 100
1441 13 11 h 100
925 13 12 l 100
925 13 12 h 100
1554 13 14 l 100
1554 13 14 h 100
shutdown 13 15 l
564 13 16 l 100
564 13 16 h 100
1326 14 0 l 100
1326 14 0 h 100
162 14 1 l 100
162 14 1 h 100
308 14 2 l 100
308 14 2 h 100
814 14 3 l 100
shutdown 14 3 h
30 14 4 l 100
30 14 4 h 100
531 14 5 l 100
528 14 5 h 100
677 14 6 l 100
shutdown 14 6 h
shutdown 14 7 l
780 14 8 l 100
780 14 8 h 100
908 14 9 l 100
907 14 9 h 100
1033 14 10 l 100
1034 14 10 h 100
1533 14 11 l 100
1531 14 11 h 100
795 14 12 l 100
794 14 12 h 100
1302 14 13 l 100
1302 14 13 h 100
shutdown 14 15 l
319 14 16 l 100
318 14 16 h 100
shutdown 15 0 l
shutdown 15 1 l
shutdown 15 2 l
shutdown 15 3 l
shutdown 15 4 l
shutdown 15 5 l
shutdown 15 6 l
shutdown 15 7 l
shutdown 15 8 l
shutdown 15 9 l
shutdown 15 10 l
shutdown 15 11 l
shutdown 15 12 l
shutdown 15 13 l
shutdown 15 14 l
shutdown 15 16 l
1585 16 0 l 100
1585 16 0 h 100
288 16 1 l 33
289 16 1 l 33
293 16 1 l 33
288 16 1 h 50
289 16 1 h 50
1296 16 2 l 100
1296 16 2 h 100
119 16 3 l 100
116 16 3 h 100
557 16 4 l 100
554 16 4 h 100
294 16 5 l 100
294 16 5 h 100
18 16 6 l 50
19 16 6 l 50
18 16 6 h 50
19 16 6 h 50
1422 16 7 l 100
1423 16 7 h 100
1274 16 8 l 33
1275 16 8 l 33
1276 16 8 l 33
1273 16 8 h 50
1274 16 8 h 50
1002 16 9 l 100
1002 16 9 h 100
1020 16 10 l 100
1020 16 10 h 100
1476 16 11 l 25
1477 16 11 l 25
1478 16 11 l 25
1481 16 11 l 25
1477 16 11 h 100
1446 16 12 l 100
1446 16 12 h 100
480 16 13 l 100
480 16 13 h 100
475 16 14 l 100
475 16 14 h 100
shutdown 16 15 l
