tunnel_num s t prio weight
324 0 1 l 100
326 0 1 h 100
822 0 2 l 100
822 0 2 h 100
1344 0 3 l 100
1344 0 3 h 100
175 0 4 l 100
shutdown 0 4 h
687 0 5 l 100
685 0 5 h 100
1194 0 6 l 100
shutdown 0 6 h
42 0 7 l 100
42 0 7 h 100
706 0 8 l 27
703 0 8 l 72
703 0 8 h 100
shutdown 0 9 l
60 0 10 l 94
63 0 10 l 5
shutdown 0 10 h
576 0 11 l 100
shutdown 0 11 h
1069 0 12 l 100
shutdown 0 12 h
1561 0 13 l 100
shutdown 0 13 h
shutdown 0 14 l
932 0 15 l 100
930 0 15 h 100
shutdown 0 16 l
699 1 0 l 100
696 1 0 h 100
1362 1 2 l 100
1363 1 2 h 100
834 1 3 l 100
834 1 3 h 100
1063 1 4 l 100
1063 1 4 h 100
571 1 5 l 100
570 1 5 h 100
55 1 6 l 100
54 1 6 h 100
1206 1 7 l 100
1206 1 7 h 100
1583 1 8 l 100
1579 1 8 h 100
1089 1 9 l 100
shutdown 1 9 h
589 1 10 l 100
589 1 10 h 100
78 1 11 l 100
78 1 11 h 100
336 1 12 l 100
336 1 12 h 100
1464 1 13 l 100
1464 1 13 h 100
944 1 14 l 100
942 1 14 h 100
449 1 15 l 100
445 1 15 h 100
549 1 16 l 100
shutdown 1 16 h
1572 2 0 l 100
1572 2 0 h 100
439 2 1 l 100
439 2 1 h 100
1080 2 3 l 100
1080 2 3 h 100
1230 2 4 l 100
shutdown 2 4 h
72 2 5 l 100
72 2 5 h 100
204 2 6 l 100
204 2 6 h 100
722 2 7 l 100
722 2 7 h 100
858 2 8 l 100
858 2 8 h 100
shutdown 2 9 l
shutdown 2 10 l
360 2 11 l 100
360 2 11 h 100
463 2 12 l 100
shutdown 2 12 h
961 2 13 l 100
shutdown 2 13 h
1104 2 14 l 100
shutdown 2 14 h
1607 2 15 l 100
1603 2 15 h 100
1455 2 16 l 100
shutdown 2 16 h
852 3 0 l 100
852 3 0 h 100
355 3 1 l 100
354 3 1 h 100
198 3 2 l 100
198 3 2 h 100
1224 3 4 l 100
1224 3 4 h 100
715 3 5 l 100
715 3 5 h 100
582 3 6 l 100
582 3 6 h 100
68 3 7 l 100
67 3 7 h 100
1566 3 8 l 100
1566 3 8 h 100
shutdown 3 9 l
936 3 10 l 100
936 3 10 h 100
432 3 11 l 100
432 3 11 h 100
331 3 12 l 100
331 3 12 h 100
1459 3 13 l 100
1459 3 13 h 100
1358 3 14 l 100
1356 3 14 h 100
829 3 15 l 100
shutdown 3 15 h
981 3 16 l 100
shutdown 3 16 h
97 4 0 l 100
98 4 0 h 100
601 4 1 l 100
600 4 1 h 100
1098 4 2 l 100
1098 4 2 h 100
1590 4 3 l 100
1590 4 3 h 100
228 4 5 l 100
228 4 5 h 100
744 4 6 l 100
744 4 6 h 100
shutdown 4 7 l
846 4 8 l 100
846 4 8 h 100
shutdown 4 9 l
192 4 10 l 100
192 4 10 h 100
shutdown 4 11 l
shutdown 4 12 l
shutdown 4 13 l
shutdown 4 14 l
348 4 15 l 100
350 4 15 h 100
256 4 16 l 65
257 4 16 l 34
shutdown 4 16 h
972 5 0 l 100
974 5 0 h 100
486 5 1 l 100
486 5 1 h 100
1614 5 2 l 100
1614 5 2 h 100
shutdown 5 3 l
624 5 4 l 100
624 5 4 h 100
1278 5 6 l 100
1278 5 6 h 100
768 5 7 l 100
769 5 7 h 100
90 5 8 l 100
90 5 8 h 100
1251 5 9 l 100
shutdown 5 9 h
742 5 10 l 100
738 5 10 h 100
222 5 11 l 100
222 5 11 h 100
1400 5 12 l 100
1398 5 12 h 100
876 5 13 l 100
876 5 13 h 100
366 5 14 l 100
366 5 14 h 100
1502 5 15 l 100
1502 5 15 h 100
1155 5 16 l 100
shutdown 5 16 h
251 6 0 l 100
248 6 0 h 100
763 6 1 l 100
762 6 1 h 100
893 6 2 l 100
888 6 2 h 100
1415 6 3 l 100
1412 6 3 h 100
621 6 4 l 100
618 6 4 h 100
1116 6 5 l 100
1116 6 5 h 100
120 6 7 l 100
120 6 7 h 100
1151 6 8 l 100
1147 6 8 h 100
9 6 9 l 100
shutdown 6 9 h
145 6 10 l 100
145 6 10 h 100
648 6 11 l 100
648 6 11 h 100
1512 6 12 l 100
1512 6 12 h 100
378 6 13 l 100
378 6 13 h 100
506 6 14 l 100
504 6 14 h 100
997 6 15 l 100
996 6 15 h 100
399 6 16 l 100
shutdown 6 16 h
1140 7 0 l 100
1140 7 0 h 100
642 7 1 l 100
642 7 1 h 100
500 7 2 l 100
500 7 2 h 100
2 7 3 l 100
2 7 3 h 100
786 7 4 l 100
787 7 4 h 100
271 7 5 l 100
270 7 5 h 100
138 7 6 l 100
138 7 6 h 100
390 7 8 l 100
390 7 8 h 100
shutdown 7 9 l
1429 7 10 l 100
1429 7 10 h 100
900 7 11 l 100
900 7 11 h 100
25 7 12 l 100
24 7 12 h 100
1180 7 13 l 100
1176 7 13 h 100
1030 7 14 l 100
1026 7 14 h 100
523 7 15 l 100
522 7 15 h 100
1323 7 16 l 100
shutdown 7 16 h
870 8 0 l 100
870 8 0 h 100
1393 8 1 l 100
1392 8 1 h 100
shutdown 8 2 l
732 8 3 l 100
732 8 3 h 100
1242 8 4 l 100
1242 8 4 h 100
84 8 5 l 100
84 8 5 h 100
594 8 6 l 100
594 8 6 h 100
shutdown 8 7 l
453 8 9 l 100
452 8 9 h 100
948 8 10 l 100
948 8 10 h 100
1470 8 11 l 100
1470 8 11 h 100
shutdown 8 12 l
842 8 13 l 100
840 8 13 h 100
1368 8 14 l 100
1368 8 14 h 100
191 8 15 l 100
187 8 15 h 100
992 8 16 l 100
992 8 16 h 100
111 9 0 l 100
shutdown 9 0 h
1271 9 1 l 100
shutdown 9 1 h
shutdown 9 2 l
shutdown 9 3 l
shutdown 9 4 l
shutdown 9 5 l
shutdown 9 6 l
shutdown 9 7 l
867 9 8 l 100
866 9 8 h 100
1494 9 10 l 100
1494 9 10 h 100
966 9 11 l 100
967 9 11 h 100
1237 9 12 l 100
1236 9 12 h 100
726 9 13 l 100
726 9 13 h 100
shutdown 9 14 l
1389 9 15 l 100
shutdown 9 15 h
264 9 16 l 100
264 9 16 h 100
984 10 0 l 100
984 10 0 h 100
shutdown 10 1 l
shutdown 10 2 l
492 10 3 l 100
shutdown 10 3 h
636 10 4 l 100
636 10 4 h 100
1138 10 5 l 100
1134 10 5 h 100
1291 10 6 l 100
1291 10 6 h 100
shutdown 10 7 l
102 10 8 l 100
102 10 8 h 100
606 10 9 l 100
606 10 9 h 100
1260 10 11 l 100
1260 10 11 h 100
1404 10 12 l 100
1404 10 12 h 100
235 10 13 l 100
235 10 13 h 100
shutdown 10 14 l
886 10 15 l 100
884 10 15 h 100
1170 10 16 l 100
1170 10 16 h 100
262 11 0 l 100
259 11 0 h 100
1418 11 1 l 100
1417 11 1 h 100
1284 11 2 l 100
1284 11 2 h 100
774 11 3 l 100
774 11 3 h 100
630 11 4 l 100
630 11 4 h 100
128 11 5 l 100
126 11 5 h 100
1620 11 6 l 100
1620 11 6 h 100
1128 11 7 l 100
1128 11 7 h 100
1164 11 8 l 100
1164 11 8 h 100
660 11 9 l 100
660 11 9 h 100
517 11 10 l 100
517 11 10 h 100
1518 11 12 l 100
1518 11 12 h 100
1015 11 13 l 100
1015 11 13 h 100
894 11 14 l 100
894 11 14 h 100
386 11 15 l 100
386 11 15 h 100
414 11 16 l 100
414 11 16 h 100
1159 12 0 l 7
1160 12 0 l 92
shutdown 12 0 h
16 12 1 l 100
14 12 1 h 100
shutdown 12 2 l
shutdown 12 3 l
shutdown 12 4 l
1308 12 5 l 100
1308 12 5 h 100
shutdown 12 6 l
shutdown 12 7 l
408 12 8 l 100
408 12 8 h 100
912 12 9 l 100
913 12 9 h 100
1434 12 10 l 100
1434 12 10 h 100
282 12 11 l 100
282 12 11 h 100
540 12 13 l 100
541 12 13 h 100
1044 12 14 l 100
shutdown 12 14 h
1543 12 15 l 100
1542 12 15 h 100
1338 12 16 l 100
1338 12 16 h 100
405 13 0 l 100
403 13 0 h 100
1541 13 1 l 100
1536 13 1 h 100
shutdown 13 2 l
shutdown 13 3 l
36 13 4 l 100
shutdown 13 4 h
1188 13 5 l 100
1188 13 5 h 100
shutdown 13 6 l
shutdown 13 7 l
1334 13 8 l 100
1334 13 8 h 100
816 13 9 l 100
816 13 9 h 100
313 13 10 l 100
313 13 10 h 100
1441 13 11 l 100
1440 13 11 h 100
924 13 12 l 100
924 13 12 h 100
1554 13 14 l 100
1554 13 14 h 100
1057 13 15 l 100
1056 13 15 h 100
564 13 16 l 100
564 13 16 h 100
1328 14 0 l 100
1328 14 0 h 100
162 14 1 l 100
164 14 1 h 100
310 14 2 l 100
shutdown 14 2 h
815 14 3 l 100
shutdown 14 3 h
32 14 4 l 100
30 14 4 h 100
528 14 5 l 100
529 14 5 h 100
674 14 6 l 100
674 14 6 h 100
1182 14 7 l 100
1183 14 7 h 100
785 14 8 l 100
781 14 8 h 100
908 14 9 l 100
shutdown 14 9 h
1032 14 10 l 100
1032 14 10 h 100
1530 14 11 l 100
1530 14 11 h 100
792 14 12 l 100
792 14 12 h 100
1302 14 13 l 100
1302 14 13 h 100
277 14 15 l 100
276 14 15 h 100
319 14 16 l 100
319 14 16 h 100
558 15 0 l 100
560 15 0 h 100
50 15 1 l 100
48 15 1 h 100
1549 15 2 l 100
1548 15 2 h 100
1050 15 3 l 21
1051 15 3 l 78
1051 15 3 h 100
181 15 4 l 100
181 15 4 h 100
1350 15 5 l 100
1351 15 5 h 100
1200 15 6 l 100
1200 15 6 h 100
690 15 7 l 100
690 15 7 h 100
1219 15 8 l 100
1219 15 8 h 100
807 15 9 l 100
shutdown 15 9 h
670 15 10 l 100
666 15 10 h 100
156 15 11 l 100
156 15 11 h 100
918 15 12 l 100
918 15 12 h 100
420 15 13 l 100
420 15 13 h 100
300 15 14 l 100
300 15 14 h 100
758 15 16 l 100
758 15 16 h 100
1587 16 0 l 100
shutdown 16 0 h
293 16 1 l 100
shutdown 16 1 h
1301 16 2 l 100
shutdown 16 2 h
118 16 3 l 100
shutdown 16 3 h
556 16 4 l 100
shutdown 16 4 h
298 16 5 l 100
shutdown 16 5 h
22 16 6 l 100
shutdown 16 6 h
shutdown 16 7 l
1274 16 8 l 100
1274 16 8 h 100
1002 16 9 l 100
1002 16 9 h 100
1020 16 10 l 100
1020 16 10 h 100
1476 16 11 l 100
1476 16 11 h 100
1446 16 12 l 100
1446 16 12 h 100
480 16 13 l 100
480 16 13 h 100
475 16 14 l 100
475 16 14 h 100
1598 16 15 l 100
1598 16 15 h 100
