tunnel_num s t prio weight
328 0 1 l 100
324 0 1 h 100
826 0 2 l 100
822 0 2 h 100
shutdown 0 3 l
176 0 4 l 100
176 0 4 h 100
688 0 5 l 100
685 0 5 h 100
1194 0 6 l 100
1194 0 6 h 100
shutdown 0 7 l
704 0 8 l 100
702 0 8 h 100
1212 0 9 l 45
1213 0 9 l 54
1212 0 9 h 100
61 0 10 l 50
63 0 10 l 50
62 0 10 h 100
576 0 11 l 33
579 0 11 l 33
581 0 11 l 33
576 0 11 h 100
1070 0 12 l 100
1068 0 12 h 23
1069 0 12 h 38
1070 0 12 h 38
1561 0 13 l 100
1560 0 13 h 100
427 0 14 l 9
429 0 14 l 90
426 0 14 h 100
930 0 15 l 100
930 0 15 h 100
1314 0 16 l 100
1315 0 16 h 100
700 1 0 l 100
698 1 0 h 100
1364 1 2 l 100
1364 1 2 h 100
835 1 3 l 100
835 1 3 h 100
1063 1 4 l 50
1064 1 4 l 50
1063 1 4 h 100
570 1 5 l 100
570 1 5 h 100
57 1 6 l 100
54 1 6 h 100
1211 1 7 l 100
1206 1 7 h 100
1579 1 8 l 33
1581 1 8 l 33
1582 1 8 l 33
1579 1 8 h 100
1086 1 9 l 100
1086 1 9 h 100
588 1 10 l 100
588 1 10 h 100
81 1 11 l 100
80 1 11 h 100
339 1 12 l 100
337 1 12 h 100
1465 1 13 l 100
1464 1 13 h 100
942 1 14 l 100
942 1 14 h 100
445 1 15 l 100
445 1 15 h 100
546 1 16 l 100
546 1 16 h 50
548 1 16 h 50
1572 2 0 l 100
1572 2 0 h 100
439 2 1 l 100
439 2 1 h 100
1080 2 3 l 100
1080 2 3 h 100
1230 2 4 l 100
1232 2 4 h 50
1230 2 4 h 50
72 2 5 l 100
72 2 5 h 100
209 2 6 l 100
205 2 6 h 100
725 2 7 l 100
722 2 7 h 100
858 2 8 l 50
862 2 8 l 50
858 2 8 h 100
1380 2 9 l 100
1380 2 9 h 100
1489 2 10 l 100
1489 2 10 h 100
360 2 11 l 100
362 2 11 h 100
464 2 12 l 50
465 2 12 l 50
462 2 12 h 100
961 2 13 l 100
961 2 13 h 100
1104 2 14 l 100
1104 2 14 h 100
1602 2 15 l 100
1602 2 15 h 100
1452 2 16 l 100
1452 2 16 h 50
1454 2 16 h 50
852 3 0 l 100
852 3 0 h 100
357 3 1 l 100
355 3 1 h 50
356 3 1 h 50
198 3 2 l 100
198 3 2 h 100
1224 3 4 l 100
1224 3 4 h 100
716 3 5 l 100
714 3 5 h 100
584 3 6 l 100
584 3 6 h 100
68 3 7 l 100
68 3 7 h 100
1570 3 8 l 100
1568 3 8 h 100
1074 3 9 l 100
1074 3 9 h 100
937 3 10 l 50
938 3 10 l 50
937 3 10 h 100
435 3 11 l 100
433 3 11 h 100
332 3 12 l 50
333 3 12 l 50
332 3 12 h 100
1458 3 13 l 100
1460 3 13 h 100
1359 3 14 l 100
1356 3 14 h 100
830 3 15 l 100
828 3 15 h 100
978 3 16 l 50
980 3 16 l 50
978 3 16 h 50
980 3 16 h 50
96 4 0 l 100
96 4 0 h 100
shutdown 4 1 l
1098 4 2 l 100
1098 4 2 h 100
shutdown 4 3 l
shutdown 4 5 l
748 4 6 l 100
745 4 6 h 100
shutdown 4 7 l
846 4 8 l 100
846 4 8 h 100
1374 4 9 l 100
1374 4 9 h 100
193 4 10 l 72
196 4 10 l 27
193 4 10 h 100
shutdown 4 11 l
456 4 12 l 100
456 4 12 h 100
shutdown 4 13 l
shutdown 4 14 l
348 4 15 l 100
348 4 15 h 100
254 4 16 l 100
252 4 16 h 100
973 5 0 l 100
973 5 0 h 100
486 5 1 l 100
486 5 1 h 100
1614 5 2 l 35
1618 5 2 l 64
1614 5 2 h 100
1122 5 3 l 100
1122 5 3 h 100
624 5 4 l 100
624 5 4 h 100
1281 5 6 l 100
1278 5 6 h 100
771 5 7 l 100
770 5 7 h 100
90 5 8 l 100
90 5 8 h 100
1248 5 9 l 72
1249 5 9 l 27
1249 5 9 h 100
739 5 10 l 50
741 5 10 l 50
739 5 10 h 100
225 5 11 l 100
222 5 11 h 100
1399 5 12 l 100
1399 5 12 h 100
877 5 13 l 100
877 5 13 h 100
366 5 14 l 100
366 5 14 h 100
1504 5 15 l 100
1500 5 15 h 100
1155 5 16 l 100
1152 5 16 h 100
250 6 0 l 100
248 6 0 h 100
762 6 1 l 100
762 6 1 h 100
890 6 2 l 100
890 6 2 h 100
1415 6 3 l 100
1412 6 3 h 100
619 6 4 l 50
622 6 4 l 50
619 6 4 h 50
620 6 4 h 50
1116 6 5 l 50
1119 6 5 l 50
1116 6 5 h 50
1118 6 5 h 50
120 6 7 l 100
120 6 7 h 100
1147 6 8 l 33
1150 6 8 l 33
1151 6 8 l 33
1147 6 8 h 100
6 6 9 l 100
6 6 9 h 100
144 6 10 l 100
144 6 10 h 100
653 6 11 l 100
649 6 11 h 100
1512 6 12 l 100
1513 6 12 h 100
379 6 13 l 100
379 6 13 h 100
506 6 14 l 100
506 6 14 h 100
996 6 15 l 100
996 6 15 h 100
396 6 16 l 100
396 6 16 h 50
398 6 16 h 50
1140 7 0 l 100
1140 7 0 h 100
647 7 1 l 100
642 7 1 h 100
500 7 2 l 100
500 7 2 h 100
2 7 3 l 100
2 7 3 h 100
788 7 4 l 100
787 7 4 h 100
273 7 5 l 100
270 7 5 h 100
138 7 6 l 100
138 7 6 h 100
391 7 8 l 100
392 7 8 h 100
1524 7 9 l 100
1526 7 9 h 100
1431 7 10 l 100
1430 7 10 h 100
903 7 11 l 100
902 7 11 h 100
28 7 12 l 100
26 7 12 h 100
1180 7 13 l 100
1178 7 13 h 100
1030 7 14 l 100
1026 7 14 h 100
522 7 15 l 100
522 7 15 h 100
1323 7 16 l 100
1320 7 16 h 100
870 8 0 l 100
870 8 0 h 100
1393 8 1 l 100
1393 8 1 h 100
218 8 2 l 100
218 8 2 h 100
736 8 3 l 100
732 8 3 h 100
1242 8 4 l 100
1242 8 4 h 100
84 8 5 l 100
84 8 5 h 100
599 8 6 l 100
595 8 6 h 100
1096 8 7 l 100
1093 8 7 h 100
452 8 9 l 100
452 8 9 h 100
948 8 10 l 100
948 8 10 h 100
1470 8 11 l 100
1470 8 11 h 100
342 8 12 l 100
342 8 12 h 100
842 8 13 l 100
840 8 13 h 100
1368 8 14 l 11
1370 8 14 l 88
1368 8 14 h 100
186 8 15 l 100
186 8 15 h 100
990 8 16 l 100
990 8 16 h 100
108 9 0 l 100
108 9 0 h 100
1268 9 1 l 100
1268 9 1 h 100
750 9 2 l 100
750 9 2 h 100
shutdown 9 3 l
468 9 4 l 100
468 9 4 h 58
470 9 4 h 41
1608 9 5 l 100
1608 9 5 h 100
1114 9 6 l 100
1112 9 6 h 100
614 9 7 l 100
614 9 7 h 100
864 9 8 l 50
867 9 8 l 50
864 9 8 h 100
1494 9 10 l 100
1494 9 10 h 100
967 9 11 l 50
971 9 11 l 50
968 9 11 h 50
967 9 11 h 50
1236 9 12 l 50
1238 9 12 l 50
1236 9 12 h 50
1237 9 12 h 50
726 9 13 l 100
726 9 13 h 100
212 9 14 l 100
210 9 14 h 70
211 9 14 h 29
1386 9 15 l 100
1386 9 15 h 100
264 9 16 l 50
266 9 16 l 50
264 9 16 h 100
985 10 0 l 100
985 10 0 h 100
1511 10 1 l 100
1508 10 1 h 100
1626 10 2 l 100
1626 10 2 h 100
492 10 3 l 100
493 10 3 h 100
636 10 4 l 100
636 10 4 h 100
1134 10 5 l 100
1134 10 5 h 100
1294 10 6 l 100
1292 10 6 h 100
135 10 7 l 100
134 10 7 h 100
102 10 8 l 100
102 10 8 h 100
606 10 9 l 15
607 10 9 l 84
606 10 9 h 100
1260 10 11 l 100
1260 10 11 h 100
1404 10 12 l 100
1404 10 12 h 100
235 10 13 l 100
234 10 13 h 100
shutdown 10 14 l
884 10 15 l 100
884 10 15 h 100
1170 10 16 l 100
1170 10 16 h 100
263 11 0 l 100
260 11 0 h 100
1417 11 1 l 100
1417 11 1 h 100
1284 11 2 l 100
1286 11 2 h 100
779 11 3 l 100
775 11 3 h 100
630 11 4 l 100
630 11 4 h 100
127 11 5 l 100
127 11 5 h 100
1624 11 6 l 100
1621 11 6 h 100
1132 11 7 l 100
1130 11 7 h 100
1164 11 8 l 100
1164 11 8 h 100
661 11 9 l 100
661 11 9 h 100
516 11 10 l 100
516 11 10 h 100
1518 11 12 l 100
1518 11 12 h 100
1014 11 13 l 100
1016 11 13 h 100
895 11 14 l 100
895 11 14 h 100
385 11 15 l 14
387 11 15 l 85
385 11 15 h 100
416 11 16 l 100
416 11 16 h 100
1158 12 0 l 100
1159 12 0 h 100
17 12 1 l 100
12 12 1 h 28
13 12 1 h 71
511 12 2 l 100
510 12 2 h 100
1009 12 3 l 100
1009 12 3 h 100
798 12 4 l 100
798 12 4 h 100
1312 12 5 l 100
1308 12 5 h 100
154 12 6 l 100
151 12 6 h 100
658 12 7 l 100
656 12 7 h 100
408 12 8 l 100
408 12 8 h 100
912 12 9 l 100
912 12 9 h 100
1434 12 10 l 100
1434 12 10 h 100
282 12 11 l 100
282 12 11 h 100
540 12 13 l 100
540 12 13 h 100
1046 12 14 l 100
1044 12 14 h 100
1544 12 15 l 100
1544 12 15 h 100
1338 12 16 l 100
1338 12 16 h 100
402 13 0 l 100
402 13 0 h 100
1537 13 1 l 100
1537 13 1 h 100
1038 13 2 l 100
1038 13 2 h 100
534 13 3 l 100
534 13 3 h 100
36 13 4 l 50
37 13 4 l 50
37 13 4 h 100
1188 13 5 l 100
1188 13 5 h 100
683 13 6 l 100
678 13 6 h 100
170 13 7 l 43
172 13 7 l 56
170 13 7 h 100
1333 13 8 l 100
1333 13 8 h 100
816 13 9 l 100
816 13 9 h 100
313 13 10 l 100
313 13 10 h 100
1442 13 11 l 50
1443 13 11 l 50
1441 13 11 h 100
924 13 12 l 100
924 13 12 h 100
1554 13 14 l 100
1554 13 14 h 100
1059 13 15 l 100
1056 13 15 h 100
564 13 16 l 100
564 13 16 h 100
1327 14 0 l 100
1327 14 0 h 100
162 14 1 l 100
162 14 1 h 100
311 14 2 l 100
308 14 2 h 100
810 14 3 l 100
810 14 3 h 100
30 14 4 l 100
30 14 4 h 100
528 14 5 l 100
528 14 5 h 100
674 14 6 l 100
674 14 6 h 100
1186 14 7 l 100
1182 14 7 h 100
780 14 8 l 100
780 14 8 h 100
907 14 9 l 50
910 14 9 l 50
906 14 9 h 100
1034 14 10 l 50
1037 14 10 l 50
1033 14 10 h 25
1034 14 10 h 74
1531 14 11 l 50
1535 14 11 l 50
1531 14 11 h 100
792 14 12 l 33
793 14 12 l 33
794 14 12 l 33
792 14 12 h 50
794 14 12 h 50
1302 14 13 l 100
1302 14 13 h 100
276 14 15 l 100
276 14 15 h 100
320 14 16 l 50
318 14 16 l 50
318 14 16 h 100
558 15 0 l 100
558 15 0 h 100
52 15 1 l 100
49 15 1 h 100
1550 15 2 l 100
1550 15 2 h 100
1055 15 3 l 100
1052 15 3 h 100
180 15 4 l 100
180 15 4 h 100
1350 15 5 l 100
1350 15 5 h 100
1200 15 6 l 100
1200 15 6 h 100
690 15 7 l 100
690 15 7 h 100
1218 15 8 l 50
1221 15 8 l 50
1218 15 8 h 100
805 15 9 l 100
805 15 9 h 100
670 15 10 l 100
668 15 10 h 100
157 15 11 l 100
157 15 11 h 100
920 15 12 l 100
920 15 12 h 100
423 15 13 l 100
420 15 13 h 100
300 15 14 l 100
300 15 14 h 100
760 15 16 l 100
758 15 16 h 100
1584 16 0 l 100
1584 16 0 h 100
290 16 1 l 100
290 16 1 h 100
1296 16 2 l 100
1296 16 2 h 100
114 16 3 l 100
114 16 3 h 100
552 16 4 l 100
552 16 4 h 100
295 16 5 l 100
295 16 5 h 100
21 16 6 l 100
20 16 6 h 100
1425 16 7 l 100
1424 16 7 h 100
1272 16 8 l 50
1275 16 8 l 50
1272 16 8 h 100
1002 16 9 l 100
1002 16 9 h 100
1020 16 10 l 100
1020 16 10 h 50
1022 16 10 h 50
1477 16 11 l 100
1477 16 11 h 100
1447 16 12 l 100
1447 16 12 h 100
480 16 13 l 100
482 16 13 h 100
476 16 14 l 100
475 16 14 h 100
1597 16 15 l 100
1598 16 15 h 100
