tunnel_num s t prio weight
324 0 1 l 100
324 0 1 h 100
824 0 2 l 100
824 0 2 h 100
1344 0 3 l 100
1344 0 3 h 100
176 0 4 l 100
shutdown 0 4 h
684 0 5 l 100
684 0 5 h 100
1194 0 6 l 100
shutdown 0 6 h
42 0 7 l 100
42 0 7 h 100
705 0 8 l 100
703 0 8 h 100
1217 0 9 l 100
shutdown 0 9 h
shutdown 0 10 l
577 0 11 l 100
577 0 11 h 100
1071 0 12 l 100
shutdown 0 12 h
1561 0 13 l 100
shutdown 0 13 h
shutdown 0 14 l
931 0 15 l 100
931 0 15 h 100
1319 0 16 l 100
shutdown 0 16 h
696 1 0 l 100
696 1 0 h 100
1363 1 2 l 100
1363 1 2 h 100
835 1 3 l 100
835 1 3 h 100
1063 1 4 l 100
1063 1 4 h 100
570 1 5 l 100
570 1 5 h 100
54 1 6 l 100
54 1 6 h 100
1206 1 7 l 100
1206 1 7 h 100
1579 1 8 l 100
1579 1 8 h 100
1088 1 9 l 100
1088 1 9 h 100
590 1 10 l 100
590 1 10 h 100
79 1 11 l 100
79 1 11 h 100
341 1 12 l 100
338 1 12 h 100
1464 1 13 l 100
1464 1 13 h 100
942 1 14 l 100
942 1 14 h 100
445 1 15 l 100
445 1 15 h 100
548 1 16 l 100
548 1 16 h 100
1572 2 0 l 100
1572 2 0 h 100
442 2 1 l 100
438 2 1 h 100
1080 2 3 l 100
1080 2 3 h 100
1230 2 4 l 100
1230 2 4 h 100
76 2 5 l 100
72 2 5 h 100
204 2 6 l 100
204 2 6 h 100
722 2 7 l 100
722 2 7 h 100
858 2 8 l 100
858 2 8 h 100
1380 2 9 l 100
1380 2 9 h 100
1488 2 10 l 100
1488 2 10 h 100
360 2 11 l 100
360 2 11 h 100
462 2 12 l 100
shutdown 2 12 h
960 2 13 l 100
960 2 13 h 100
shutdown 2 14 l
1606 2 15 l 100
1602 2 15 h 100
1452 2 16 l 100
1452 2 16 h 100
852 3 0 l 100
852 3 0 h 100
356 3 1 l 100
354 3 1 h 99
356 3 1 h 0
198 3 2 l 100
198 3 2 h 100
1224 3 4 l 100
1224 3 4 h 100
716 3 5 l 100
714 3 5 h 100
584 3 6 l 100
584 3 6 h 100
68 3 7 l 100
68 3 7 h 100
1566 3 8 l 100
1566 3 8 h 100
1074 3 9 l 100
1074 3 9 h 100
936 3 10 l 100
936 3 10 h 100
433 3 11 l 100
433 3 11 h 100
330 3 12 l 100
330 3 12 h 100
1458 3 13 l 100
1458 3 13 h 100
1359 3 14 l 100
1356 3 14 h 100
831 3 15 l 100
828 3 15 h 100
978 3 16 l 100
978 3 16 h 100
97 4 0 l 100
96 4 0 h 100
601 4 1 l 100
600 4 1 h 100
shutdown 4 2 l
1590 4 3 l 100
1590 4 3 h 100
228 4 5 l 100
228 4 5 h 100
744 4 6 l 100
744 4 6 h 100
shutdown 4 7 l
846 4 8 l 100
846 4 8 h 100
1378 4 9 l 37
1374 4 9 l 62
shutdown 4 9 h
shutdown 4 10 l
shutdown 4 11 l
456 4 12 l 100
456 4 12 h 100
957 4 13 l 100
955 4 13 h 100
shutdown 4 14 l
348 4 15 l 100
348 4 15 h 100
shutdown 4 16 l
977 5 0 l 100
972 5 0 h 100
486 5 1 l 100
486 5 1 h 100
1614 5 2 l 100
1614 5 2 h 100
1122 5 3 l 100
1122 5 3 h 100
624 5 4 l 100
624 5 4 h 100
1278 5 6 l 100
1279 5 6 h 100
768 5 7 l 0
770 5 7 l 99
768 5 7 h 100
90 5 8 l 100
90 5 8 h 100
1253 5 9 l 100
shutdown 5 9 h
738 5 10 l 100
738 5 10 h 100
222 5 11 l 100
222 5 11 h 100
1400 5 12 l 100
1400 5 12 h 100
879 5 13 l 100
878 5 13 h 100
366 5 14 l 100
366 5 14 h 100
1500 5 15 l 100
1500 5 15 h 100
1153 5 16 l 100
shutdown 5 16 h
246 6 0 l 100
246 6 0 h 100
762 6 1 l 100
762 6 1 h 100
889 6 2 l 100
889 6 2 h 100
1410 6 3 l 25
1412 6 3 l 74
1411 6 3 h 100
619 6 4 l 100
619 6 4 h 100
1116 6 5 l 100
1116 6 5 h 100
120 6 7 l 100
120 6 7 h 100
1146 6 8 l 100
1147 6 8 h 100
8 6 9 l 100
8 6 9 h 100
146 6 10 l 100
146 6 10 h 100
649 6 11 l 100
649 6 11 h 100
1514 6 12 l 100
1514 6 12 h 100
382 6 13 l 100
378 6 13 h 100
504 6 14 l 100
504 6 14 h 100
996 6 15 l 63
998 6 15 l 36
997 6 15 h 100
398 6 16 l 100
398 6 16 h 100
1140 7 0 l 100
1140 7 0 h 100
642 7 1 l 100
642 7 1 h 100
499 7 2 l 100
499 7 2 h 100
2 7 3 l 100
2 7 3 h 100
787 7 4 l 100
787 7 4 h 100
270 7 5 l 100
270 7 5 h 100
138 7 6 l 100
138 7 6 h 100
391 7 8 l 100
391 7 8 h 100
1528 7 9 l 100
1525 7 9 h 100
1429 7 10 l 100
1429 7 10 h 100
901 7 11 l 100
901 7 11 h 100
25 7 12 l 100
25 7 12 h 100
1176 7 13 l 83
1179 7 13 l 16
1176 7 13 h 100
1026 7 14 l 100
1026 7 14 h 100
523 7 15 l 100
523 7 15 h 100
1321 7 16 l 100
1321 7 16 h 100
870 8 0 l 100
870 8 0 h 100
1393 8 1 l 100
1393 8 1 h 100
216 8 2 l 100
218 8 2 h 100
734 8 3 l 100
732 8 3 h 100
1242 8 4 l 100
1242 8 4 h 100
84 8 5 l 100
84 8 5 h 100
594 8 6 l 100
594 8 6 h 100
shutdown 8 7 l
452 8 9 l 100
shutdown 8 9 h
948 8 10 l 100
948 8 10 h 100
1470 8 11 l 100
1470 8 11 h 100
342 8 12 l 100
342 8 12 h 100
842 8 13 l 100
842 8 13 h 100
1370 8 14 l 100
1369 8 14 h 100
187 8 15 l 100
186 8 15 h 100
992 8 16 l 100
992 8 16 h 100
108 9 0 l 100
108 9 0 h 100
1269 9 1 l 100
1268 9 1 h 100
750 9 2 l 100
750 9 2 h 100
240 9 3 l 100
240 9 3 h 100
shutdown 9 4 l
1611 9 5 l 100
1610 9 5 h 100
1111 9 6 l 100
1111 9 6 h 100
614 9 7 l 100
shutdown 9 7 h
864 9 8 l 100
864 9 8 h 100
1496 9 10 l 100
1496 9 10 h 100
966 9 11 l 100
shutdown 9 11 h
shutdown 9 12 l
726 9 13 l 100
726 9 13 h 100
212 9 14 l 100
212 9 14 h 100
1389 9 15 l 100
1388 9 15 h 100
264 9 16 l 100
264 9 16 h 100
shutdown 10 0 l
shutdown 10 1 l
shutdown 10 2 l
492 10 3 l 100
shutdown 10 3 h
shutdown 10 4 l
1134 10 5 l 98
1136 10 5 l 1
1134 10 5 h 100
shutdown 10 6 l
shutdown 10 7 l
102 10 8 l 100
102 10 8 h 100
shutdown 10 9 l
1260 10 11 l 100
1260 10 11 h 100
1404 10 12 l 100
1404 10 12 h 100
234 10 13 l 100
234 10 13 h 100
shutdown 10 14 l
882 10 15 l 100
884 10 15 h 100
1171 10 16 l 100
1171 10 16 h 100
260 11 0 l 100
260 11 0 h 100
1417 11 1 l 100
1417 11 1 h 100
1285 11 2 l 100
1285 11 2 h 100
775 11 3 l 100
775 11 3 h 100
630 11 4 l 100
630 11 4 h 100
126 11 5 l 100
128 11 5 h 100
1620 11 6 l 100
1620 11 6 h 100
1128 11 7 l 100
1128 11 7 h 100
1164 11 8 l 100
1164 11 8 h 100
660 11 9 l 100
660 11 9 h 100
516 11 10 l 100
516 11 10 h 100
1518 11 12 l 100
1518 11 12 h 100
1014 11 13 l 100
1014 11 13 h 100
894 11 14 l 100
894 11 14 h 100
389 11 15 l 100
385 11 15 h 100
414 11 16 l 100
414 11 16 h 100
1158 12 0 l 100
1158 12 0 h 100
12 12 1 l 100
12 12 1 h 100
510 12 2 l 100
shutdown 12 2 h
shutdown 12 3 l
800 12 4 l 70
799 12 4 l 29
800 12 4 h 100
1308 12 5 l 100
1308 12 5 h 100
154 12 6 l 100
152 12 6 h 53
150 12 6 h 46
shutdown 12 7 l
408 12 8 l 100
408 12 8 h 100
shutdown 12 9 l
1434 12 10 l 100
1434 12 10 h 100
282 12 11 l 100
282 12 11 h 100
540 12 13 l 100
540 12 13 h 100
1044 12 14 l 100
shutdown 12 14 h
1544 12 15 l 100
1542 12 15 h 100
1338 12 16 l 100
1338 12 16 h 100
402 13 0 l 100
402 13 0 h 100
1536 13 1 l 100
1536 13 1 h 100
1038 13 2 l 100
shutdown 13 2 h
534 13 3 l 100
shutdown 13 3 h
37 13 4 l 100
shutdown 13 4 h
1188 13 5 l 100
1188 13 5 h 100
683 13 6 l 100
680 13 6 h 100
170 13 7 l 100
shutdown 13 7 h
1333 13 8 l 100
1333 13 8 h 100
816 13 9 l 100
816 13 9 h 100
312 13 10 l 100
312 13 10 h 100
1440 13 11 l 100
1440 13 11 h 86
1442 13 11 h 13
924 13 12 l 100
924 13 12 h 100
1554 13 14 l 100
1554 13 14 h 100
1056 13 15 l 100
1056 13 15 h 100
564 13 16 l 100
564 13 16 h 100
1328 14 0 l 100
1328 14 0 h 100
162 14 1 l 100
162 14 1 h 100
308 14 2 l 100
308 14 2 h 100
813 14 3 l 100
810 14 3 h 100
30 14 4 l 100
30 14 4 h 100
528 14 5 l 100
528 14 5 h 100
673 14 6 l 50
674 14 6 l 50
674 14 6 h 100
1187 14 7 l 100
shutdown 14 7 h
780 14 8 l 100
780 14 8 h 100
908 14 9 l 100
908 14 9 h 100
1033 14 10 l 100
1033 14 10 h 100
1531 14 11 l 100
1531 14 11 h 100
794 14 12 l 100
794 14 12 h 100
1302 14 13 l 100
1302 14 13 h 100
276 14 15 l 100
276 14 15 h 100
319 14 16 l 100
319 14 16 h 100
558 15 0 l 100
559 15 0 h 100
48 15 1 l 50
49 15 1 l 50
49 15 1 h 100
shutdown 15 2 l
1053 15 3 l 100
1050 15 3 h 100
180 15 4 l 100
180 15 4 h 100
1350 15 5 l 100
1350 15 5 h 100
1200 15 6 l 100
1200 15 6 h 100
690 15 7 l 100
690 15 7 h 100
1218 15 8 l 100
1218 15 8 h 100
807 15 9 l 100
804 15 9 h 100
668 15 10 l 100
666 15 10 h 100
157 15 11 l 100
157 15 11 h 100
920 15 12 l 100
920 15 12 h 100
420 15 13 l 100
420 15 13 h 100
300 15 14 l 100
300 15 14 h 100
758 15 16 l 100
758 15 16 h 100
1584 16 0 l 100
1584 16 0 h 100
291 16 1 l 100
289 16 1 h 100
1296 16 2 l 100
1296 16 2 h 100
114 16 3 l 100
114 16 3 h 100
556 16 4 l 100
552 16 4 h 100
297 16 5 l 100
295 16 5 h 100
19 16 6 l 100
19 16 6 h 100
1424 16 7 l 100
1424 16 7 h 100
1277 16 8 l 100
1274 16 8 h 100
1002 16 9 l 100
1002 16 9 h 100
1021 16 10 l 100
1021 16 10 h 100
1476 16 11 l 100
1478 16 11 h 100
1446 16 12 l 100
1446 16 12 h 100
480 16 13 l 100
480 16 13 h 100
475 16 14 l 100
475 16 14 h 100
1598 16 15 l 100
1598 16 15 h 100
