tunnel_num s t prio weight
324 0 1 l 100
324 0 1 h 100
822 0 2 l 100
822 0 2 h 100
1344 0 3 l 100
1344 0 3 h 100
176 0 4 l 100
174 0 4 h 100
684 0 5 l 100
684 0 5 h 100
1194 0 6 l 100
1194 0 6 h 100
42 0 7 l 100
42 0 7 h 100
705 0 8 l 100
703 0 8 h 100
1212 0 9 l 100
1212 0 9 h 100
64 0 10 l 50
60 0 10 l 50
60 0 10 h 100
579 0 11 l 99
581 0 11 l 0
576 0 11 h 100
1072 0 12 l 100
1068 0 12 h 100
1561 0 13 l 100
1560 0 13 h 100
428 0 14 l 100
428 0 14 h 100
930 0 15 l 100
930 0 15 h 100
1314 0 16 l 100
1315 0 16 h 100
700 1 0 l 100
696 1 0 h 100
1364 1 2 l 100
1363 1 2 h 50
1364 1 2 h 50
837 1 3 l 100
836 1 3 h 100
1063 1 4 l 50
1064 1 4 l 50
1064 1 4 h 50
1063 1 4 h 50
570 1 5 l 100
570 1 5 h 100
54 1 6 l 100
54 1 6 h 100
1210 1 7 l 100
1206 1 7 h 100
1581 1 8 l 100
1578 1 8 h 100
1086 1 9 l 100
1086 1 9 h 100
588 1 10 l 100
588 1 10 h 100
81 1 11 l 100
78 1 11 h 100
340 1 12 l 100
336 1 12 h 100
1464 1 13 l 100
1464 1 13 h 100
942 1 14 l 26
944 1 14 l 73
942 1 14 h 100
448 1 15 l 100
445 1 15 h 100
546 1 16 l 100
546 1 16 h 100
1576 2 0 l 100
1572 2 0 h 100
440 2 1 l 100
440 2 1 h 100
1084 2 3 l 100
1080 2 3 h 100
1230 2 4 l 100
1230 2 4 h 100
74 2 5 l 100
74 2 5 h 100
206 2 6 l 100
206 2 6 h 100
722 2 7 l 100
722 2 7 h 100
858 2 8 l 100
858 2 8 h 100
1384 2 9 l 100
1380 2 9 h 100
1488 2 10 l 100
1489 2 10 h 100
362 2 11 l 100
360 2 11 h 100
462 2 12 l 100
462 2 12 h 100
960 2 13 l 100
960 2 13 h 100
1106 2 14 l 100
1106 2 14 h 100
1606 2 15 l 100
1604 2 15 h 100
1452 2 16 l 100
1452 2 16 h 100
852 3 0 l 100
852 3 0 h 100
357 3 1 l 100
354 3 1 h 100
198 3 2 l 100
199 3 2 h 100
1224 3 4 l 100
1224 3 4 h 100
719 3 5 l 100
716 3 5 h 100
586 3 6 l 100
582 3 6 h 100
68 3 7 l 100
68 3 7 h 100
1567 3 8 l 100
1566 3 8 h 100
1074 3 9 l 100
1074 3 9 h 100
936 3 10 l 100
936 3 10 h 100
434 3 11 l 100
432 3 11 h 100
334 3 12 l 100
332 3 12 h 100
1458 3 13 l 100
1458 3 13 h 100
1358 3 14 l 100
1358 3 14 h 100
831 3 15 l 100
828 3 15 h 100
978 3 16 l 100
978 3 16 h 100
shutdown 4 0 l
shutdown 4 1 l
1098 4 2 l 55
1099 4 2 l 44
1098 4 2 h 100
1591 4 3 l 100
1590 4 3 h 22
1591 4 3 h 77
229 4 5 l 100
229 4 5 h 100
744 4 6 l 100
744 4 6 h 100
1254 4 7 l 100
1254 4 7 h 100
846 4 8 l 100
846 4 8 h 100
1374 4 9 l 84
1375 4 9 l 15
1374 4 9 h 100
194 4 10 l 100
194 4 10 h 100
708 4 11 l 59
711 4 11 l 40
708 4 11 h 100
458 4 12 l 79
460 4 12 l 20
458 4 12 h 100
958 4 13 l 100
955 4 13 h 100
1484 4 14 l 100
1484 4 14 h 100
351 4 15 l 100
349 4 15 h 100
253 4 16 l 100
252 4 16 h 100
973 5 0 l 100
973 5 0 h 100
486 5 1 l 100
486 5 1 h 100
1616 5 2 l 100
1614 5 2 h 100
1127 5 3 l 100
1122 5 3 h 100
624 5 4 l 100
624 5 4 h 100
1278 5 6 l 100
1278 5 6 h 100
768 5 7 l 100
768 5 7 h 100
95 5 8 l 100
91 5 8 h 100
1249 5 9 l 100
1249 5 9 h 100
743 5 10 l 100
738 5 10 h 100
225 5 11 l 100
222 5 11 h 100
1402 5 12 l 100
1399 5 12 h 100
880 5 13 l 100
876 5 13 h 100
366 5 14 l 100
367 5 14 h 100
1503 5 15 l 100
1500 5 15 h 100
1156 5 16 l 100
1152 5 16 h 100
246 6 0 l 100
246 6 0 h 100
762 6 1 l 100
762 6 1 h 100
888 6 2 l 100
890 6 2 h 100
1411 6 3 l 100
1412 6 3 h 100
618 6 4 l 100
618 6 4 h 100
1116 6 5 l 100
1116 6 5 h 100
120 6 7 l 100
120 6 7 h 100
1146 6 8 l 100
1146 6 8 h 100
6 6 9 l 100
6 6 9 h 100
144 6 10 l 100
146 6 10 h 100
649 6 11 l 100
648 6 11 h 100
1516 6 12 l 100
1513 6 12 h 100
383 6 13 l 100
379 6 13 h 100
506 6 14 l 100
506 6 14 h 100
996 6 15 l 29
998 6 15 l 70
996 6 15 h 100
400 6 16 l 100
396 6 16 h 100
1140 7 0 l 100
1140 7 0 h 100
642 7 1 l 100
642 7 1 h 100
500 7 2 l 100
500 7 2 h 100
2 7 3 l 100
2 7 3 h 100
786 7 4 l 100
786 7 4 h 100
270 7 5 l 100
270 7 5 h 100
138 7 6 l 100
138 7 6 h 100
390 7 8 l 33
391 7 8 l 33
394 7 8 l 33
391 7 8 h 100
1526 7 9 l 100
1526 7 9 h 100
1430 7 10 l 100
1430 7 10 h 100
900 7 11 l 100
901 7 11 h 100
28 7 12 l 100
26 7 12 h 100
1180 7 13 l 100
1178 7 13 h 100
1030 7 14 l 100
1026 7 14 h 100
522 7 15 l 100
522 7 15 h 100
1320 7 16 l 100
1322 7 16 h 100
872 8 0 l 100
872 8 0 h 100
1395 8 1 l 100
1393 8 1 h 100
220 8 2 l 100
216 8 2 h 100
735 8 3 l 100
732 8 3 h 100
1242 8 4 l 100
1242 8 4 h 100
87 8 5 l 100
84 8 5 h 100
598 8 6 l 100
594 8 6 h 100
1097 8 7 l 100
1093 8 7 h 100
453 8 9 l 100
451 8 9 h 100
948 8 10 l 100
948 8 10 h 100
1470 8 11 l 100
1470 8 11 h 100
344 8 12 l 100
343 8 12 h 100
845 8 13 l 100
841 8 13 h 100
1372 8 14 l 100
1368 8 14 h 100
189 8 15 l 100
186 8 15 h 100
993 8 16 l 100
990 8 16 h 100
110 9 0 l 100
108 9 0 h 100
1266 9 1 l 100
1266 9 1 h 100
750 9 2 l 100
750 9 2 h 100
240 9 3 l 100
240 9 3 h 100
468 9 4 l 100
469 9 4 h 100
1609 9 5 l 100
1609 9 5 h 100
1110 9 6 l 100
1110 9 6 h 100
614 9 7 l 100
614 9 7 h 100
864 9 8 l 100
865 9 8 h 100
1494 9 10 l 100
1494 9 10 h 100
970 9 11 l 100
968 9 11 h 100
1236 9 12 l 100
1236 9 12 h 100
726 9 13 l 100
726 9 13 h 100
211 9 14 l 100
212 9 14 h 100
1389 9 15 l 100
1387 9 15 h 100
268 9 16 l 100
264 9 16 h 100
984 10 0 l 100
985 10 0 h 100
1506 10 1 l 100
1506 10 1 h 100
1626 10 2 l 100
1626 10 2 h 50
1627 10 2 h 50
494 10 3 l 100
493 10 3 h 100
636 10 4 l 100
636 10 4 h 50
637 10 4 h 50
1135 10 5 l 100
1134 10 5 h 100
1290 10 6 l 100
1290 10 6 h 100
132 10 7 l 100
132 10 7 h 100
102 10 8 l 100
102 10 8 h 100
608 10 9 l 100
606 10 9 h 100
1260 10 11 l 50
1265 10 11 l 50
1260 10 11 h 100
1406 10 12 l 100
1405 10 12 h 100
235 10 13 l 100
236 10 13 h 100
375 10 14 l 87
376 10 14 l 12
373 10 14 h 100
883 10 15 l 100
884 10 15 h 100
1170 10 16 l 100
1170 10 16 h 100
263 11 0 l 100
258 11 0 h 100
1419 11 1 l 100
1417 11 1 h 100
1284 11 2 l 50
1286 11 2 l 50
1284 11 2 h 50
1286 11 2 h 50
778 11 3 l 100
774 11 3 h 100
630 11 4 l 100
630 11 4 h 100
126 11 5 l 100
126 11 5 h 100
1625 11 6 l 100
1620 11 6 h 100
1130 11 7 l 100
1130 11 7 h 100
1164 11 8 l 100
1164 11 8 h 100
661 11 9 l 100
661 11 9 h 100
516 11 10 l 100
516 11 10 h 50
518 11 10 h 50
1519 11 12 l 100
1520 11 12 h 100
1016 11 13 l 100
1016 11 13 h 100
897 11 14 l 100
895 11 14 h 100
388 11 15 l 100
385 11 15 h 100
419 11 16 l 50
415 11 16 l 50
415 11 16 h 100
1160 12 0 l 100
1158 12 0 h 100
13 12 1 l 100
12 12 1 h 100
510 12 2 l 100
510 12 2 h 100
shutdown 12 3 l
shutdown 12 4 l
1309 12 5 l 100
1309 12 5 h 100
150 12 6 l 100
151 12 6 h 100
654 12 7 l 31
655 12 7 l 4
658 12 7 l 64
655 12 7 h 100
409 12 8 l 50
410 12 8 l 50
409 12 8 h 100
912 12 9 l 100
912 12 9 h 100
1435 12 10 l 100
1435 12 10 h 100
shutdown 12 11 l
shutdown 12 13 l
1044 12 14 l 100
1044 12 14 h 100
1542 12 15 l 100
1542 12 15 h 100
shutdown 12 16 l
403 13 0 l 100
402 13 0 h 100
1536 13 1 l 100
1536 13 1 h 100
1038 13 2 l 100
1038 13 2 h 100
536 13 3 l 100
534 13 3 h 100
37 13 4 l 33
38 13 4 l 33
41 13 4 l 33
36 13 4 h 11
37 13 4 h 88
1188 13 5 l 50
1189 13 5 l 50
1188 13 5 h 100
678 13 6 l 100
678 13 6 h 100
shutdown 13 7 l
1337 13 8 l 100
1332 13 8 h 100
shutdown 13 9 l
314 13 10 l 50
317 13 10 l 50
314 13 10 h 100
1442 13 11 l 50
1445 13 11 l 50
1442 13 11 h 100
924 13 12 l 100
924 13 12 h 100
1554 13 14 l 100
1554 13 14 h 100
1056 13 15 l 100
1056 13 15 h 100
565 13 16 l 100
565 13 16 h 100
1329 14 0 l 100
1328 14 0 h 100
162 14 1 l 100
164 14 1 h 100
311 14 2 l 100
308 14 2 h 100
813 14 3 l 100
812 14 3 h 100
30 14 4 l 100
30 14 4 h 100
528 14 5 l 100
528 14 5 h 100
674 14 6 l 100
674 14 6 h 100
shutdown 14 7 l
784 14 8 l 100
781 14 8 h 100
907 14 9 l 50
908 14 9 l 50
907 14 9 h 100
1034 14 10 l 100
1033 14 10 h 100
1533 14 11 l 100
1531 14 11 h 100
792 14 12 l 100
792 14 12 h 100
1302 14 13 l 100
1302 14 13 h 100
276 14 15 l 100
276 14 15 h 100
318 14 16 l 100
319 14 16 h 100
559 15 0 l 100
558 15 0 h 100
49 15 1 l 100
49 15 1 h 100
1552 15 2 l 100
1548 15 2 h 50
1549 15 2 h 50
1053 15 3 l 100
1052 15 3 h 100
181 15 4 l 100
181 15 4 h 100
1350 15 5 l 100
1350 15 5 h 100
1200 15 6 l 50
1201 15 6 l 50
1200 15 6 h 50
1201 15 6 h 50
690 15 7 l 100
691 15 7 h 100
1218 15 8 l 100
1218 15 8 h 100
807 15 9 l 100
804 15 9 h 100
668 15 10 l 33
670 15 10 l 33
671 15 10 l 33
668 15 10 h 100
157 15 11 l 100
157 15 11 h 100
918 15 12 l 100
918 15 12 h 100
420 15 13 l 100
420 15 13 h 100
300 15 14 l 100
300 15 14 h 100
757 15 16 l 69
758 15 16 l 30
757 15 16 h 50
758 15 16 h 50
1584 16 0 l 100
1584 16 0 h 100
289 16 1 l 100
289 16 1 h 100
1296 16 2 l 50
1300 16 2 l 50
1296 16 2 h 100
114 16 3 l 100
114 16 3 h 100
552 16 4 l 50
557 16 4 l 50
552 16 4 h 100
294 16 5 l 100
294 16 5 h 100
22 16 6 l 100
18 16 6 h 100
1422 16 7 l 100
1424 16 7 h 100
1275 16 8 l 100
1273 16 8 h 100
1002 16 9 l 100
1002 16 9 h 100
1020 16 10 l 100
1020 16 10 h 100
1477 16 11 l 50
1481 16 11 l 50
1477 16 11 h 100
1446 16 12 l 100
1446 16 12 h 100
480 16 13 l 100
480 16 13 h 100
475 16 14 l 100
475 16 14 h 100
1598 16 15 l 100
1598 16 15 h 100
