tunnel_num s t prio weight
324 0 1 l 100
324 0 1 h 100
822 0 2 l 100
822 0 2 h 100
1344 0 3 l 100
1344 0 3 h 100
174 0 4 l 100
174 0 4 h 100
684 0 5 l 100
685 0 5 h 100
1194 0 6 l 100
1194 0 6 h 100
shutdown 0 7 l
42 0 7 h 100
702 0 8 l 100
702 0 8 h 100
1212 0 9 l 100
1212 0 9 h 100
shutdown 0 10 l
62 0 10 h 100
576 0 11 l 100
576 0 11 h 100
1071 0 12 l 100
1069 0 12 h 100
1565 0 13 l 100
1562 0 13 h 100
shutdown 0 14 l
428 0 14 h 100
933 0 15 l 100
930 0 15 h 100
1315 0 16 l 100
1315 0 16 h 100
696 1 0 l 100
696 1 0 h 100
1362 1 2 l 100
1362 1 2 h 100
834 1 3 l 100
834 1 3 h 100
1063 1 4 l 100
1063 1 4 h 100
570 1 5 l 100
570 1 5 h 100
54 1 6 l 100
55 1 6 h 100
1206 1 7 l 100
1206 1 7 h 100
1581 1 8 l 100
1579 1 8 h 100
1087 1 9 l 100
1087 1 9 h 100
591 1 10 l 100
589 1 10 h 100
82 1 11 l 100
80 1 11 h 100
341 1 12 l 100
337 1 12 h 100
1467 1 13 l 100
1465 1 13 h 100
942 1 14 l 100
944 1 14 h 100
449 1 15 l 100
445 1 15 h 100
546 1 16 l 100
546 1 16 h 100
1572 2 0 l 100
1572 2 0 h 100
438 2 1 l 100
438 2 1 h 100
1080 2 3 l 100
1080 2 3 h 100
1230 2 4 l 100
1230 2 4 h 100
72 2 5 l 100
72 2 5 h 100
204 2 6 l 100
204 2 6 h 100
722 2 7 l 100
722 2 7 h 100
858 2 8 l 100
858 2 8 h 100
1380 2 9 l 100
1380 2 9 h 100
1488 2 10 l 100
1488 2 10 h 100
360 2 11 l 100
360 2 11 h 100
467 2 12 l 100
463 2 12 h 100
964 2 13 l 100
961 2 13 h 100
1104 2 14 l 100
1104 2 14 h 100
1607 2 15 l 100
1603 2 15 h 100
1456 2 16 l 100
1453 2 16 h 100
852 3 0 l 100
852 3 0 h 100
356 3 1 l 100
356 3 1 h 100
198 3 2 l 100
198 3 2 h 100
1224 3 4 l 100
1224 3 4 h 100
716 3 5 l 100
715 3 5 h 100
584 3 6 l 100
584 3 6 h 100
68 3 7 l 100
68 3 7 h 100
1571 3 8 l 100
1566 3 8 h 100
1074 3 9 l 100
1074 3 9 h 100
941 3 10 l 100
936 3 10 h 100
436 3 11 l 100
432 3 11 h 100
331 3 12 l 100
331 3 12 h 100
1463 3 13 l 100
1459 3 13 h 100
1361 3 14 l 100
1358 3 14 h 100
830 3 15 l 100
830 3 15 h 100
983 3 16 l 100
979 3 16 h 100
97 4 0 l 100
96 4 0 h 100
600 4 1 l 100
601 4 1 h 100
1098 4 2 l 100
1098 4 2 h 100
shutdown 4 3 l
1590 4 3 h 100
228 4 5 l 100
228 4 5 h 100
744 4 6 l 100
744 4 6 h 100
shutdown 4 7 l
1254 4 7 h 100
846 4 8 l 100
846 4 8 h 100
shutdown 4 9 l
1374 4 9 h 100
192 4 10 l 100
192 4 10 h 100
708 4 11 l 100
708 4 11 h 100
shutdown 4 12 l
456 4 12 h 100
shutdown 4 13 l
954 4 13 h 100
shutdown 4 14 l
1482 4 14 h 100
350 4 15 l 100
350 4 15 h 100
253 4 16 l 100
254 4 16 h 100
972 5 0 l 100
972 5 0 h 100
486 5 1 l 100
486 5 1 h 100
1614 5 2 l 100
1614 5 2 h 100
1122 5 3 l 100
1122 5 3 h 100
624 5 4 l 100
624 5 4 h 100
1278 5 6 l 100
1278 5 6 h 100
771 5 7 l 100
768 5 7 h 100
93 5 8 l 100
91 5 8 h 100
shutdown 5 9 l
1248 5 9 h 100
742 5 10 l 100
739 5 10 h 100
225 5 11 l 100
223 5 11 h 100
1398 5 12 l 100
1400 5 12 h 100
876 5 13 l 100
877 5 13 h 100
366 5 14 l 100
366 5 14 h 100
1503 5 15 l 100
1501 5 15 h 100
1155 5 16 l 100
1152 5 16 h 100
246 6 0 l 100
246 6 0 h 100
762 6 1 l 100
763 6 1 h 100
888 6 2 l 100
888 6 2 h 100
1410 6 3 l 100
1410 6 3 h 100
618 6 4 l 100
619 6 4 h 100
1119 6 5 l 100
1116 6 5 h 100
120 6 7 l 100
120 6 7 h 100
1150 6 8 l 100
1147 6 8 h 100
7 6 9 l 100
7 6 9 h 100
148 6 10 l 100
145 6 10 h 100
652 6 11 l 100
649 6 11 h 100
1516 6 12 l 100
1513 6 12 h 100
380 6 13 l 100
380 6 13 h 100
505 6 14 l 100
505 6 14 h 100
1001 6 15 l 100
996 6 15 h 100
400 6 16 l 100
396 6 16 h 100
1140 7 0 l 100
1140 7 0 h 100
647 7 1 l 100
642 7 1 h 100
500 7 2 l 100
500 7 2 h 100
2 7 3 l 100
2 7 3 h 100
786 7 4 l 100
788 7 4 h 100
271 7 5 l 100
271 7 5 h 100
139 7 6 l 100
138 7 6 h 100
395 7 8 l 100
390 7 8 h 100
1526 7 9 l 100
1526 7 9 h 100
1429 7 10 l 100
1428 7 10 h 100
900 7 11 l 100
900 7 11 h 100
29 7 12 l 100
25 7 12 h 100
1177 7 13 l 100
1177 7 13 h 100
1030 7 14 l 100
1026 7 14 h 100
526 7 15 l 100
522 7 15 h 100
1324 7 16 l 100
1320 7 16 h 100
870 8 0 l 100
870 8 0 h 100
1393 8 1 l 100
1393 8 1 h 100
shutdown 8 2 l
216 8 2 h 100
732 8 3 l 100
732 8 3 h 100
1242 8 4 l 100
1242 8 4 h 100
84 8 5 l 100
84 8 5 h 100
594 8 6 l 100
594 8 6 h 100
1092 8 7 l 100
1092 8 7 h 100
450 8 9 l 100
450 8 9 h 100
948 8 10 l 100
948 8 10 h 100
1470 8 11 l 100
1470 8 11 h 100
342 8 12 l 100
342 8 12 h 100
842 8 13 l 100
842 8 13 h 100
1368 8 14 l 100
1368 8 14 h 100
186 8 15 l 100
186 8 15 h 100
992 8 16 l 100
992 8 16 h 100
108 9 0 l 100
108 9 0 h 100
1268 9 1 l 100
1267 9 1 h 100
750 9 2 l 100
750 9 2 h 100
240 9 3 l 100
240 9 3 h 100
shutdown 9 4 l
468 9 4 h 100
1608 9 5 l 100
1608 9 5 h 100
shutdown 9 6 l
1112 9 6 h 100
614 9 7 l 100
614 9 7 h 100
864 9 8 l 100
864 9 8 h 100
1496 9 10 l 100
1496 9 10 h 100
971 9 11 l 100
968 9 11 h 100
shutdown 9 12 l
1238 9 12 h 100
shutdown 9 13 l
727 9 13 h 100
shutdown 9 14 l
210 9 14 h 100
1390 9 15 l 100
1386 9 15 h 100
269 9 16 l 100
265 9 16 h 100
986 10 0 l 100
984 10 0 h 100
1506 10 1 l 100
1506 10 1 h 100
shutdown 10 2 l
1626 10 2 h 100
shutdown 10 3 l
494 10 3 h 100
636 10 4 l 100
636 10 4 h 100
1135 10 5 l 100
1135 10 5 h 100
1290 10 6 l 100
1290 10 6 h 100
shutdown 10 7 l
132 10 7 h 100
102 10 8 l 100
102 10 8 h 100
shutdown 10 9 l
608 10 9 h 100
1260 10 11 l 100
1260 10 11 h 100
1404 10 12 l 100
1404 10 12 h 100
235 10 13 l 100
235 10 13 h 100
shutdown 10 14 l
374 10 14 h 100
887 10 15 l 100
882 10 15 h 100
1170 10 16 l 100
1170 10 16 h 100
258 11 0 l 100
258 11 0 h 100
1420 11 1 l 100
1417 11 1 h 100
1284 11 2 l 100
1284 11 2 h 100
774 11 3 l 100
774 11 3 h 100
634 11 4 l 100
630 11 4 h 100
129 11 5 l 100
127 11 5 h 100
1621 11 6 l 100
1620 11 6 h 100
1128 11 7 l 100
1128 11 7 h 100
1168 11 8 l 100
1164 11 8 h 100
662 11 9 l 100
662 11 9 h 100
521 11 10 l 100
516 11 10 h 100
1523 11 12 l 100
1518 11 12 h 100
1015 11 13 l 100
1015 11 13 h 100
897 11 14 l 100
895 11 14 h 100
388 11 15 l 100
386 11 15 h 100
414 11 16 l 100
414 11 16 h 100
1159 12 0 l 100
1160 12 0 h 43
1159 12 0 h 56
13 12 1 l 100
13 12 1 h 100
shutdown 12 2 l
511 12 2 h 100
shutdown 12 3 l
1009 12 3 h 100
798 12 4 l 100
798 12 4 h 100
1308 12 5 l 100
1308 12 5 h 100
152 12 6 l 100
152 12 6 h 100
655 12 7 l 68
659 12 7 l 31
655 12 7 h 100
408 12 8 l 100
408 12 8 h 100
shutdown 12 9 l
914 12 9 h 100
1434 12 10 l 100
1434 12 10 h 100
282 12 11 l 100
282 12 11 h 100
540 12 13 l 100
540 12 13 h 100
1044 12 14 l 100
1044 12 14 h 100
1546 12 15 l 100
1542 12 15 h 100
1338 12 16 l 100
1339 12 16 h 100
403 13 0 l 100
403 13 0 h 100
1539 13 1 l 100
1537 13 1 h 100
shutdown 13 2 l
1039 13 2 h 100
535 13 3 l 100
535 13 3 h 100
40 13 4 l 100
36 13 4 h 100
1189 13 5 l 100
1189 13 5 h 100
679 13 6 l 100
679 13 6 h 100
shutdown 13 7 l
169 13 7 h 100
1334 13 8 l 100
1334 13 8 h 100
shutdown 13 9 l
817 13 9 h 100
312 13 10 l 100
313 13 10 h 100
1445 13 11 l 100
1441 13 11 h 100
924 13 12 l 100
924 13 12 h 100
1554 13 14 l 100
1554 13 14 h 100
1057 13 15 l 100
1058 13 15 h 100
564 13 16 l 100
564 13 16 h 100
1326 14 0 l 100
1326 14 0 h 100
164 14 1 l 100
162 14 1 h 100
306 14 2 l 100
306 14 2 h 100
810 14 3 l 100
812 14 3 h 100
32 14 4 l 100
32 14 4 h 100
528 14 5 l 100
528 14 5 h 100
673 14 6 l 100
674 14 6 h 100
1186 14 7 l 100
1183 14 7 h 100
785 14 8 l 100
782 14 8 h 100
906 14 9 l 100
906 14 9 h 100
1036 14 10 l 100
1032 14 10 h 100
1533 14 11 l 100
1530 14 11 h 100
792 14 12 l 100
792 14 12 h 100
1302 14 13 l 100
1302 14 13 h 100
281 14 15 l 100
276 14 15 h 100
319 14 16 l 100
318 14 16 h 100
558 15 0 l 100
558 15 0 h 100
53 15 1 l 100
49 15 1 h 100
1549 15 2 l 100
1548 15 2 h 100
1051 15 3 l 100
1050 15 3 h 100
181 15 4 l 100
180 15 4 h 100
1351 15 5 l 100
1352 15 5 h 100
1200 15 6 l 100
1200 15 6 h 100
690 15 7 l 100
690 15 7 h 100
1223 15 8 l 100
1220 15 8 h 100
shutdown 15 9 l
804 15 9 h 100
670 15 10 l 100
666 15 10 h 100
160 15 11 l 100
158 15 11 h 100
918 15 12 l 100
918 15 12 h 100
420 15 13 l 100
420 15 13 h 100
300 15 14 l 100
300 15 14 h 100
758 15 16 l 100
757 15 16 h 100
1585 16 0 l 100
1585 16 0 h 100
288 16 1 l 100
288 16 1 h 100
1297 16 2 l 100
1297 16 2 h 100
115 16 3 l 100
115 16 3 h 100
557 16 4 l 100
554 16 4 h 100
298 16 5 l 100
294 16 5 h 100
22 16 6 l 100
18 16 6 h 100
1422 16 7 l 100
1422 16 7 h 100
1274 16 8 l 100
1274 16 8 h 100
1003 16 9 l 100
1003 16 9 h 100
1021 16 10 l 100
1020 16 10 h 100
1476 16 11 l 100
1476 16 11 h 100
1447 16 12 l 100
1447 16 12 h 100
480 16 13 l 100
480 16 13 h 100
475 16 14 l 100
475 16 14 h 100
1597 16 15 l 100
1597 16 15 h 100
