tunnel_num s t prio weight
324 0 1 l 100
324 0 1 h 100
822 0 2 l 100
822 0 2 h 100
shutdown 0 3 l
175 0 4 l 100
shutdown 0 4 h
687 0 5 l 100
684 0 5 h 100
1194 0 6 l 100
shutdown 0 6 h
42 0 7 l 100
42 0 7 h 100
704 0 8 l 100
704 0 8 h 100
shutdown 0 9 l
shutdown 0 10 l
579 0 11 l 100
578 0 11 h 100
1068 0 12 l 100
shutdown 0 12 h
1562 0 13 l 100
shutdown 0 13 h
shutdown 0 14 l
933 0 15 l 100
931 0 15 h 100
1315 0 16 l 100
1315 0 16 h 100
701 1 0 l 100
697 1 0 h 100
1363 1 2 l 100
1363 1 2 h 100
835 1 3 l 100
835 1 3 h 100
1063 1 4 l 100
1063 1 4 h 100
573 1 5 l 100
570 1 5 h 100
54 1 6 l 100
54 1 6 h 100
1206 1 7 l 100
1206 1 7 h 100
1581 1 8 l 100
shutdown 1 8 h
1086 1 9 l 100
1088 1 9 h 100
593 1 10 l 100
588 1 10 h 100
82 1 11 l 100
shutdown 1 11 h
339 1 12 l 100
337 1 12 h 100
1465 1 13 l 100
1465 1 13 h 100
944 1 14 l 100
943 1 14 h 100
449 1 15 l 100
446 1 15 h 100
546 1 16 l 100
546 1 16 h 100
1572 2 0 l 100
1572 2 0 h 100
439 2 1 l 100
439 2 1 h 100
1080 2 3 l 100
1080 2 3 h 100
1230 2 4 l 100
1230 2 4 h 100
72 2 5 l 100
73 2 5 h 100
204 2 6 l 100
205 2 6 h 100
722 2 7 l 100
722 2 7 h 100
860 2 8 l 100
860 2 8 h 100
1380 2 9 l 100
1380 2 9 h 100
1489 2 10 l 100
1490 2 10 h 100
362 2 11 l 100
361 2 11 h 100
466 2 12 l 100
shutdown 2 12 h
960 2 13 l 100
960 2 13 h 100
1104 2 14 l 100
1104 2 14 h 100
1602 2 15 l 100
1602 2 15 h 100
1452 2 16 l 100
1452 2 16 h 100
852 3 0 l 100
852 3 0 h 100
358 3 1 l 100
354 3 1 h 100
198 3 2 l 100
199 3 2 h 100
1224 3 4 l 100
1224 3 4 h 100
714 3 5 l 100
714 3 5 h 100
582 3 6 l 100
582 3 6 h 100
68 3 7 l 100
68 3 7 h 100
1568 3 8 l 100
1568 3 8 h 100
1074 3 9 l 100
1074 3 9 h 100
937 3 10 l 100
937 3 10 h 100
433 3 11 l 100
433 3 11 h 100
330 3 12 l 100
330 3 12 h 100
1458 3 13 l 100
1458 3 13 h 100
1358 3 14 l 100
1358 3 14 h 100
828 3 15 l 100
shutdown 3 15 h
978 3 16 l 100
978 3 16 h 100
96 4 0 l 100
97 4 0 h 100
600 4 1 l 100
601 4 1 h 100
shutdown 4 2 l
1590 4 3 l 100
shutdown 4 3 h
228 4 5 l 100
228 4 5 h 100
744 4 6 l 100
744 4 6 h 100
shutdown 4 7 l
850 4 8 l 100
848 4 8 h 100
shutdown 4 9 l
shutdown 4 10 l
shutdown 4 11 l
shutdown 4 12 l
shutdown 4 13 l
1484 4 14 l 100
1482 4 14 h 17
1483 4 14 h 82
348 4 15 l 100
350 4 15 h 100
253 4 16 l 100
254 4 16 h 100
972 5 0 l 100
974 5 0 h 100
486 5 1 l 100
486 5 1 h 100
1614 5 2 l 100
1614 5 2 h 100
1122 5 3 l 100
1124 5 3 h 100
624 5 4 l 100
624 5 4 h 100
1278 5 6 l 100
1278 5 6 h 100
768 5 7 l 100
768 5 7 h 100
93 5 8 l 100
shutdown 5 8 h
1249 5 9 l 100
1249 5 9 h 100
739 5 10 l 100
739 5 10 h 100
225 5 11 l 100
shutdown 5 11 h
shutdown 5 12 l
shutdown 5 13 l
366 5 14 l 100
366 5 14 h 100
1502 5 15 l 100
1500 5 15 h 100
1152 5 16 l 100
1152 5 16 h 100
251 6 0 l 100
246 6 0 h 100
765 6 1 l 100
762 6 1 h 100
891 6 2 l 100
888 6 2 h 100
1412 6 3 l 100
1412 6 3 h 100
622 6 4 l 100
618 6 4 h 100
1119 6 5 l 100
1117 6 5 h 100
120 6 7 l 100
120 6 7 h 100
1150 6 8 l 100
shutdown 6 8 h
7 6 9 l 100
8 6 9 h 100
147 6 10 l 100
144 6 10 h 100
651 6 11 l 100
shutdown 6 11 h
1515 6 12 l 100
1513 6 12 h 100
379 6 13 l 100
379 6 13 h 100
506 6 14 l 100
504 6 14 h 100
996 6 15 l 100
997 6 15 h 100
398 6 16 l 100
397 6 16 h 100
1140 7 0 l 100
1140 7 0 h 100
643 7 1 l 100
642 7 1 h 100
499 7 2 l 100
500 7 2 h 100
2 7 3 l 100
2 7 3 h 100
786 7 4 l 100
788 7 4 h 100
273 7 5 l 100
272 7 5 h 100
138 7 6 l 100
138 7 6 h 100
393 7 8 l 100
392 7 8 h 100
1525 7 9 l 100
1526 7 9 h 100
1428 7 10 l 100
1428 7 10 h 100
904 7 11 l 100
902 7 11 h 100
29 7 12 l 100
shutdown 7 12 h
shutdown 7 13 l
1030 7 14 l 100
1026 7 14 h 100
526 7 15 l 100
524 7 15 h 100
1320 7 16 l 100
1320 7 16 h 100
872 8 0 l 100
872 8 0 h 100
1395 8 1 l 100
shutdown 8 1 h
218 8 2 l 100
218 8 2 h 100
734 8 3 l 100
734 8 3 h 100
1244 8 4 l 9
1246 8 4 l 90
1244 8 4 h 100
87 8 5 l 100
shutdown 8 5 h
598 8 6 l 100
shutdown 8 6 h
shutdown 8 7 l
453 8 9 l 100
shutdown 8 9 h
948 8 10 l 100
948 8 10 h 100
1470 8 11 l 100
1470 8 11 h 100
342 8 12 l 100
342 8 12 h 100
842 8 13 l 100
842 8 13 h 100
shutdown 8 14 l
shutdown 8 15 l
992 8 16 l 100
992 8 16 h 100
108 9 0 l 100
108 9 0 h 100
1266 9 1 l 100
1266 9 1 h 100
750 9 2 l 100
750 9 2 h 100
240 9 3 l 100
240 9 3 h 100
468 9 4 l 100
468 9 4 h 100
1609 9 5 l 100
1608 9 5 h 100
1111 9 6 l 100
1110 9 6 h 100
614 9 7 l 100
shutdown 9 7 h
867 9 8 l 100
866 9 8 h 100
1494 9 10 l 100
1495 9 10 h 100
966 9 11 l 100
967 9 11 h 100
shutdown 9 12 l
shutdown 9 13 l
210 9 14 l 77
214 9 14 l 22
211 9 14 h 100
1386 9 15 l 100
1386 9 15 h 100
264 9 16 l 100
264 9 16 h 100
986 10 0 l 100
985 10 0 h 100
1506 10 1 l 90
1511 10 1 l 9
1506 10 1 h 100
shutdown 10 2 l
497 10 3 l 100
493 10 3 h 67
494 10 3 h 32
shutdown 10 4 l
1135 10 5 l 100
1135 10 5 h 100
1290 10 6 l 100
1290 10 6 h 100
shutdown 10 7 l
102 10 8 l 100
102 10 8 h 100
606 10 9 l 100
607 10 9 h 100
1260 10 11 l 100
1260 10 11 h 100
1404 10 12 l 100
1404 10 12 h 100
235 10 13 l 100
235 10 13 h 100
374 10 14 l 91
376 10 14 l 8
374 10 14 h 100
883 10 15 l 100
883 10 15 h 100
1170 10 16 l 100
1170 10 16 h 100
260 11 0 l 100
260 11 0 h 100
1419 11 1 l 100
shutdown 11 1 h
1285 11 2 l 100
1285 11 2 h 100
775 11 3 l 100
775 11 3 h 100
633 11 4 l 100
632 11 4 h 100
129 11 5 l 100
shutdown 11 5 h
1623 11 6 l 100
shutdown 11 6 h
1131 11 7 l 100
shutdown 11 7 h
1164 11 8 l 100
1164 11 8 h 100
660 11 9 l 100
660 11 9 h 100
516 11 10 l 100
516 11 10 h 100
1518 11 12 l 100
1518 11 12 h 100
1014 11 13 l 100
1015 11 13 h 100
898 11 14 l 100
shutdown 11 14 h
387 11 15 l 100
shutdown 11 15 h
414 11 16 l 100
414 11 16 h 100
1158 12 0 l 100
1158 12 0 h 100
15 12 1 l 100
shutdown 12 1 h
shutdown 12 2 l
1008 12 3 l 100
shutdown 12 3 h
shutdown 12 4 l
shutdown 12 5 l
shutdown 12 6 l
shutdown 12 7 l
408 12 8 l 100
408 12 8 h 100
912 12 9 l 100
912 12 9 h 100
1434 12 10 l 100
1434 12 10 h 100
282 12 11 l 100
282 12 11 h 100
540 12 13 l 100
540 12 13 h 100
shutdown 12 14 l
1545 12 15 l 100
shutdown 12 15 h
1338 12 16 l 100
1338 12 16 h 100
shutdown 13 0 l
1537 13 1 l 100
shutdown 13 1 h
shutdown 13 2 l
shutdown 13 3 l
37 13 4 l 100
shutdown 13 4 h
shutdown 13 5 l
shutdown 13 6 l
shutdown 13 7 l
1334 13 8 l 100
1334 13 8 h 100
816 13 9 l 100
816 13 9 h 100
312 13 10 l 100
313 13 10 h 100
1441 13 11 l 100
1440 13 11 h 100
924 13 12 l 100
924 13 12 h 100
shutdown 13 14 l
1058 13 15 l 100
1058 13 15 h 100
564 13 16 l 100
564 13 16 h 100
1328 14 0 l 100
1328 14 0 h 100
162 14 1 l 100
162 14 1 h 100
306 14 2 l 100
306 14 2 h 100
815 14 3 l 100
812 14 3 h 100
30 14 4 l 100
30 14 4 h 100
529 14 5 l 100
528 14 5 h 100
673 14 6 l 30
674 14 6 l 69
674 14 6 h 100
1186 14 7 l 100
1182 14 7 h 100
shutdown 14 8 l
906 14 9 l 100
906 14 9 h 100
1036 14 10 l 100
1034 14 10 h 100
1534 14 11 l 100
shutdown 14 11 h
shutdown 14 12 l
1303 14 13 l 100
1303 14 13 h 100
278 14 15 l 100
278 14 15 h 100
318 14 16 l 100
318 14 16 h 100
558 15 0 l 100
559 15 0 h 100
50 15 1 l 100
49 15 1 h 100
1548 15 2 l 84
1549 15 2 l 15
1548 15 2 h 100
1051 15 3 l 100
1050 15 3 h 100
181 15 4 l 100
180 15 4 h 100
1351 15 5 l 100
1351 15 5 h 100
1200 15 6 l 100
1200 15 6 h 100
690 15 7 l 100
690 15 7 h 100
shutdown 15 8 l
806 15 9 l 100
806 15 9 h 100
shutdown 15 10 l
159 15 11 l 100
shutdown 15 11 h
922 15 12 l 100
shutdown 15 12 h
422 15 13 l 100
422 15 13 h 100
300 15 14 l 100
300 15 14 h 100
756 15 16 l 100
757 15 16 h 100
1584 16 0 l 100
1584 16 0 h 100
288 16 1 l 100
288 16 1 h 100
1298 16 2 l 100
1296 16 2 h 100
114 16 3 l 100
114 16 3 h 100
554 16 4 l 100
552 16 4 h 100
294 16 5 l 100
294 16 5 h 100
18 16 6 l 100
18 16 6 h 100
1422 16 7 l 100
1424 16 7 h 100
1274 16 8 l 100
1274 16 8 h 100
1002 16 9 l 100
1002 16 9 h 100
1020 16 10 l 100
1021 16 10 h 100
1477 16 11 l 100
1476 16 11 h 100
1447 16 12 l 100
1447 16 12 h 100
480 16 13 l 100
480 16 13 h 100
474 16 14 l 100
474 16 14 h 100
1596 16 15 l 100
1596 16 15 h 100
