tunnel_num s t prio weight
329 0 1 l 100
324 0 1 h 100
822 0 2 l 100
823 0 2 h 100
shutdown 0 3 l
175 0 4 l 100
shutdown 0 4 h
685 0 5 l 100
684 0 5 h 100
1194 0 6 l 100
1194 0 6 h 100
shutdown 0 7 l
704 0 8 l 100
704 0 8 h 100
1213 0 9 l 100
1214 0 9 h 100
65 0 10 l 100
62 0 10 h 100
577 0 11 l 100
shutdown 0 11 h
1073 0 12 l 100
shutdown 0 12 h
shutdown 0 13 l
shutdown 0 14 l
931 0 15 l 100
931 0 15 h 100
1315 0 16 l 100
1314 0 16 h 100
696 1 0 l 16
697 1 0 l 16
698 1 0 l 16
699 1 0 l 16
700 1 0 l 16
701 1 0 l 16
696 1 0 h 50
697 1 0 h 50
1362 1 2 l 33
1364 1 2 l 33
1365 1 2 l 33
1362 1 2 h 50
1364 1 2 h 50
834 1 3 l 25
836 1 3 l 25
837 1 3 l 25
838 1 3 l 25
834 1 3 h 33
835 1 3 h 33
836 1 3 h 33
1062 1 4 l 25
1063 1 4 l 25
1064 1 4 l 25
1066 1 4 l 25
1064 1 4 h 50
1063 1 4 h 50
570 1 5 l 100
570 1 5 h 50
571 1 5 h 50
54 1 6 l 25
56 1 6 l 25
57 1 6 l 25
58 1 6 l 25
56 1 6 h 33
54 1 6 h 33
55 1 6 h 33
1206 1 7 l 25
1207 1 7 l 25
1210 1 7 l 25
1211 1 7 l 25
1208 1 7 h 50
1206 1 7 h 50
1578 1 8 l 100
1578 1 8 h 100
1087 1 9 l 100
1088 1 9 h 50
1087 1 9 h 50
592 1 10 l 100
588 1 10 h 100
83 1 11 l 100
79 1 11 h 100
339 1 12 l 100
338 1 12 h 100
1467 1 13 l 100
shutdown 1 13 h
942 1 14 l 100
942 1 14 h 100
449 1 15 l 25
444 1 15 l 25
445 1 15 l 25
447 1 15 l 25
444 1 15 h 50
445 1 15 h 50
547 1 16 l 100
547 1 16 h 50
548 1 16 h 50
1572 2 0 l 20
1573 2 0 l 20
1574 2 0 l 20
1576 2 0 l 20
1577 2 0 l 20
1572 2 0 h 50
1574 2 0 h 50
438 2 1 l 100
440 2 1 h 50
438 2 1 h 50
1080 2 3 l 100
1080 2 3 h 100
1230 2 4 l 33
1231 2 4 l 33
1233 2 4 l 33
1230 2 4 h 100
73 2 5 l 33
74 2 5 l 33
77 2 5 l 33
73 2 5 h 50
74 2 5 h 50
206 2 6 l 50
207 2 6 l 50
204 2 6 h 100
720 2 7 l 20
721 2 7 l 20
722 2 7 l 20
724 2 7 l 20
725 2 7 l 20
722 2 7 h 100
862 2 8 l 100
859 2 8 h 100
1380 2 9 l 100
1380 2 9 h 100
1489 2 10 l 100
1489 2 10 h 100
362 2 11 l 100
362 2 11 h 100
465 2 12 l 100
shutdown 2 12 h
shutdown 2 13 l
1104 2 14 l 100
1105 2 14 h 100
1605 2 15 l 100
1603 2 15 h 100
1452 2 16 l 100
1452 2 16 h 100
852 3 0 l 20
853 3 0 l 20
854 3 0 l 20
856 3 0 l 20
857 3 0 l 20
852 3 0 h 33
853 3 0 h 33
854 3 0 h 33
354 3 1 l 33
356 3 1 l 33
357 3 1 l 33
354 3 1 h 50
356 3 1 h 50
198 3 2 l 33
199 3 2 l 33
200 3 2 l 33
200 3 2 h 33
198 3 2 h 33
199 3 2 h 33
1224 3 4 l 25
1225 3 4 l 25
1226 3 4 l 25
1229 3 4 l 25
1224 3 4 h 50
1225 3 4 h 50
715 3 5 l 33
716 3 5 l 33
719 3 5 l 33
715 3 5 h 50
716 3 5 h 50
582 3 6 l 33
584 3 6 l 33
586 3 6 l 33
584 3 6 h 50
582 3 6 h 50
66 3 7 l 33
67 3 7 l 33
71 3 7 l 33
66 3 7 h 33
67 3 7 h 33
68 3 7 h 33
1570 3 8 l 100
1567 3 8 h 100
1078 3 9 l 100
1074 3 9 h 100
937 3 10 l 100
937 3 10 h 100
434 3 11 l 100
434 3 11 h 100
333 3 12 l 100
331 3 12 h 100
1461 3 13 l 100
shutdown 3 13 h
1357 3 14 l 100
1357 3 14 h 100
832 3 15 l 50
830 3 15 l 50
829 3 15 h 100
978 3 16 l 100
978 3 16 h 100
97 4 0 l 100
96 4 0 h 33
97 4 0 h 33
98 4 0 h 33
600 4 1 l 100
600 4 1 h 50
602 4 1 h 50
1103 4 2 l 100
1100 4 2 h 100
1590 4 3 l 100
1592 4 3 h 88
1591 4 3 h 11
233 4 5 l 100
229 4 5 h 50
230 4 5 h 50
747 4 6 l 100
744 4 6 h 100
shutdown 4 7 l
850 4 8 l 100
846 4 8 h 100
shutdown 4 9 l
194 4 10 l 77
196 4 10 l 22
193 4 10 h 100
712 4 11 l 100
708 4 11 h 100
459 4 12 l 100
shutdown 4 12 h
shutdown 4 13 l
shutdown 4 14 l
349 4 15 l 100
349 4 15 h 100
253 4 16 l 50
254 4 16 l 50
252 4 16 h 100
972 5 0 l 25
973 5 0 l 25
974 5 0 l 25
975 5 0 l 25
972 5 0 h 33
973 5 0 h 33
974 5 0 h 33
486 5 1 l 50
489 5 1 l 50
486 5 1 h 100
1617 5 2 l 100
1615 5 2 h 100
1126 5 3 l 100
1122 5 3 h 33
1123 5 3 h 33
1124 5 3 h 33
625 5 4 l 33
626 5 4 l 33
628 5 4 l 33
624 5 4 h 33
625 5 4 h 33
626 5 4 h 33
1281 5 6 l 50
1278 5 6 l 50
1278 5 6 h 100
771 5 7 l 100
768 5 7 h 12
770 5 7 h 87
94 5 8 l 100
91 5 8 h 100
1252 5 9 l 100
1248 5 9 h 50
1250 5 9 h 50
741 5 10 l 100
739 5 10 h 100
225 5 11 l 100
224 5 11 h 100
shutdown 5 12 l
879 5 13 l 100
shutdown 5 13 h
366 5 14 l 100
366 5 14 h 100
1504 5 15 l 50
1500 5 15 l 50
1500 5 15 h 33
1501 5 15 h 33
1502 5 15 h 33
1157 5 16 l 100
1153 5 16 h 100
246 6 0 l 25
247 6 0 l 25
248 6 0 l 25
250 6 0 l 25
248 6 0 h 33
246 6 0 h 33
247 6 0 h 33
762 6 1 l 20
763 6 1 l 20
764 6 1 l 20
765 6 1 l 20
766 6 1 l 20
762 6 1 h 50
764 6 1 h 50
888 6 2 l 25
889 6 2 l 25
890 6 2 l 25
891 6 2 l 25
888 6 2 h 33
889 6 2 h 33
890 6 2 h 33
1411 6 3 l 100
1410 6 3 h 33
1411 6 3 h 33
1412 6 3 h 33
618 6 4 l 25
619 6 4 l 25
620 6 4 l 25
621 6 4 l 25
618 6 4 h 50
619 6 4 h 50
1116 6 5 l 50
1119 6 5 l 50
1116 6 5 h 50
1117 6 5 h 50
120 6 7 l 50
121 6 7 l 50
120 6 7 h 33
121 6 7 h 33
122 6 7 h 33
1146 6 8 l 13
1151 6 8 l 86
1147 6 8 h 100
7 6 9 l 50
10 6 9 l 50
8 6 9 h 50
7 6 9 h 50
147 6 10 l 100
146 6 10 h 100
651 6 11 l 100
648 6 11 h 100
1515 6 12 l 100
1514 6 12 h 100
382 6 13 l 100
shutdown 6 13 h
504 6 14 l 50
505 6 14 l 50
504 6 14 h 100
996 6 15 l 50
997 6 15 l 50
996 6 15 h 50
997 6 15 h 50
397 6 16 l 50
401 6 16 l 50
397 6 16 h 50
398 6 16 h 50
1140 7 0 l 100
1140 7 0 h 100
643 7 1 l 100
643 7 1 h 100
500 7 2 l 100
500 7 2 h 100
0 7 3 l 100
2 7 3 h 100
788 7 4 l 31
791 7 4 l 68
788 7 4 h 100
272 7 5 l 100
270 7 5 h 100
142 7 6 l 100
139 7 6 h 100
394 7 8 l 100
392 7 8 h 100
1525 7 9 l 100
1524 7 9 h 100
1432 7 10 l 100
1428 7 10 h 100
902 7 11 l 100
902 7 11 h 100
27 7 12 l 100
shutdown 7 12 h
shutdown 7 13 l
1027 7 14 l 100
1027 7 14 h 100
523 7 15 l 100
523 7 15 h 100
1324 7 16 l 100
1321 7 16 h 50
1322 7 16 h 50
872 8 0 l 100
872 8 0 h 100
1395 8 1 l 100
1392 8 1 h 100
shutdown 8 2 l
735 8 3 l 100
shutdown 8 3 h
1245 8 4 l 100
1242 8 4 h 100
87 8 5 l 100
85 8 5 h 100
598 8 6 l 100
594 8 6 h 100
shutdown 8 7 l
453 8 9 l 100
shutdown 8 9 h
948 8 10 l 100
948 8 10 h 100
1470 8 11 l 100
1470 8 11 h 100
shutdown 8 12 l
842 8 13 l 100
842 8 13 h 100
shutdown 8 14 l
189 8 15 l 100
187 8 15 h 100
993 8 16 l 100
990 8 16 h 100
108 9 0 l 25
109 9 0 l 25
110 9 0 l 25
112 9 0 l 25
108 9 0 h 50
110 9 0 h 50
1266 9 1 l 50
1267 9 1 l 50
1266 9 1 h 78
1267 9 1 h 21
750 9 2 l 100
750 9 2 h 50
751 9 2 h 50
240 9 3 l 100
240 9 3 h 100
468 9 4 l 100
468 9 4 h 100
1608 9 5 l 50
1609 9 5 l 50
1608 9 5 h 33
1609 9 5 h 33
1610 9 5 h 33
1111 9 6 l 100
1112 9 6 h 50
1111 9 6 h 50
614 9 7 l 100
614 9 7 h 100
867 9 8 l 100
865 9 8 h 100
1494 9 10 l 100
1494 9 10 h 100
970 9 11 l 100
967 9 11 h 100
1237 9 12 l 100
1237 9 12 h 100
729 9 13 l 100
shutdown 9 13 h
210 9 14 l 100
211 9 14 h 100
1391 9 15 l 100
1386 9 15 h 33
1387 9 15 h 33
1388 9 15 h 33
264 9 16 l 50
265 9 16 l 50
264 9 16 h 50
265 9 16 h 50
985 10 0 l 100
985 10 0 h 100
1510 10 1 l 100
1506 10 1 h 100
1627 10 2 l 100
1627 10 2 h 100
493 10 3 l 100
493 10 3 h 100
shutdown 10 4 l
1135 10 5 l 100
1135 10 5 h 100
1293 10 6 l 100
1290 10 6 h 100
shutdown 10 7 l
102 10 8 l 100
102 10 8 h 100
606 10 9 l 100
606 10 9 h 100
1260 10 11 l 100
1260 10 11 h 100
shutdown 10 12 l
234 10 13 l 100
234 10 13 h 100
374 10 14 l 34
377 10 14 l 65
374 10 14 h 100
885 10 15 l 100
883 10 15 h 100
1170 10 16 l 100
1170 10 16 h 100
263 11 0 l 100
258 11 0 h 100
1419 11 1 l 100
1416 11 1 h 100
1286 11 2 l 100
1286 11 2 h 100
777 11 3 l 100
776 11 3 h 100
633 11 4 l 100
630 11 4 h 100
131 11 5 l 100
126 11 5 h 100
1623 11 6 l 100
1620 11 6 h 100
1133 11 7 l 100
1130 11 7 h 100
1164 11 8 l 100
1164 11 8 h 100
661 11 9 l 100
661 11 9 h 100
516 11 10 l 100
516 11 10 h 100
1518 11 12 l 100
1518 11 12 h 100
1014 11 13 l 100
1014 11 13 h 100
899 11 14 l 100
896 11 14 h 100
387 11 15 l 100
386 11 15 h 100
415 11 16 l 100
415 11 16 h 100
1163 12 0 l 100
shutdown 12 0 h
15 12 1 l 100
shutdown 12 1 h
shutdown 12 2 l
shutdown 12 3 l
shutdown 12 4 l
shutdown 12 5 l
shutdown 12 6 l
shutdown 12 7 l
408 12 8 l 100
408 12 8 h 100
shutdown 12 9 l
1434 12 10 l 100
1434 12 10 h 100
282 12 11 l 100
282 12 11 h 100
540 12 13 l 100
540 12 13 h 100
shutdown 12 14 l
1546 12 15 l 100
1544 12 15 h 100
shutdown 12 16 l
shutdown 13 0 l
1539 13 1 l 100
shutdown 13 1 h
shutdown 13 2 l
shutdown 13 3 l
39 13 4 l 100
shutdown 13 4 h
1191 13 5 l 100
shutdown 13 5 h
shutdown 13 6 l
shutdown 13 7 l
1334 13 8 l 100
1334 13 8 h 100
shutdown 13 9 l
312 13 10 l 100
312 13 10 h 100
1440 13 11 l 100
1440 13 11 h 100
924 13 12 l 100
924 13 12 h 100
1558 13 14 l 100
shutdown 13 14 h
shutdown 13 15 l
567 13 16 l 100
shutdown 13 16 h
1326 14 0 l 25
1328 14 0 l 25
1330 14 0 l 25
1331 14 0 l 25
1328 14 0 h 50
1326 14 0 h 50
162 14 1 l 25
163 14 1 l 25
164 14 1 l 25
167 14 1 l 25
162 14 1 h 33
163 14 1 h 33
164 14 1 h 33
307 14 2 l 33
309 14 2 l 33
311 14 2 l 33
306 14 2 h 100
811 14 3 l 33
812 14 3 l 33
815 14 3 l 33
812 14 3 h 100
32 14 4 l 53
31 14 4 l 46
32 14 4 h 50
31 14 4 h 50
528 14 5 l 50
529 14 5 l 50
528 14 5 h 33
529 14 5 h 33
530 14 5 h 33
674 14 6 l 100
673 14 6 h 50
674 14 6 h 50
1186 14 7 l 100
shutdown 14 7 h
785 14 8 l 100
781 14 8 h 100
909 14 9 l 100
907 14 9 h 100
1037 14 10 l 100
1034 14 10 h 100
1534 14 11 l 100
shutdown 14 11 h
shutdown 14 12 l
shutdown 14 13 l
276 14 15 l 100
276 14 15 h 33
277 14 15 h 33
278 14 15 h 33
320 14 16 l 50
323 14 16 l 50
320 14 16 h 100
558 15 0 l 50
559 15 0 l 50
560 15 0 h 33
558 15 0 h 33
559 15 0 h 33
48 15 1 l 20
49 15 1 l 20
50 15 1 l 20
51 15 1 l 20
53 15 1 l 20
48 15 1 h 33
49 15 1 h 33
50 15 1 h 33
1549 15 2 l 100
1548 15 2 h 33
1549 15 2 h 33
1550 15 2 h 33
1051 15 3 l 100
1051 15 3 h 50
1052 15 3 h 50
181 15 4 l 100
181 15 4 h 50
182 15 4 h 50
1350 15 5 l 50
1351 15 5 l 50
1350 15 5 h 50
1351 15 5 h 50
1200 15 6 l 33
1201 15 6 l 33
1202 15 6 l 33
1200 15 6 h 50
1201 15 6 h 50
690 15 7 l 33
691 15 7 l 33
695 15 7 l 33
690 15 7 h 50
691 15 7 h 50
1219 15 8 l 100
1218 15 8 h 100
806 15 9 l 100
806 15 9 h 100
669 15 10 l 100
667 15 10 h 100
158 15 11 l 100
158 15 11 h 100
923 15 12 l 100
shutdown 15 12 h
shutdown 15 13 l
300 15 14 l 100
300 15 14 h 50
302 15 14 h 50
760 15 16 l 100
757 15 16 h 100
1584 16 0 l 25
1585 16 0 l 25
1586 16 0 l 25
1588 16 0 l 25
1584 16 0 h 33
1585 16 0 h 33
1586 16 0 h 33
288 16 1 l 33
289 16 1 l 33
290 16 1 l 33
288 16 1 h 33
289 16 1 h 33
290 16 1 h 33
1296 16 2 l 100
1297 16 2 h 50
1298 16 2 h 50
114 16 3 l 25
115 16 3 l 25
116 16 3 l 25
119 16 3 l 25
114 16 3 h 100
552 16 4 l 50
553 16 4 l 50
552 16 4 h 33
553 16 4 h 33
554 16 4 h 33
295 16 5 l 100
296 16 5 h 33
294 16 5 h 33
295 16 5 h 33
18 16 6 l 33
19 16 6 l 33
23 16 6 l 33
18 16 6 h 33
19 16 6 h 33
20 16 6 h 33
1422 16 7 l 33
1423 16 7 l 33
1424 16 7 l 33
1422 16 7 h 50
1423 16 7 h 50
1275 16 8 l 100
1272 16 8 h 100
1002 16 9 l 50
1003 16 9 l 50
1002 16 9 h 33
1003 16 9 h 33
1004 16 9 h 33
1020 16 10 l 100
1020 16 10 h 100
1477 16 11 l 100
1477 16 11 h 100
1449 16 12 l 100
1447 16 12 h 100
485 16 13 l 100
shutdown 16 13 h
474 16 14 l 50
476 16 14 l 50
474 16 14 h 100
1600 16 15 l 25
1596 16 15 l 25
1597 16 15 l 25
1599 16 15 l 25
1596 16 15 h 50
1597 16 15 h 50
