tunnel_num s t prio weight
324 0 1 l 100
324 0 1 h 100
822 0 2 l 100
822 0 2 h 100
1344 0 3 l 100
1344 0 3 h 100
176 0 4 l 100
176 0 4 h 100
687 0 5 l 100
684 0 5 h 100
1194 0 6 l 100
1194 0 6 h 100
shutdown 0 7 l
706 0 8 l 100
704 0 8 h 100
shutdown 0 9 l
shutdown 0 10 l
581 0 11 l 100
shutdown 0 11 h
1072 0 12 l 100
shutdown 0 12 h
1565 0 13 l 100
shutdown 0 13 h
shutdown 0 14 l
930 0 15 l 100
930 0 15 h 100
shutdown 0 16 l
696 1 0 l 100
696 1 0 h 100
1365 1 2 l 100
1363 1 2 h 100
836 1 3 l 100
836 1 3 h 100
1063 1 4 l 100
1063 1 4 h 100
573 1 5 l 100
570 1 5 h 100
54 1 6 l 100
54 1 6 h 100
1206 1 7 l 100
1206 1 7 h 100
1578 1 8 l 100
1578 1 8 h 100
1090 1 9 l 100
1088 1 9 h 100
589 1 10 l 100
589 1 10 h 100
79 1 11 l 100
79 1 11 h 100
338 1 12 l 100
336 1 12 h 100
1464 1 13 l 100
1466 1 13 h 100
944 1 14 l 100
944 1 14 h 50
943 1 14 h 50
444 1 15 l 100
444 1 15 h 50
446 1 15 h 50
548 1 16 l 100
547 1 16 h 100
1572 2 0 l 100
1572 2 0 h 100
443 2 1 l 100
438 2 1 h 100
1080 2 3 l 100
1080 2 3 h 100
1235 2 4 l 100
1230 2 4 h 100
75 2 5 l 100
72 2 5 h 100
207 2 6 l 100
204 2 6 h 100
722 2 7 l 100
722 2 7 h 100
858 2 8 l 27
862 2 8 l 21
863 2 8 l 51
858 2 8 h 100
1380 2 9 l 100
1380 2 9 h 100
1489 2 10 l 100
1489 2 10 h 100
362 2 11 l 100
360 2 11 h 100
467 2 12 l 100
shutdown 2 12 h
964 2 13 l 93
965 2 13 l 6
shutdown 2 13 h
shutdown 2 14 l
1605 2 15 l 100
1602 2 15 h 100
1452 2 16 l 100
1452 2 16 h 100
852 3 0 l 100
852 3 0 h 100
356 3 1 l 50
358 3 1 l 50
356 3 1 h 100
198 3 2 l 100
198 3 2 h 100
1229 3 4 l 100
1224 3 4 h 100
718 3 5 l 100
715 3 5 h 100
584 3 6 l 100
584 3 6 h 100
68 3 7 l 100
68 3 7 h 100
1567 3 8 l 100
1567 3 8 h 100
1074 3 9 l 100
1074 3 9 h 100
940 3 10 l 100
937 3 10 h 100
432 3 11 l 100
434 3 11 h 100
334 3 12 l 100
331 3 12 h 100
1461 3 13 l 100
1459 3 13 h 100
1358 3 14 l 100
1358 3 14 h 100
830 3 15 l 100
829 3 15 h 100
978 3 16 l 100
978 3 16 h 100
98 4 0 l 100
97 4 0 h 100
600 4 1 l 100
600 4 1 h 100
1101 4 2 l 100
1098 4 2 h 100
shutdown 4 3 l
229 4 5 l 100
228 4 5 h 100
748 4 6 l 100
744 4 6 h 100
1254 4 7 l 100
shutdown 4 7 h
846 4 8 l 100
846 4 8 h 100
1377 4 9 l 100
shutdown 4 9 h
192 4 10 l 100
192 4 10 h 100
shutdown 4 11 l
shutdown 4 12 l
957 4 13 l 100
954 4 13 h 100
1484 4 14 l 100
1484 4 14 h 100
348 4 15 l 50
349 4 15 l 50
348 4 15 h 50
349 4 15 h 50
257 4 16 l 100
252 4 16 h 100
972 5 0 l 100
972 5 0 h 100
486 5 1 l 50
489 5 1 l 50
486 5 1 h 100
1617 5 2 l 100
shutdown 5 2 h
1126 5 3 l 100
1124 5 3 h 100
624 5 4 l 100
624 5 4 h 100
1281 5 6 l 50
1278 5 6 l 50
1278 5 6 h 100
771 5 7 l 100
768 5 7 h 100
90 5 8 l 100
90 5 8 h 100
shutdown 5 9 l
738 5 10 l 100
738 5 10 h 100
222 5 11 l 100
224 5 11 h 100
1400 5 12 l 100
1398 5 12 h 100
879 5 13 l 52
880 5 13 l 47
876 5 13 h 100
366 5 14 l 4
367 5 14 l 95
366 5 14 h 100
1500 5 15 l 50
1501 5 15 l 50
1500 5 15 h 50
1501 5 15 h 50
1156 5 16 l 100
shutdown 5 16 h
246 6 0 l 100
246 6 0 h 100
762 6 1 l 50
765 6 1 l 50
762 6 1 h 100
888 6 2 l 99
891 6 2 l 0
889 6 2 h 100
1411 6 3 l 100
1412 6 3 h 100
618 6 4 l 100
618 6 4 h 100
1117 6 5 l 50
1119 6 5 l 50
1117 6 5 h 100
120 6 7 l 100
120 6 7 h 100
1146 6 8 l 100
1146 6 8 h 100
10 6 9 l 100
7 6 9 h 100
145 6 10 l 100
145 6 10 h 100
648 6 11 l 100
649 6 11 h 100
1514 6 12 l 100
1512 6 12 h 100
382 6 13 l 100
378 6 13 h 100
506 6 14 l 100
506 6 14 h 100
996 6 15 l 50
998 6 15 l 50
996 6 15 h 50
998 6 15 h 50
401 6 16 l 100
398 6 16 h 100
1140 7 0 l 100
1140 7 0 h 100
642 7 1 l 100
642 7 1 h 100
500 7 2 l 100
500 7 2 h 100
2 7 3 l 100
2 7 3 h 100
787 7 4 l 100
786 7 4 h 100
273 7 5 l 100
271 7 5 h 100
138 7 6 l 100
138 7 6 h 100
390 7 8 l 100
390 7 8 h 100
shutdown 7 9 l
1431 7 10 l 100
1429 7 10 h 100
901 7 11 l 100
901 7 11 h 100
28 7 12 l 100
shutdown 7 12 h
1180 7 13 l 100
1176 7 13 h 100
1030 7 14 l 100
1027 7 14 h 100
522 7 15 l 100
522 7 15 h 100
1322 7 16 l 100
1322 7 16 h 100
875 8 0 l 100
871 8 0 h 100
1392 8 1 l 100
1392 8 1 h 50
1393 8 1 h 50
shutdown 8 2 l
737 8 3 l 100
shutdown 8 3 h
1242 8 4 l 100
1242 8 4 h 100
84 8 5 l 100
84 8 5 h 100
595 8 6 l 100
595 8 6 h 100
shutdown 8 7 l
453 8 9 l 100
shutdown 8 9 h
948 8 10 l 100
948 8 10 h 100
1470 8 11 l 100
1470 8 11 h 100
342 8 12 l 100
342 8 12 h 100
842 8 13 l 100
842 8 13 h 100
shutdown 8 14 l
186 8 15 l 33
187 8 15 l 33
191 8 15 l 33
186 8 15 h 100
993 8 16 l 100
shutdown 8 16 h
108 9 0 l 100
108 9 0 h 100
1270 9 1 l 100
shutdown 9 1 h
750 9 2 l 100
750 9 2 h 100
shutdown 9 3 l
shutdown 9 4 l
shutdown 9 5 l
shutdown 9 6 l
614 9 7 l 100
shutdown 9 7 h
867 9 8 l 100
864 9 8 h 100
1494 9 10 l 100
1494 9 10 h 100
967 9 11 l 100
967 9 11 h 100
1237 9 12 l 100
1237 9 12 h 100
729 9 13 l 100
727 9 13 h 100
shutdown 9 14 l
1390 9 15 l 100
1386 9 15 h 100
264 9 16 l 100
264 9 16 h 100
985 10 0 l 100
985 10 0 h 100
1507 10 1 l 100
1507 10 1 h 100
shutdown 10 2 l
493 10 3 l 100
shutdown 10 3 h
636 10 4 l 100
636 10 4 h 100
1134 10 5 l 100
1134 10 5 h 100
1291 10 6 l 100
1292 10 6 h 100
shutdown 10 7 l
102 10 8 l 100
102 10 8 h 100
606 10 9 l 100
606 10 9 h 100
1260 10 11 l 100
1260 10 11 h 100
1404 10 12 l 100
1404 10 12 h 100
234 10 13 l 100
234 10 13 h 100
shutdown 10 14 l
884 10 15 l 50
887 10 15 l 50
884 10 15 h 100
1170 10 16 l 100
1170 10 16 h 100
259 11 0 l 100
259 11 0 h 100
1416 11 1 l 50
1417 11 1 l 50
1416 11 1 h 50
1417 11 1 h 50
1286 11 2 l 100
1286 11 2 h 100
776 11 3 l 100
776 11 3 h 100
630 11 4 l 100
630 11 4 h 100
126 11 5 l 100
126 11 5 h 100
1620 11 6 l 50
1621 11 6 l 50
1620 11 6 h 50
1621 11 6 h 50
1128 11 7 l 100
1128 11 7 h 100
1164 11 8 l 100
1164 11 8 h 100
661 11 9 l 100
661 11 9 h 100
516 11 10 l 100
516 11 10 h 100
1518 11 12 l 100
1518 11 12 h 100
1014 11 13 l 100
1014 11 13 h 100
894 11 14 l 100
895 11 14 h 100
386 11 15 l 100
385 11 15 h 100
415 11 16 l 100
415 11 16 h 100
1163 12 0 l 100
shutdown 12 0 h
14 12 1 l 100
14 12 1 h 100
513 12 2 l 100
shutdown 12 2 h
shutdown 12 3 l
798 12 4 l 100
798 12 4 h 100
1312 12 5 l 100
1310 12 5 h 100
154 12 6 l 100
152 12 6 h 100
shutdown 12 7 l
408 12 8 l 100
408 12 8 h 100
913 12 9 l 100
913 12 9 h 100
1434 12 10 l 100
1434 12 10 h 100
282 12 11 l 100
282 12 11 h 100
540 12 13 l 100
540 12 13 h 100
1044 12 14 l 100
shutdown 12 14 h
1544 12 15 l 50
1547 12 15 l 50
1544 12 15 h 100
1339 12 16 l 100
1339 12 16 h 100
407 13 0 l 100
403 13 0 h 100
1536 13 1 l 100
1536 13 1 h 100
shutdown 13 2 l
shutdown 13 3 l
39 13 4 l 100
shutdown 13 4 h
1191 13 5 l 100
1188 13 5 h 100
683 13 6 l 100
680 13 6 h 100
shutdown 13 7 l
1334 13 8 l 100
1334 13 8 h 100
819 13 9 l 100
shutdown 13 9 h
312 13 10 l 100
312 13 10 h 100
1440 13 11 l 100
1440 13 11 h 100
924 13 12 l 100
924 13 12 h 100
shutdown 13 14 l
1056 13 15 l 100
1056 13 15 h 100
567 13 16 l 100
shutdown 13 16 h
1328 14 0 l 100
1328 14 0 h 100
164 14 1 l 100
164 14 1 h 100
309 14 2 l 100
shutdown 14 2 h
812 14 3 l 100
812 14 3 h 100
30 14 4 l 100
32 14 4 h 6
30 14 4 h 93
528 14 5 l 100
528 14 5 h 100
674 14 6 l 100
674 14 6 h 100
1186 14 7 l 100
shutdown 14 7 h
781 14 8 l 100
780 14 8 h 100
909 14 9 l 100
shutdown 14 9 h
1033 14 10 l 100
1032 14 10 h 1
1033 14 10 h 98
1531 14 11 l 100
1531 14 11 h 100
792 14 12 l 100
792 14 12 h 100
1302 14 13 l 100
1302 14 13 h 100
276 14 15 l 50
277 14 15 l 50
276 14 15 h 50
277 14 15 h 50
322 14 16 l 100
320 14 16 h 100
558 15 0 l 100
558 15 0 h 100
48 15 1 l 100
48 15 1 h 50
49 15 1 h 50
1551 15 2 l 100
1549 15 2 h 100
1052 15 3 l 100
1052 15 3 h 100
182 15 4 l 100
182 15 4 h 100
1350 15 5 l 100
1350 15 5 h 100
1200 15 6 l 50
1201 15 6 l 50
1200 15 6 h 100
690 15 7 l 100
690 15 7 h 100
1219 15 8 l 100
1219 15 8 h 100
shutdown 15 9 l
666 15 10 l 100
666 15 10 h 100
157 15 11 l 100
157 15 11 h 100
918 15 12 l 100
918 15 12 h 100
420 15 13 l 100
420 15 13 h 100
300 15 14 l 100
300 15 14 h 100
760 15 16 l 100
shutdown 15 16 h
1584 16 0 l 100
1584 16 0 h 100
290 16 1 l 100
289 16 1 h 100
1296 16 2 l 100
1296 16 2 h 100
114 16 3 l 100
114 16 3 h 100
557 16 4 l 100
552 16 4 h 100
298 16 5 l 100
295 16 5 h 100
22 16 6 l 100
20 16 6 h 100
1424 16 7 l 100
1424 16 7 h 100
1275 16 8 l 100
1272 16 8 h 100
1002 16 9 l 100
1002 16 9 h 100
1020 16 10 l 100
1020 16 10 h 100
1477 16 11 l 100
1477 16 11 h 100
1447 16 12 l 100
1447 16 12 h 100
483 16 13 l 100
482 16 13 h 100
479 16 14 l 100
476 16 14 h 100
1600 16 15 l 100
shutdown 16 15 h
