tunnel_num s t prio weight
324 0 1 l 100
324 0 1 h 100
822 0 2 l 100
822 0 2 h 100
1344 0 3 l 100
1344 0 3 h 100
174 0 4 l 100
175 0 4 h 100
684 0 5 l 100
684 0 5 h 100
1194 0 6 l 100
shutdown 0 6 h
42 0 7 l 100
42 0 7 h 100
704 0 8 l 100
704 0 8 h 100
1212 0 9 l 100
shutdown 0 9 h
shutdown 0 10 l
shutdown 0 11 l
1070 0 12 l 100
shutdown 0 12 h
1560 0 13 l 100
shutdown 0 13 h
shutdown 0 14 l
930 0 15 l 100
930 0 15 h 100
shutdown 0 16 l
696 1 0 l 100
696 1 0 h 100
1363 1 2 l 100
1363 1 2 h 100
836 1 3 l 100
834 1 3 h 100
1063 1 4 l 100
1062 1 4 h 100
570 1 5 l 100
570 1 5 h 100
54 1 6 l 100
55 1 6 h 100
1206 1 7 l 100
1206 1 7 h 100
1580 1 8 l 100
1580 1 8 h 100
1088 1 9 l 100
1088 1 9 h 100
591 1 10 l 100
590 1 10 h 100
83 1 11 l 100
79 1 11 h 100
341 1 12 l 100
336 1 12 h 100
1464 1 13 l 100
1464 1 13 h 100
942 1 14 l 100
942 1 14 h 100
444 1 15 l 100
444 1 15 h 100
549 1 16 l 100
547 1 16 h 100
1574 2 0 l 100
1572 2 0 h 100
439 2 1 l 100
439 2 1 h 100
1080 2 3 l 100
1080 2 3 h 100
1230 2 4 l 100
1230 2 4 h 100
72 2 5 l 100
72 2 5 h 100
204 2 6 l 100
204 2 6 h 100
720 2 7 l 100
720 2 7 h 100
863 2 8 l 100
858 2 8 h 100
1380 2 9 l 100
1380 2 9 h 100
1489 2 10 l 100
1489 2 10 h 100
362 2 11 l 100
361 2 11 h 100
464 2 12 l 100
shutdown 2 12 h
960 2 13 l 100
960 2 13 h 100
shutdown 2 14 l
1607 2 15 l 100
1603 2 15 h 100
1452 2 16 l 100
1452 2 16 h 100
852 3 0 l 100
852 3 0 h 100
354 3 1 l 100
356 3 1 h 100
198 3 2 l 100
198 3 2 h 100
1224 3 4 l 100
1224 3 4 h 100
716 3 5 l 100
716 3 5 h 100
584 3 6 l 100
584 3 6 h 100
68 3 7 l 100
68 3 7 h 100
1568 3 8 l 100
1568 3 8 h 100
1074 3 9 l 100
1074 3 9 h 100
937 3 10 l 100
937 3 10 h 100
434 3 11 l 100
433 3 11 h 100
333 3 12 l 100
330 3 12 h 100
1458 3 13 l 100
1458 3 13 h 100
shutdown 3 14 l
830 3 15 l 100
shutdown 3 15 h
978 3 16 l 100
978 3 16 h 100
97 4 0 l 100
96 4 0 h 100
601 4 1 l 100
600 4 1 h 100
1098 4 2 l 100
1098 4 2 h 100
1590 4 3 l 100
1590 4 3 h 100
228 4 5 l 100
228 4 5 h 100
744 4 6 l 100
744 4 6 h 100
shutdown 4 7 l
846 4 8 l 100
846 4 8 h 100
shutdown 4 9 l
192 4 10 l 82
193 4 10 l 17
193 4 10 h 100
708 4 11 l 100
708 4 11 h 100
shutdown 4 12 l
shutdown 4 13 l
1482 4 14 l 100
shutdown 4 14 h
349 4 15 l 100
350 4 15 h 100
252 4 16 l 100
252 4 16 h 100
972 5 0 l 100
972 5 0 h 100
486 5 1 l 100
486 5 1 h 100
1614 5 2 l 100
1614 5 2 h 100
1122 5 3 l 100
1122 5 3 h 100
624 5 4 l 100
624 5 4 h 100
1278 5 6 l 100
1278 5 6 h 100
768 5 7 l 100
768 5 7 h 100
91 5 8 l 100
91 5 8 h 100
1248 5 9 l 100
1248 5 9 h 100
742 5 10 l 100
738 5 10 h 100
222 5 11 l 100
222 5 11 h 100
1398 5 12 l 100
1398 5 12 h 100
876 5 13 l 100
876 5 13 h 100
366 5 14 l 100
366 5 14 h 100
1502 5 15 l 100
1502 5 15 h 100
1155 5 16 l 100
shutdown 5 16 h
246 6 0 l 100
246 6 0 h 100
763 6 1 l 100
763 6 1 h 100
889 6 2 l 100
888 6 2 h 100
1410 6 3 l 100
1410 6 3 h 100
619 6 4 l 100
619 6 4 h 100
1117 6 5 l 100
1117 6 5 h 100
120 6 7 l 100
120 6 7 h 100
1148 6 8 l 100
1148 6 8 h 100
7 6 9 l 100
7 6 9 h 100
149 6 10 l 100
146 6 10 h 100
651 6 11 l 100
650 6 11 h 100
1515 6 12 l 100
1514 6 12 h 100
378 6 13 l 100
378 6 13 h 100
505 6 14 l 100
504 6 14 h 100
996 6 15 l 100
996 6 15 h 100
400 6 16 l 100
397 6 16 h 100
1140 7 0 l 100
1140 7 0 h 100
642 7 1 l 100
642 7 1 h 100
500 7 2 l 100
500 7 2 h 100
2 7 3 l 100
2 7 3 h 100
787 7 4 l 100
786 7 4 h 100
270 7 5 l 100
270 7 5 h 100
138 7 6 l 100
138 7 6 h 100
394 7 8 l 100
390 7 8 h 100
shutdown 7 9 l
1429 7 10 l 100
1429 7 10 h 100
902 7 11 l 100
902 7 11 h 100
25 7 12 l 100
25 7 12 h 100
1176 7 13 l 40
1178 7 13 l 59
1176 7 13 h 100
shutdown 7 14 l
522 7 15 l 100
522 7 15 h 100
1321 7 16 l 100
1322 7 16 h 100
871 8 0 l 100
870 8 0 h 100
1392 8 1 l 100
1392 8 1 h 100
shutdown 8 2 l
732 8 3 l 100
732 8 3 h 100
1242 8 4 l 100
1244 8 4 h 100
84 8 5 l 100
84 8 5 h 100
594 8 6 l 100
594 8 6 h 100
shutdown 8 7 l
453 8 9 l 100
452 8 9 h 100
948 8 10 l 100
948 8 10 h 100
1470 8 11 l 100
1470 8 11 h 100
342 8 12 l 100
342 8 12 h 100
shutdown 8 13 l
1368 8 14 l 100
1368 8 14 h 100
191 8 15 l 100
187 8 15 h 100
993 8 16 l 100
992 8 16 h 100
108 9 0 l 100
108 9 0 h 100
1268 9 1 l 100
shutdown 9 1 h
750 9 2 l 100
750 9 2 h 100
240 9 3 l 100
240 9 3 h 100
shutdown 9 4 l
shutdown 9 5 l
shutdown 9 6 l
shutdown 9 7 l
867 9 8 l 100
866 9 8 h 100
1494 9 10 l 100
1494 9 10 h 100
967 9 11 l 100
967 9 11 h 100
shutdown 9 12 l
shutdown 9 13 l
210 9 14 l 89
212 9 14 l 10
shutdown 9 14 h
1388 9 15 l 100
1388 9 15 h 100
264 9 16 l 100
264 9 16 h 100
985 10 0 l 100
984 10 0 h 100
1508 10 1 l 57
1509 10 1 l 42
1507 10 1 h 100
1627 10 2 l 100
1627 10 2 h 100
493 10 3 l 56
496 10 3 l 43
493 10 3 h 100
636 10 4 l 100
636 10 4 h 100
1134 10 5 l 100
1136 10 5 h 100
1291 10 6 l 100
1291 10 6 h 100
shutdown 10 7 l
102 10 8 l 100
102 10 8 h 100
shutdown 10 9 l
1260 10 11 l 100
1260 10 11 h 100
1404 10 12 l 100
1404 10 12 h 100
235 10 13 l 100
235 10 13 h 100
375 10 14 l 100
372 10 14 h 100
887 10 15 l 100
shutdown 10 15 h
1170 10 16 l 100
1170 10 16 h 100
258 11 0 l 100
258 11 0 h 100
1417 11 1 l 100
1418 11 1 h 100
1288 11 2 l 100
1285 11 2 h 100
774 11 3 l 100
774 11 3 h 100
630 11 4 l 100
630 11 4 h 100
131 11 5 l 100
126 11 5 h 100
1620 11 6 l 100
1622 11 6 h 100
1128 11 7 l 100
1128 11 7 h 100
1164 11 8 l 100
1164 11 8 h 100
661 11 9 l 100
660 11 9 h 100
516 11 10 l 100
517 11 10 h 100
1518 11 12 l 100
1518 11 12 h 100
1014 11 13 l 100
1015 11 13 h 100
894 11 14 l 100
894 11 14 h 100
389 11 15 l 100
386 11 15 h 100
414 11 16 l 100
414 11 16 h 100
1161 12 0 l 100
shutdown 12 0 h
14 12 1 l 100
14 12 1 h 100
shutdown 12 2 l
1008 12 3 l 100
1008 12 3 h 95
1010 12 3 h 4
shutdown 12 4 l
1310 12 5 l 100
1308 12 5 h 100
shutdown 12 6 l
shutdown 12 7 l
shutdown 12 8 l
shutdown 12 9 l
1434 12 10 l 100
1435 12 10 h 100
282 12 11 l 100
282 12 11 h 100
540 12 13 l 54
541 12 13 l 45
540 12 13 h 100
1044 12 14 l 100
1044 12 14 h 100
1545 12 15 l 100
1543 12 15 h 100
1338 12 16 l 100
1338 12 16 h 100
402 13 0 l 100
402 13 0 h 100
1536 13 1 l 100
shutdown 13 1 h
shutdown 13 2 l
534 13 3 l 100
shutdown 13 3 h
39 13 4 l 100
shutdown 13 4 h
1188 13 5 l 100
1188 13 5 h 100
shutdown 13 6 l
170 13 7 l 31
171 13 7 l 63
173 13 7 l 5
168 13 7 h 100
1334 13 8 l 100
1334 13 8 h 100
shutdown 13 9 l
313 13 10 l 100
313 13 10 h 100
1441 13 11 l 100
1440 13 11 h 100
924 13 12 l 100
924 13 12 h 100
shutdown 13 14 l
1061 13 15 l 100
1057 13 15 h 100
564 13 16 l 100
564 13 16 h 100
1326 14 0 l 100
1326 14 0 h 100
162 14 1 l 100
162 14 1 h 100
shutdown 14 2 l
810 14 3 l 100
shutdown 14 3 h
30 14 4 l 100
30 14 4 h 100
528 14 5 l 100
528 14 5 h 100
672 14 6 l 100
672 14 6 h 100
shutdown 14 7 l
782 14 8 l 100
782 14 8 h 100
908 14 9 l 100
908 14 9 h 100
1032 14 10 l 100
1032 14 10 h 100
1530 14 11 l 100
1530 14 11 h 100
792 14 12 l 100
792 14 12 h 100
1302 14 13 l 100
1302 14 13 h 100
278 14 15 l 100
277 14 15 h 100
319 14 16 l 100
319 14 16 h 100
558 15 0 l 100
558 15 0 h 100
53 15 1 l 100
48 15 1 h 100
shutdown 15 2 l
1052 15 3 l 100
1051 15 3 h 100
182 15 4 l 100
181 15 4 h 100
1351 15 5 l 100
1352 15 5 h 100
1200 15 6 l 100
1200 15 6 h 100
690 15 7 l 100
690 15 7 h 100
1219 15 8 l 100
1219 15 8 h 100
shutdown 15 9 l
671 15 10 l 100
shutdown 15 10 h
158 15 11 l 100
158 15 11 h 100
919 15 12 l 49
923 15 12 l 50
shutdown 15 12 h
425 15 13 l 100
421 15 13 h 100
shutdown 15 14 l
759 15 16 l 100
shutdown 15 16 h
1584 16 0 l 100
1584 16 0 h 100
293 16 1 l 100
289 16 1 h 100
1296 16 2 l 100
1296 16 2 h 100
114 16 3 l 100
114 16 3 h 100
552 16 4 l 100
552 16 4 h 100
297 16 5 l 100
295 16 5 h 100
22 16 6 l 100
19 16 6 h 100
shutdown 16 7 l
1275 16 8 l 100
1274 16 8 h 100
1002 16 9 l 100
1002 16 9 h 100
1020 16 10 l 100
1020 16 10 h 100
1476 16 11 l 100
1476 16 11 h 100
1446 16 12 l 100
1446 16 12 h 100
480 16 13 l 100
480 16 13 h 100
475 16 14 l 100
475 16 14 h 100
1599 16 15 l 100
shutdown 16 15 h
