tunnel_num s t prio weight
324 0 1 l 100
324 0 1 h 100
823 0 2 l 100
822 0 2 h 100
1344 0 3 l 100
1344 0 3 h 100
175 0 4 l 100
175 0 4 h 100
684 0 5 l 100
shutdown 0 5 h
1194 0 6 l 100
1194 0 6 h 100
shutdown 0 7 l
704 0 8 l 26
703 0 8 l 73
704 0 8 h 100
shutdown 0 9 l
shutdown 0 10 l
shutdown 0 11 l
1073 0 12 l 100
shutdown 0 12 h
1561 0 13 l 100
shutdown 0 13 h
426 0 14 l 73
428 0 14 l 26
428 0 14 h 100
930 0 15 l 100
930 0 15 h 100
1317 0 16 l 100
shutdown 0 16 h
696 1 0 l 50
701 1 0 l 50
696 1 0 h 100
1362 1 2 l 100
1363 1 2 h 100
836 1 3 l 100
836 1 3 h 100
1063 1 4 l 100
1062 1 4 h 100
570 1 5 l 100
570 1 5 h 100
54 1 6 l 100
54 1 6 h 100
1206 1 7 l 100
1206 1 7 h 100
1579 1 8 l 100
1579 1 8 h 100
1089 1 9 l 100
1088 1 9 h 100
591 1 10 l 100
590 1 10 h 100
78 1 11 l 100
78 1 11 h 100
341 1 12 l 100
338 1 12 h 100
1464 1 13 l 100
1464 1 13 h 100
942 1 14 l 100
944 1 14 h 50
942 1 14 h 50
444 1 15 l 100
444 1 15 h 100
549 1 16 l 100
547 1 16 h 100
1572 2 0 l 100
1572 2 0 h 100
441 2 1 l 100
438 2 1 h 100
1080 2 3 l 100
1080 2 3 h 100
1230 2 4 l 100
shutdown 2 4 h
73 2 5 l 100
72 2 5 h 100
207 2 6 l 100
204 2 6 h 100
722 2 7 l 100
720 2 7 h 100
862 2 8 l 100
858 2 8 h 100
1380 2 9 l 100
1380 2 9 h 100
1489 2 10 l 100
1489 2 10 h 100
362 2 11 l 100
362 2 11 h 100
465 2 12 l 100
shutdown 2 12 h
960 2 13 l 100
960 2 13 h 100
1106 2 14 l 100
1105 2 14 h 88
1106 2 14 h 11
1603 2 15 l 100
1603 2 15 h 100
1452 2 16 l 100
1452 2 16 h 100
852 3 0 l 100
852 3 0 h 100
356 3 1 l 100
356 3 1 h 100
198 3 2 l 100
198 3 2 h 100
1224 3 4 l 100
1224 3 4 h 100
716 3 5 l 100
716 3 5 h 100
584 3 6 l 100
584 3 6 h 100
68 3 7 l 100
67 3 7 h 99
68 3 7 h 0
1567 3 8 l 100
1566 3 8 h 100
1074 3 9 l 100
1074 3 9 h 100
937 3 10 l 100
937 3 10 h 100
434 3 11 l 100
432 3 11 h 100
shutdown 3 12 l
1458 3 13 l 100
1459 3 13 h 100
1358 3 14 l 100
1357 3 14 h 100
830 3 15 l 100
829 3 15 h 100
981 3 16 l 100
978 3 16 h 100
shutdown 4 0 l
600 4 1 l 100
601 4 1 h 100
shutdown 4 2 l
1591 4 3 l 100
shutdown 4 3 h
229 4 5 l 100
228 4 5 h 100
744 4 6 l 100
744 4 6 h 100
shutdown 4 7 l
846 4 8 l 100
846 4 8 h 100
shutdown 4 9 l
shutdown 4 10 l
shutdown 4 11 l
shutdown 4 12 l
955 4 13 l 100
956 4 13 h 100
shutdown 4 14 l
349 4 15 l 100
349 4 15 h 100
252 4 16 l 100
252 4 16 h 100
972 5 0 l 100
972 5 0 h 100
486 5 1 l 100
486 5 1 h 100
1615 5 2 l 100
1615 5 2 h 100
1124 5 3 l 100
1124 5 3 h 100
625 5 4 l 100
625 5 4 h 100
1278 5 6 l 100
1278 5 6 h 100
768 5 7 l 100
768 5 7 h 100
90 5 8 l 100
90 5 8 h 0
91 5 8 h 99
1250 5 9 l 100
1250 5 9 h 100
742 5 10 l 100
738 5 10 h 100
224 5 11 l 100
222 5 11 h 100
shutdown 5 12 l
876 5 13 l 100
876 5 13 h 100
366 5 14 l 100
366 5 14 h 100
1502 5 15 l 100
1502 5 15 h 100
1155 5 16 l 100
shutdown 5 16 h
246 6 0 l 100
248 6 0 h 99
246 6 0 h 0
762 6 1 l 100
762 6 1 h 100
891 6 2 l 100
889 6 2 h 100
1415 6 3 l 100
1412 6 3 h 100
618 6 4 l 100
619 6 4 h 100
1121 6 5 l 100
1116 6 5 h 100
120 6 7 l 100
120 6 7 h 100
1151 6 8 l 100
1147 6 8 h 100
7 6 9 l 100
7 6 9 h 100
145 6 10 l 100
146 6 10 h 100
649 6 11 l 100
649 6 11 h 100
1515 6 12 l 100
1514 6 12 h 100
378 6 13 l 100
378 6 13 h 100
504 6 14 l 100
506 6 14 h 100
996 6 15 l 100
996 6 15 h 100
399 6 16 l 100
398 6 16 h 100
1140 7 0 l 100
1140 7 0 h 100
642 7 1 l 100
642 7 1 h 100
500 7 2 l 100
500 7 2 h 100
2 7 3 l 100
2 7 3 h 100
786 7 4 l 100
787 7 4 h 100
270 7 5 l 100
270 7 5 h 100
138 7 6 l 100
138 7 6 h 100
390 7 8 l 100
392 7 8 h 100
1526 7 9 l 100
1526 7 9 h 100
1432 7 10 l 100
1429 7 10 h 100
902 7 11 l 100
902 7 11 h 100
25 7 12 l 100
shutdown 7 12 h
1176 7 13 l 100
1176 7 13 h 100
1026 7 14 l 100
1026 7 14 h 100
522 7 15 l 100
522 7 15 h 100
1321 7 16 l 100
1322 7 16 h 100
874 8 0 l 100
870 8 0 h 100
1392 8 1 l 100
1393 8 1 h 100
shutdown 8 2 l
733 8 3 l 100
shutdown 8 3 h
1242 8 4 l 100
1242 8 4 h 100
84 8 5 l 100
84 8 5 h 100
594 8 6 l 100
594 8 6 h 100
shutdown 8 7 l
453 8 9 l 100
450 8 9 h 100
948 8 10 l 100
948 8 10 h 100
1470 8 11 l 100
1470 8 11 h 100
342 8 12 l 100
342 8 12 h 100
shutdown 8 13 l
shutdown 8 14 l
187 8 15 l 100
187 8 15 h 100
993 8 16 l 100
shutdown 8 16 h
113 9 0 l 100
110 9 0 h 100
1267 9 1 l 100
shutdown 9 1 h
750 9 2 l 100
750 9 2 h 100
240 9 3 l 100
240 9 3 h 100
shutdown 9 4 l
1611 9 5 l 100
1608 9 5 h 100
shutdown 9 6 l
613 9 7 l 100
shutdown 9 7 h
867 9 8 l 100
864 9 8 h 100
1494 9 10 l 100
1494 9 10 h 100
967 9 11 l 100
967 9 11 h 100
shutdown 9 12 l
shutdown 9 13 l
shutdown 9 14 l
1388 9 15 l 100
1388 9 15 h 100
264 9 16 l 100
264 9 16 h 100
shutdown 10 0 l
1509 10 1 l 100
1508 10 1 h 100
shutdown 10 2 l
shutdown 10 3 l
shutdown 10 4 l
1138 10 5 l 100
1134 10 5 h 100
1295 10 6 l 100
shutdown 10 6 h
shutdown 10 7 l
102 10 8 l 100
102 10 8 h 100
606 10 9 l 100
606 10 9 h 100
1260 10 11 l 100
1260 10 11 h 100
1404 10 12 l 100
1404 10 12 h 100
235 10 13 l 100
235 10 13 h 100
375 10 14 l 100
373 10 14 h 100
885 10 15 l 100
884 10 15 h 100
1170 10 16 l 100
1170 10 16 h 100
259 11 0 l 100
259 11 0 h 100
1421 11 1 l 100
1416 11 1 h 100
1286 11 2 l 100
1286 11 2 h 100
776 11 3 l 100
776 11 3 h 100
630 11 4 l 100
630 11 4 h 100
131 11 5 l 100
128 11 5 h 100
1623 11 6 l 100
1620 11 6 h 100
1133 11 7 l 100
1128 11 7 h 100
1164 11 8 l 100
1164 11 8 h 100
661 11 9 l 100
661 11 9 h 100
516 11 10 l 100
516 11 10 h 100
1518 11 12 l 100
1518 11 12 h 100
1015 11 13 l 100
1015 11 13 h 100
897 11 14 l 100
896 11 14 h 100
385 11 15 l 51
386 11 15 l 15
388 11 15 l 32
386 11 15 h 100
415 11 16 l 100
415 11 16 h 100
1163 12 0 l 100
shutdown 12 0 h
shutdown 12 1 l
513 12 2 l 100
511 12 2 h 100
shutdown 12 3 l
shutdown 12 4 l
shutdown 12 5 l
shutdown 12 6 l
shutdown 12 7 l
408 12 8 l 100
408 12 8 h 100
shutdown 12 9 l
1434 12 10 l 100
1434 12 10 h 100
282 12 11 l 100
282 12 11 h 100
shutdown 12 13 l
shutdown 12 14 l
1547 12 15 l 100
1544 12 15 h 100
1339 12 16 l 100
1339 12 16 h 100
403 13 0 l 100
403 13 0 h 100
1536 13 1 l 100
1536 13 1 h 100
1038 13 2 l 100
1038 13 2 h 100
534 13 3 l 11
536 13 3 l 88
534 13 3 h 100
36 13 4 l 100
38 13 4 h 100
1188 13 5 l 100
1188 13 5 h 100
678 13 6 l 100
678 13 6 h 100
168 13 7 l 100
168 13 7 h 100
1333 13 8 l 100
1332 13 8 h 100
816 13 9 l 100
816 13 9 h 100
313 13 10 l 100
313 13 10 h 100
1441 13 11 l 100
1441 13 11 h 100
925 13 12 l 100
925 13 12 h 100
1554 13 14 l 100
1554 13 14 h 100
1057 13 15 l 100
1057 13 15 h 100
564 13 16 l 100
564 13 16 h 100
1326 14 0 l 100
1326 14 0 h 100
162 14 1 l 100
162 14 1 h 100
308 14 2 l 100
308 14 2 h 100
811 14 3 l 100
811 14 3 h 100
31 14 4 l 100
31 14 4 h 100
528 14 5 l 100
528 14 5 h 100
672 14 6 l 100
672 14 6 h 100
1182 14 7 l 100
1182 14 7 h 100
780 14 8 l 100
781 14 8 h 100
908 14 9 l 100
908 14 9 h 100
1035 14 10 l 100
1033 14 10 h 100
1533 14 11 l 100
1532 14 11 h 100
795 14 12 l 100
794 14 12 h 100
1302 14 13 l 100
1302 14 13 h 100
277 14 15 l 100
277 14 15 h 50
278 14 15 h 50
319 14 16 l 100
319 14 16 h 100
558 15 0 l 100
559 15 0 h 100
49 15 1 l 100
49 15 1 h 100
shutdown 15 2 l
1052 15 3 l 100
1051 15 3 h 100
181 15 4 l 100
181 15 4 h 100
1350 15 5 l 100
1350 15 5 h 100
1200 15 6 l 100
1200 15 6 h 100
690 15 7 l 82
691 15 7 l 17
690 15 7 h 100
1219 15 8 l 100
1219 15 8 h 100
806 15 9 l 92
807 15 9 l 7
806 15 9 h 100
670 15 10 l 100
668 15 10 h 100
160 15 11 l 100
158 15 11 h 100
shutdown 15 12 l
420 15 13 l 100
420 15 13 h 100
300 15 14 l 100
300 15 14 h 100
758 15 16 l 100
758 15 16 h 100
1589 16 0 l 100
1584 16 0 h 100
291 16 1 l 100
290 16 1 h 100
1296 16 2 l 100
1296 16 2 h 100
114 16 3 l 44
117 16 3 l 55
114 16 3 h 100
552 16 4 l 100
552 16 4 h 100
297 16 5 l 100
295 16 5 h 100
19 16 6 l 100
19 16 6 h 100
1423 16 7 l 100
1424 16 7 h 100
1275 16 8 l 100
1272 16 8 h 100
1002 16 9 l 100
1002 16 9 h 100
1020 16 10 l 100
1020 16 10 h 100
1477 16 11 l 100
1477 16 11 h 100
1447 16 12 l 100
1447 16 12 h 100
480 16 13 l 100
480 16 13 h 100
475 16 14 l 100
475 16 14 h 100
1600 16 15 l 100
1598 16 15 h 100
