tunnel_num s t prio weight
327 0 1 l 100
324 0 1 h 100
822 0 2 l 100
822 0 2 h 100
1344 0 3 l 100
1344 0 3 h 100
175 0 4 l 100
shutdown 0 4 h
689 0 5 l 100
684 0 5 h 100
1194 0 6 l 100
shutdown 0 6 h
42 0 7 l 100
42 0 7 h 100
703 0 8 l 100
703 0 8 h 100
1212 0 9 l 100
shutdown 0 9 h
shutdown 0 10 l
577 0 11 l 100
shutdown 0 11 h
1070 0 12 l 100
shutdown 0 12 h
1560 0 13 l 100
shutdown 0 13 h
shutdown 0 14 l
930 0 15 l 100
930 0 15 h 100
1314 0 16 l 100
shutdown 0 16 h
699 1 0 l 100
696 1 0 h 100
1363 1 2 l 100
1362 1 2 h 100
835 1 3 l 100
834 1 3 h 100
1063 1 4 l 100
1063 1 4 h 100
573 1 5 l 100
570 1 5 h 100
54 1 6 l 100
54 1 6 h 100
1206 1 7 l 100
1206 1 7 h 100
1579 1 8 l 100
1579 1 8 h 100
1091 1 9 l 100
1087 1 9 h 100
591 1 10 l 100
shutdown 1 10 h
78 1 11 l 100
78 1 11 h 100
336 1 12 l 100
338 1 12 h 100
1464 1 13 l 100
1464 1 13 h 100
944 1 14 l 100
942 1 14 h 100
449 1 15 l 100
445 1 15 h 100
550 1 16 l 100
547 1 16 h 100
1572 2 0 l 100
1572 2 0 h 100
439 2 1 l 100
438 2 1 h 100
1080 2 3 l 100
1080 2 3 h 100
1230 2 4 l 100
shutdown 2 4 h
72 2 5 l 100
72 2 5 h 100
204 2 6 l 100
204 2 6 h 100
725 2 7 l 100
shutdown 2 7 h
858 2 8 l 100
858 2 8 h 100
1380 2 9 l 100
1380 2 9 h 100
1489 2 10 l 100
1489 2 10 h 100
361 2 11 l 100
361 2 11 h 100
462 2 12 l 100
shutdown 2 12 h
960 2 13 l 100
960 2 13 h 100
shutdown 2 14 l
1607 2 15 l 100
1602 2 15 h 100
1452 2 16 l 100
1452 2 16 h 100
852 3 0 l 100
852 3 0 h 100
354 3 1 l 100
355 3 1 h 100
198 3 2 l 100
198 3 2 h 100
1224 3 4 l 100
1224 3 4 h 100
714 3 5 l 100
714 3 5 h 100
582 3 6 l 100
582 3 6 h 100
66 3 7 l 100
68 3 7 h 100
1567 3 8 l 100
1566 3 8 h 100
1074 3 9 l 100
1074 3 9 h 100
937 3 10 l 100
937 3 10 h 100
433 3 11 l 100
433 3 11 h 100
330 3 12 l 100
330 3 12 h 100
1458 3 13 l 100
1458 3 13 h 100
1356 3 14 l 100
1356 3 14 h 100
831 3 15 l 100
shutdown 3 15 h
978 3 16 l 100
978 3 16 h 100
97 4 0 l 100
98 4 0 h 100
601 4 1 l 100
601 4 1 h 100
1098 4 2 l 100
1098 4 2 h 100
1590 4 3 l 100
shutdown 4 3 h
229 4 5 l 100
228 4 5 h 100
744 4 6 l 100
744 4 6 h 100
shutdown 4 7 l
846 4 8 l 100
846 4 8 h 100
shutdown 4 9 l
193 4 10 l 100
193 4 10 h 100
708 4 11 l 100
708 4 11 h 100
shutdown 4 12 l
954 4 13 l 72
959 4 13 l 27
954 4 13 h 100
shutdown 4 14 l
349 4 15 l 100
348 4 15 h 100
256 4 16 l 58
252 4 16 l 41
252 4 16 h 100
972 5 0 l 100
972 5 0 h 100
486 5 1 l 100
486 5 1 h 100
1614 5 2 l 100
1615 5 2 h 100
1123 5 3 l 90
1124 5 3 l 9
1122 5 3 h 100
624 5 4 l 100
624 5 4 h 100
1281 5 6 l 100
1278 5 6 h 100
shutdown 5 7 l
90 5 8 l 100
90 5 8 h 100
1251 5 9 l 100
1248 5 9 h 100
742 5 10 l 100
shutdown 5 10 h
222 5 11 l 100
222 5 11 h 100
1403 5 12 l 100
1400 5 12 h 100
880 5 13 l 100
876 5 13 h 100
367 5 14 l 100
367 5 14 h 100
1500 5 15 l 100
1501 5 15 h 100
1155 5 16 l 100
shutdown 5 16 h
246 6 0 l 100
246 6 0 h 100
762 6 1 l 100
762 6 1 h 100
888 6 2 l 100
888 6 2 h 100
1410 6 3 l 100
1410 6 3 h 100
618 6 4 l 100
619 6 4 h 100
1116 6 5 l 100
1116 6 5 h 100
120 6 7 l 100
120 6 7 h 100
1151 6 8 l 100
1147 6 8 h 100
7 6 9 l 100
7 6 9 h 100
149 6 10 l 100
shutdown 6 10 h
648 6 11 l 100
648 6 11 h 100
1512 6 12 l 100
1512 6 12 h 100
378 6 13 l 100
378 6 13 h 100
506 6 14 l 100
504 6 14 h 100
997 6 15 l 100
996 6 15 h 100
397 6 16 l 100
397 6 16 h 100
1140 7 0 l 100
1140 7 0 h 100
642 7 1 l 100
642 7 1 h 100
500 7 2 l 100
500 7 2 h 100
2 7 3 l 100
2 7 3 h 100
786 7 4 l 100
787 7 4 h 100
273 7 5 l 100
270 7 5 h 100
138 7 6 l 100
138 7 6 h 100
390 7 8 l 100
390 7 8 h 100
1526 7 9 l 100
1525 7 9 h 100
shutdown 7 10 l
900 7 11 l 100
900 7 11 h 100
25 7 12 l 100
25 7 12 h 100
1180 7 13 l 100
1176 7 13 h 100
1030 7 14 l 100
1026 7 14 h 100
522 7 15 l 100
523 7 15 h 100
1323 7 16 l 100
1322 7 16 h 100
871 8 0 l 100
871 8 0 h 100
1392 8 1 l 100
1392 8 1 h 100
shutdown 8 2 l
733 8 3 l 100
shutdown 8 3 h
1242 8 4 l 100
1242 8 4 h 100
84 8 5 l 100
84 8 5 h 100
594 8 6 l 100
594 8 6 h 100
shutdown 8 7 l
452 8 9 l 100
452 8 9 h 100
949 8 10 l 100
shutdown 8 10 h
1470 8 11 l 100
1470 8 11 h 100
342 8 12 l 100
342 8 12 h 100
842 8 13 l 100
840 8 13 h 100
1368 8 14 l 100
1368 8 14 h 100
191 8 15 l 100
187 8 15 h 100
992 8 16 l 100
992 8 16 h 100
108 9 0 l 100
108 9 0 h 100
1267 9 1 l 100
shutdown 9 1 h
750 9 2 l 100
750 9 2 h 100
shutdown 9 3 l
shutdown 9 4 l
1608 9 5 l 100
1608 9 5 h 100
shutdown 9 6 l
614 9 7 l 55
615 9 7 l 44
613 9 7 h 100
864 9 8 l 100
866 9 8 h 100
1494 9 10 l 100
1494 9 10 h 100
966 9 11 l 100
966 9 11 h 100
shutdown 9 12 l
shutdown 9 13 l
212 9 14 l 100
shutdown 9 14 h
1386 9 15 l 100
1386 9 15 h 100
264 9 16 l 100
264 9 16 h 100
shutdown 10 0 l
shutdown 10 1 l
shutdown 10 2 l
shutdown 10 3 l
shutdown 10 4 l
shutdown 10 5 l
shutdown 10 6 l
shutdown 10 7 l
shutdown 10 8 l
shutdown 10 9 l
1261 10 11 l 100
1261 10 11 h 100
shutdown 10 12 l
235 10 13 l 100
235 10 13 h 100
shutdown 10 14 l
886 10 15 l 100
shutdown 10 15 h
1170 10 16 l 100
1170 10 16 h 100
259 11 0 l 100
259 11 0 h 100
1417 11 1 l 100
1416 11 1 h 100
1285 11 2 l 100
1285 11 2 h 100
775 11 3 l 100
775 11 3 h 100
630 11 4 l 100
630 11 4 h 100
128 11 5 l 100
126 11 5 h 100
1620 11 6 l 100
1620 11 6 h 100
1128 11 7 l 100
1128 11 7 h 100
1164 11 8 l 100
1164 11 8 h 100
660 11 9 l 100
660 11 9 h 100
517 11 10 l 100
517 11 10 h 100
1518 11 12 l 100
1518 11 12 h 100
1014 11 13 l 100
1014 11 13 h 100
895 11 14 l 100
895 11 14 h 100
389 11 15 l 100
384 11 15 h 100
414 11 16 l 100
414 11 16 h 100
1161 12 0 l 100
shutdown 12 0 h
12 12 1 l 100
14 12 1 h 100
shutdown 12 2 l
shutdown 12 3 l
798 12 4 l 100
798 12 4 h 100
1310 12 5 l 100
1308 12 5 h 100
154 12 6 l 100
152 12 6 h 22
150 12 6 h 77
shutdown 12 7 l
408 12 8 l 100
408 12 8 h 100
shutdown 12 9 l
1435 12 10 l 100
1435 12 10 h 100
282 12 11 l 100
282 12 11 h 100
540 12 13 l 100
540 12 13 h 100
1044 12 14 l 100
shutdown 12 14 h
1544 12 15 l 100
1542 12 15 h 100
1338 12 16 l 100
1338 12 16 h 100
402 13 0 l 100
402 13 0 h 100
1541 13 1 l 100
1536 13 1 h 100
1038 13 2 l 100
shutdown 13 2 h
534 13 3 l 100
shutdown 13 3 h
41 13 4 l 100
shutdown 13 4 h
1188 13 5 l 100
1188 13 5 h 100
683 13 6 l 100
678 13 6 h 100
shutdown 13 7 l
1334 13 8 l 100
1334 13 8 h 100
shutdown 13 9 l
313 13 10 l 100
313 13 10 h 100
1440 13 11 l 100
1440 13 11 h 100
924 13 12 l 100
924 13 12 h 100
shutdown 13 14 l
1056 13 15 l 100
1056 13 15 h 100
564 13 16 l 100
564 13 16 h 100
1326 14 0 l 100
1326 14 0 h 100
164 14 1 l 100
164 14 1 h 100
308 14 2 l 100
shutdown 14 2 h
810 14 3 l 100
shutdown 14 3 h
31 14 4 l 100
30 14 4 h 100
528 14 5 l 100
528 14 5 h 100
674 14 6 l 100
674 14 6 h 100
1186 14 7 l 100
1183 14 7 h 100
785 14 8 l 100
780 14 8 h 100
908 14 9 l 100
shutdown 14 9 h
1035 14 10 l 100
shutdown 14 10 h
1531 14 11 l 100
1531 14 11 h 100
792 14 12 l 10
794 14 12 l 89
792 14 12 h 100
1302 14 13 l 96
1307 14 13 l 3
1302 14 13 h 100
276 14 15 l 100
277 14 15 h 100
319 14 16 l 100
319 14 16 h 100
558 15 0 l 100
558 15 0 h 100
53 15 1 l 100
49 15 1 h 100
1549 15 2 l 100
1548 15 2 h 100
1051 15 3 l 100
1051 15 3 h 100
181 15 4 l 100
181 15 4 h 100
1351 15 5 l 100
1351 15 5 h 100
1200 15 6 l 100
1200 15 6 h 100
690 15 7 l 100
690 15 7 h 100
1219 15 8 l 100
1219 15 8 h 100
807 15 9 l 100
804 15 9 h 100
670 15 10 l 100
shutdown 15 10 h
156 15 11 l 100
158 15 11 h 100
923 15 12 l 100
918 15 12 h 100
420 15 13 l 100
420 15 13 h 100
300 15 14 l 100
300 15 14 h 100
758 15 16 l 100
758 15 16 h 100
1584 16 0 l 100
1584 16 0 h 100
290 16 1 l 100
290 16 1 h 100
1296 16 2 l 100
1296 16 2 h 100
114 16 3 l 100
114 16 3 h 100
552 16 4 l 100
552 16 4 h 100
297 16 5 l 100
295 16 5 h 100
21 16 6 l 100
19 16 6 h 100
1424 16 7 l 100
1424 16 7 h 100
1274 16 8 l 100
1274 16 8 h 100
1002 16 9 l 100
1002 16 9 h 100
1020 16 10 l 100
1020 16 10 h 100
1476 16 11 l 100
1476 16 11 h 100
1446 16 12 l 100
1446 16 12 h 100
480 16 13 l 100
480 16 13 h 100
475 16 14 l 100
475 16 14 h 100
1598 16 15 l 100
1598 16 15 h 100
