tunnel_num s t prio weight
324 0 1 l 100
324 0 1 h 100
822 0 2 l 100
822 0 2 h 100
1344 0 3 l 100
1344 0 3 h 100
175 0 4 l 100
174 0 4 h 100
684 0 5 l 100
684 0 5 h 100
1194 0 6 l 100
1194 0 6 h 100
42 0 7 l 100
42 0 7 h 100
703 0 8 l 100
702 0 8 h 100
shutdown 0 9 l
shutdown 0 10 l
579 0 11 l 100
577 0 11 h 100
1069 0 12 l 100
1069 0 12 h 100
1562 0 13 l 100
1562 0 13 h 100
shutdown 0 14 l
935 0 15 l 100
931 0 15 h 100
shutdown 0 16 l
696 1 0 l 50
701 1 0 l 50
696 1 0 h 100
1365 1 2 l 100
1363 1 2 h 100
836 1 3 l 100
836 1 3 h 100
1063 1 4 l 100
1063 1 4 h 100
570 1 5 l 100
570 1 5 h 100
54 1 6 l 100
54 1 6 h 100
1206 1 7 l 100
1208 1 7 h 100
1581 1 8 l 100
1579 1 8 h 100
1086 1 9 l 100
1086 1 9 h 100
593 1 10 l 100
588 1 10 h 100
81 1 11 l 100
79 1 11 h 100
337 1 12 l 100
337 1 12 h 100
1467 1 13 l 100
1465 1 13 h 100
945 1 14 l 100
942 1 14 h 100
448 1 15 l 100
445 1 15 h 100
546 1 16 l 100
546 1 16 h 100
1572 2 0 l 100
1572 2 0 h 100
441 2 1 l 100
439 2 1 h 100
1080 2 3 l 100
1080 2 3 h 100
1230 2 4 l 100
1230 2 4 h 100
72 2 5 l 100
72 2 5 h 100
207 2 6 l 100
204 2 6 h 100
722 2 7 l 100
722 2 7 h 100
858 2 8 l 100
858 2 8 h 100
shutdown 2 9 l
1488 2 10 l 100
1488 2 10 h 100
360 2 11 l 100
360 2 11 h 100
466 2 12 l 100
shutdown 2 12 h
964 2 13 l 100
961 2 13 h 100
1104 2 14 l 100
shutdown 2 14 h
1605 2 15 l 100
1602 2 15 h 100
1456 2 16 l 100
1454 2 16 h 100
852 3 0 l 100
853 3 0 h 100
356 3 1 l 100
356 3 1 h 100
198 3 2 l 100
198 3 2 h 100
1225 3 4 l 100
1224 3 4 h 100
716 3 5 l 100
716 3 5 h 100
582 3 6 l 98
584 3 6 l 1
584 3 6 h 100
68 3 7 l 100
68 3 7 h 100
1569 3 8 l 100
1566 3 8 h 100
1076 3 9 l 100
1076 3 9 h 100
941 3 10 l 100
938 3 10 h 100
432 3 11 l 100
434 3 11 h 100
331 3 12 l 100
331 3 12 h 100
1461 3 13 l 100
1460 3 13 h 100
1360 3 14 l 100
1356 3 14 h 100
832 3 15 l 100
828 3 15 h 100
980 3 16 l 100
980 3 16 h 100
97 4 0 l 100
97 4 0 h 100
600 4 1 l 22
601 4 1 l 77
600 4 1 h 100
shutdown 4 2 l
shutdown 4 3 l
228 4 5 l 100
229 4 5 h 100
747 4 6 l 100
744 4 6 h 100
shutdown 4 7 l
846 4 8 l 100
846 4 8 h 100
1378 4 9 l 100
1376 4 9 h 100
192 4 10 l 100
192 4 10 h 100
708 4 11 l 100
708 4 11 h 100
shutdown 4 12 l
shutdown 4 13 l
shutdown 4 14 l
353 4 15 l 100
348 4 15 h 100
shutdown 4 16 l
972 5 0 l 100
972 5 0 h 100
486 5 1 l 100
486 5 1 h 100
1614 5 2 l 100
1614 5 2 h 100
1122 5 3 l 100
1124 5 3 h 100
624 5 4 l 100
624 5 4 h 100
1278 5 6 l 100
1278 5 6 h 100
shutdown 5 7 l
93 5 8 l 100
91 5 8 h 100
1249 5 9 l 100
1249 5 9 h 100
739 5 10 l 100
739 5 10 h 100
225 5 11 l 100
224 5 11 h 100
1399 5 12 l 100
1399 5 12 h 100
877 5 13 l 100
877 5 13 h 100
369 5 14 l 100
366 5 14 h 100
1503 5 15 l 100
1500 5 15 h 100
1152 5 16 l 100
1152 5 16 h 100
246 6 0 l 100
246 6 0 h 100
762 6 1 l 100
762 6 1 h 100
889 6 2 l 99
891 6 2 l 0
888 6 2 h 100
1411 6 3 l 100
1412 6 3 h 100
618 6 4 l 100
618 6 4 h 100
1116 6 5 l 100
1116 6 5 h 100
120 6 7 l 100
120 6 7 h 100
1149 6 8 l 100
1146 6 8 h 100
6 6 9 l 100
6 6 9 h 100
144 6 10 l 100
144 6 10 h 100
653 6 11 l 100
648 6 11 h 100
1513 6 12 l 100
1514 6 12 h 100
379 6 13 l 74
382 6 13 l 25
379 6 13 h 100
509 6 14 l 100
504 6 14 h 100
996 6 15 l 54
998 6 15 l 45
997 6 15 h 100
400 6 16 l 100
396 6 16 h 100
1140 7 0 l 100
1140 7 0 h 100
642 7 1 l 100
642 7 1 h 100
500 7 2 l 100
500 7 2 h 100
2 7 3 l 100
2 7 3 h 100
788 7 4 l 100
786 7 4 h 100
270 7 5 l 100
270 7 5 h 100
138 7 6 l 100
138 7 6 h 100
394 7 8 l 100
390 7 8 h 100
1524 7 9 l 100
1524 7 9 h 100
1430 7 10 l 100
1428 7 10 h 100
905 7 11 l 100
900 7 11 h 100
27 7 12 l 100
25 7 12 h 100
1179 7 13 l 100
1177 7 13 h 100
1029 7 14 l 100
1026 7 14 h 100
525 7 15 l 100
523 7 15 h 100
1320 7 16 l 100
1320 7 16 h 100
871 8 0 l 100
871 8 0 h 100
1395 8 1 l 100
1394 8 1 h 100
216 8 2 l 100
216 8 2 h 100
735 8 3 l 100
732 8 3 h 100
1242 8 4 l 100
1242 8 4 h 100
87 8 5 l 100
86 8 5 h 100
594 8 6 l 100
594 8 6 h 100
shutdown 8 7 l
453 8 9 l 100
452 8 9 h 100
948 8 10 l 100
948 8 10 h 100
1470 8 11 l 100
1470 8 11 h 100
342 8 12 l 100
342 8 12 h 100
842 8 13 l 100
842 8 13 h 100
1370 8 14 l 100
1370 8 14 h 100
188 8 15 l 100
188 8 15 h 100
992 8 16 l 100
992 8 16 h 100
109 9 0 l 100
shutdown 9 0 h
1266 9 1 l 100
1266 9 1 h 100
shutdown 9 2 l
shutdown 9 3 l
shutdown 9 4 l
1609 9 5 l 100
1609 9 5 h 100
shutdown 9 6 l
612 9 7 l 100
shutdown 9 7 h
867 9 8 l 100
866 9 8 h 100
1494 9 10 l 100
1494 9 10 h 100
967 9 11 l 100
967 9 11 h 100
1237 9 12 l 100
1237 9 12 h 100
729 9 13 l 100
726 9 13 h 100
shutdown 9 14 l
1389 9 15 l 100
1387 9 15 h 100
264 9 16 l 100
264 9 16 h 100
986 10 0 l 100
986 10 0 h 100
1506 10 1 l 100
1506 10 1 h 100
shutdown 10 2 l
shutdown 10 3 l
636 10 4 l 100
636 10 4 h 100
1135 10 5 l 100
1136 10 5 h 100
1290 10 6 l 100
1290 10 6 h 100
shutdown 10 7 l
102 10 8 l 100
102 10 8 h 100
606 10 9 l 100
606 10 9 h 100
1260 10 11 l 100
1260 10 11 h 100
1404 10 12 l 100
1404 10 12 h 100
234 10 13 l 100
234 10 13 h 100
shutdown 10 14 l
882 10 15 l 100
882 10 15 h 100
1170 10 16 l 100
1170 10 16 h 100
262 11 0 l 100
259 11 0 h 100
1420 11 1 l 100
1418 11 1 h 100
1284 11 2 l 100
1284 11 2 h 100
774 11 3 l 100
776 11 3 h 100
630 11 4 l 100
630 11 4 h 100
127 11 5 l 100
127 11 5 h 100
1625 11 6 l 100
1622 11 6 h 100
1131 11 7 l 100
1130 11 7 h 100
1164 11 8 l 100
1164 11 8 h 100
661 11 9 l 100
661 11 9 h 100
516 11 10 l 100
516 11 10 h 100
1519 11 12 l 100
1518 11 12 h 100
1015 11 13 l 100
1015 11 13 h 100
894 11 14 l 100
894 11 14 h 100
388 11 15 l 100
384 11 15 h 100
415 11 16 l 100
415 11 16 h 100
1162 12 0 l 100
1160 12 0 h 100
13 12 1 l 100
12 12 1 h 100
shutdown 12 2 l
shutdown 12 3 l
798 12 4 l 45
799 12 4 l 54
798 12 4 h 100
1308 12 5 l 100
1309 12 5 h 100
154 12 6 l 100
151 12 6 h 100
shutdown 12 7 l
408 12 8 l 100
408 12 8 h 100
912 12 9 l 100
912 12 9 h 100
1434 12 10 l 100
1434 12 10 h 100
282 12 11 l 100
283 12 11 h 100
540 12 13 l 100
540 12 13 h 100
1044 12 14 l 100
1044 12 14 h 100
1542 12 15 l 100
1542 12 15 h 100
1338 12 16 l 100
1338 12 16 h 100
407 13 0 l 100
404 13 0 h 100
1536 13 1 l 100
1536 13 1 h 100
1039 13 2 l 48
1041 13 2 l 51
shutdown 13 2 h
535 13 3 l 100
shutdown 13 3 h
41 13 4 l 100
36 13 4 h 100
1188 13 5 l 100
1189 13 5 h 100
678 13 6 l 100
679 13 6 h 100
169 13 7 l 100
169 13 7 h 100
1334 13 8 l 100
1334 13 8 h 100
816 13 9 l 100
816 13 9 h 100
312 13 10 l 50
313 13 10 l 50
313 13 10 h 100
1440 13 11 l 50
1441 13 11 l 50
1441 13 11 h 100
924 13 12 l 100
924 13 12 h 100
shutdown 13 14 l
1056 13 15 l 100
1056 13 15 h 100
564 13 16 l 100
564 13 16 h 100
1326 14 0 l 100
1328 14 0 h 50
1326 14 0 h 50
162 14 1 l 100
162 14 1 h 100
306 14 2 l 31
309 14 2 l 68
shutdown 14 2 h
812 14 3 l 100
812 14 3 h 100
32 14 4 l 11
34 14 4 l 88
32 14 4 h 100
528 14 5 l 100
528 14 5 h 100
674 14 6 l 100
674 14 6 h 100
1185 14 7 l 100
1182 14 7 h 100
782 14 8 l 100
782 14 8 h 100
908 14 9 l 100
908 14 9 h 100
1032 14 10 l 100
1032 14 10 h 100
1530 14 11 l 100
1530 14 11 h 100
795 14 12 l 100
792 14 12 h 100
1302 14 13 l 100
1302 14 13 h 100
276 14 15 l 100
276 14 15 h 100
322 14 16 l 100
319 14 16 h 100
558 15 0 l 50
559 15 0 l 50
558 15 0 h 50
559 15 0 h 50
49 15 1 l 100
49 15 1 h 100
shutdown 15 2 l
shutdown 15 3 l
185 15 4 l 100
181 15 4 h 100
1350 15 5 l 100
1350 15 5 h 100
1200 15 6 l 7
1205 15 6 l 92
1200 15 6 h 100
690 15 7 l 50
691 15 7 l 50
690 15 7 h 100
1220 15 8 l 100
1220 15 8 h 100
807 15 9 l 100
805 15 9 h 100
666 15 10 l 12
670 15 10 l 87
666 15 10 h 50
668 15 10 h 50
156 15 11 l 100
156 15 11 h 100
918 15 12 l 100
918 15 12 h 100
420 15 13 l 100
420 15 13 h 100
300 15 14 l 100
300 15 14 h 100
758 15 16 l 100
758 15 16 h 100
1585 16 0 l 100
1586 16 0 h 100
288 16 1 l 100
288 16 1 h 100
1300 16 2 l 100
1298 16 2 h 100
115 16 3 l 100
116 16 3 h 100
557 16 4 l 100
554 16 4 h 100
294 16 5 l 100
294 16 5 h 100
21 16 6 l 100
18 16 6 h 100
1422 16 7 l 100
1422 16 7 h 100
1275 16 8 l 100
1274 16 8 h 100
1002 16 9 l 100
1002 16 9 h 100
1020 16 10 l 100
1020 16 10 h 50
1021 16 10 h 50
1477 16 11 l 100
1477 16 11 h 100
1446 16 12 l 100
1447 16 12 h 100
480 16 13 l 100
480 16 13 h 100
478 16 14 l 100
475 16 14 h 100
1598 16 15 l 100
1598 16 15 h 100
