tunnel_num s t prio weight
327 0 1 l 100
324 0 1 h 100
822 0 2 l 100
822 0 2 h 100
1344 0 3 l 100
1344 0 3 h 100
175 0 4 l 100
175 0 4 h 100
687 0 5 l 100
685 0 5 h 100
1194 0 6 l 100
1194 0 6 h 100
shutdown 0 7 l
shutdown 0 8 l
1212 0 9 l 95
1215 0 9 l 4
shutdown 0 9 h
63 0 10 l 100
shutdown 0 10 h
580 0 11 l 100
shutdown 0 11 h
1072 0 12 l 100
shutdown 0 12 h
1565 0 13 l 100
shutdown 0 13 h
shutdown 0 14 l
930 0 15 l 100
930 0 15 h 100
1317 0 16 l 100
1314 0 16 h 100
696 1 0 l 50
699 1 0 l 50
696 1 0 h 100
1365 1 2 l 100
1363 1 2 h 100
836 1 3 l 50
838 1 3 l 50
836 1 3 h 100
1062 1 4 l 100
1062 1 4 h 100
570 1 5 l 100
571 1 5 h 100
54 1 6 l 100
54 1 6 h 100
1206 1 7 l 100
1206 1 7 h 100
1580 1 8 l 100
1580 1 8 h 100
1091 1 9 l 100
1088 1 9 h 100
591 1 10 l 100
shutdown 1 10 h
80 1 11 l 100
80 1 11 h 100
340 1 12 l 100
shutdown 1 12 h
1469 1 13 l 100
1464 1 13 h 100
943 1 14 l 100
942 1 14 h 100
444 1 15 l 50
445 1 15 l 50
444 1 15 h 50
445 1 15 h 50
550 1 16 l 100
548 1 16 h 100
1577 2 0 l 100
1572 2 0 h 100
439 2 1 l 100
439 2 1 h 100
1080 2 3 l 100
1080 2 3 h 100
1230 2 4 l 100
shutdown 2 4 h
72 2 5 l 100
72 2 5 h 100
204 2 6 l 100
205 2 6 h 100
722 2 7 l 100
722 2 7 h 100
863 2 8 l 100
860 2 8 h 100
1380 2 9 l 100
1380 2 9 h 100
1493 2 10 l 100
1490 2 10 h 100
364 2 11 l 100
361 2 11 h 100
462 2 12 l 48
465 2 12 l 51
shutdown 2 12 h
965 2 13 l 100
961 2 13 h 100
1107 2 14 l 100
1104 2 14 h 100
1607 2 15 l 100
1602 2 15 h 100
1457 2 16 l 100
1452 2 16 h 100
852 3 0 l 100
852 3 0 h 100
358 3 1 l 100
354 3 1 h 99
356 3 1 h 0
198 3 2 l 100
200 3 2 h 100
1227 3 4 l 100
1224 3 4 h 100
716 3 5 l 100
714 3 5 h 100
584 3 6 l 100
584 3 6 h 100
68 3 7 l 100
68 3 7 h 100
1568 3 8 l 100
1568 3 8 h 100
1074 3 9 l 100
1074 3 9 h 100
939 3 10 l 100
937 3 10 h 100
437 3 11 l 100
433 3 11 h 100
334 3 12 l 100
332 3 12 h 100
1460 3 13 l 100
1460 3 13 h 100
1358 3 14 l 100
1356 3 14 h 95
1358 3 14 h 4
830 3 15 l 100
830 3 15 h 100
981 3 16 l 100
978 3 16 h 100
100 4 0 l 100
97 4 0 h 50
98 4 0 h 50
601 4 1 l 100
601 4 1 h 100
1101 4 2 l 100
shutdown 4 2 h
1595 4 3 l 100
shutdown 4 3 h
228 4 5 l 100
228 4 5 h 100
744 4 6 l 33
745 4 6 l 33
748 4 6 l 33
744 4 6 h 100
shutdown 4 7 l
847 4 8 l 100
847 4 8 h 100
shutdown 4 9 l
197 4 10 l 100
shutdown 4 10 h
709 4 11 l 100
709 4 11 h 100
shutdown 4 12 l
959 4 13 l 100
954 4 13 h 100
shutdown 4 14 l
348 4 15 l 33
349 4 15 l 33
350 4 15 l 33
348 4 15 h 33
349 4 15 h 33
350 4 15 h 33
shutdown 4 16 l
972 5 0 l 50
975 5 0 l 50
972 5 0 h 100
486 5 1 l 100
486 5 1 h 100
1617 5 2 l 100
1615 5 2 h 100
shutdown 5 3 l
625 5 4 l 100
624 5 4 h 100
1278 5 6 l 66
1279 5 6 l 33
1278 5 6 h 100
771 5 7 l 100
768 5 7 h 100
92 5 8 l 100
92 5 8 h 100
1251 5 9 l 100
1248 5 9 h 100
740 5 10 l 100
740 5 10 h 100
223 5 11 l 100
223 5 11 h 100
1402 5 12 l 100
1398 5 12 h 100
876 5 13 l 100
876 5 13 h 100
366 5 14 l 100
366 5 14 h 100
1500 5 15 l 50
1501 5 15 l 50
1500 5 15 h 50
1501 5 15 h 50
1155 5 16 l 100
shutdown 5 16 h
246 6 0 l 100
246 6 0 h 100
762 6 1 l 100
762 6 1 h 100
891 6 2 l 100
888 6 2 h 100
1415 6 3 l 100
1412 6 3 h 100
618 6 4 l 100
618 6 4 h 100
1116 6 5 l 100
1116 6 5 h 100
120 6 7 l 100
120 6 7 h 100
1148 6 8 l 100
1148 6 8 h 100
10 6 9 l 100
7 6 9 h 100
148 6 10 l 100
shutdown 6 10 h
652 6 11 l 100
650 6 11 h 100
1512 6 12 l 100
1512 6 12 h 100
383 6 13 l 100
380 6 13 h 100
504 6 14 l 100
504 6 14 h 100
996 6 15 l 100
996 6 15 h 50
997 6 15 h 50
399 6 16 l 100
398 6 16 h 100
1140 7 0 l 100
1140 7 0 h 100
647 7 1 l 100
643 7 1 h 100
500 7 2 l 100
500 7 2 h 100
2 7 3 l 100
2 7 3 h 100
789 7 4 l 100
786 7 4 h 100
271 7 5 l 100
271 7 5 h 100
138 7 6 l 100
138 7 6 h 100
392 7 8 l 100
392 7 8 h 100
shutdown 7 9 l
1431 7 10 l 100
shutdown 7 10 h
903 7 11 l 100
902 7 11 h 100
28 7 12 l 100
24 7 12 h 100
1180 7 13 l 100
1176 7 13 h 100
1027 7 14 l 100
1027 7 14 h 100
527 7 15 l 100
523 7 15 h 100
1323 7 16 l 100
1322 7 16 h 100
shutdown 8 0 l
1394 8 1 l 100
1394 8 1 h 100
220 8 2 l 100
218 8 2 h 100
734 8 3 l 100
shutdown 8 3 h
shutdown 8 4 l
86 8 5 l 100
86 8 5 h 100
596 8 6 l 100
596 8 6 h 100
shutdown 8 7 l
453 8 9 l 100
452 8 9 h 100
948 8 10 l 100
948 8 10 h 100
1470 8 11 l 100
1470 8 11 h 100
342 8 12 l 100
342 8 12 h 100
842 8 13 l 100
842 8 13 h 100
shutdown 8 14 l
188 8 15 l 100
188 8 15 h 100
992 8 16 l 100
992 8 16 h 100
113 9 0 l 100
108 9 0 h 100
1269 9 1 l 100
shutdown 9 1 h
750 9 2 l 100
750 9 2 h 100
240 9 3 l 100
240 9 3 h 100
shutdown 9 4 l
shutdown 9 5 l
shutdown 9 6 l
shutdown 9 7 l
867 9 8 l 100
866 9 8 h 100
1494 9 10 l 100
1494 9 10 h 100
966 9 11 l 100
967 9 11 h 100
shutdown 9 12 l
726 9 13 l 100
726 9 13 h 100
shutdown 9 14 l
1390 9 15 l 100
1386 9 15 h 100
264 9 16 l 100
264 9 16 h 100
987 10 0 l 100
985 10 0 h 100
1509 10 1 l 100
shutdown 10 1 h
1627 10 2 l 7
1631 10 2 l 92
shutdown 10 2 h
shutdown 10 3 l
shutdown 10 4 l
1138 10 5 l 100
1136 10 5 h 100
1295 10 6 l 100
shutdown 10 6 h
shutdown 10 7 l
102 10 8 l 100
102 10 8 h 100
shutdown 10 9 l
1260 10 11 l 50
1261 10 11 l 50
1260 10 11 h 50
1261 10 11 h 50
1404 10 12 l 100
1404 10 12 h 50
1405 10 12 h 50
235 10 13 l 100
234 10 13 h 50
235 10 13 h 50
375 10 14 l 100
372 10 14 h 100
886 10 15 l 100
882 10 15 h 100
1170 10 16 l 50
1171 10 16 l 50
1170 10 16 h 100
262 11 0 l 100
260 11 0 h 100
1418 11 1 l 100
1418 11 1 h 100
1285 11 2 l 100
1285 11 2 h 100
775 11 3 l 100
775 11 3 h 100
631 11 4 l 100
631 11 4 h 100
127 11 5 l 100
127 11 5 h 100
1622 11 6 l 50
1624 11 6 l 50
1622 11 6 h 100
1129 11 7 l 100
1129 11 7 h 100
1164 11 8 l 100
1164 11 8 h 100
660 11 9 l 100
660 11 9 h 100
516 11 10 l 50
517 11 10 l 50
516 11 10 h 50
517 11 10 h 50
1518 11 12 l 50
1519 11 12 l 50
1518 11 12 h 50
1519 11 12 h 50
1014 11 13 l 100
1014 11 13 h 50
1015 11 13 h 50
897 11 14 l 100
894 11 14 h 100
384 11 15 l 100
384 11 15 h 100
414 11 16 l 50
415 11 16 l 50
414 11 16 h 50
415 11 16 h 50
1162 12 0 l 100
1160 12 0 h 100
12 12 1 l 100
shutdown 12 1 h
shutdown 12 2 l
shutdown 12 3 l
shutdown 12 4 l
1308 12 5 l 100
1308 12 5 h 100
150 12 6 l 100
150 12 6 h 100
shutdown 12 7 l
408 12 8 l 100
408 12 8 h 100
shutdown 12 9 l
1434 12 10 l 100
1435 12 10 h 100
282 12 11 l 100
282 12 11 h 100
540 12 13 l 93
541 12 13 l 6
541 12 13 h 100
1047 12 14 l 100
shutdown 12 14 h
1542 12 15 l 50
1543 12 15 l 50
1542 12 15 h 50
1543 12 15 h 50
1339 12 16 l 100
1339 12 16 h 100
403 13 0 l 100
403 13 0 h 100
1536 13 1 l 100
1536 13 1 h 100
1039 13 2 l 46
1040 13 2 l 53
shutdown 13 2 h
536 13 3 l 100
shutdown 13 3 h
38 13 4 l 100
shutdown 13 4 h
1188 13 5 l 100
1188 13 5 h 100
678 13 6 l 52
683 13 6 l 47
678 13 6 h 100
shutdown 13 7 l
1334 13 8 l 100
1334 13 8 h 100
shutdown 13 9 l
312 13 10 l 50
313 13 10 l 50
312 13 10 h 50
313 13 10 h 50
1440 13 11 l 50
1441 13 11 l 50
1440 13 11 h 50
1441 13 11 h 50
924 13 12 l 50
925 13 12 l 50
925 13 12 h 100
1554 13 14 l 100
shutdown 13 14 h
1056 13 15 l 50
1057 13 15 l 50
1056 13 15 h 50
1057 13 15 h 50
564 13 16 l 100
564 13 16 h 100
1326 14 0 l 50
1328 14 0 l 50
1328 14 0 h 50
1326 14 0 h 50
162 14 1 l 100
162 14 1 h 100
309 14 2 l 100
307 14 2 h 100
812 14 3 l 100
812 14 3 h 100
31 14 4 l 100
32 14 4 h 100
528 14 5 l 100
528 14 5 h 50
529 14 5 h 50
672 14 6 l 50
674 14 6 l 50
672 14 6 h 50
674 14 6 h 50
1186 14 7 l 100
1182 14 7 h 100
782 14 8 l 100
782 14 8 h 100
908 14 9 l 100
shutdown 14 9 h
1032 14 10 l 100
1032 14 10 h 100
1533 14 11 l 100
1530 14 11 h 100
792 14 12 l 100
792 14 12 h 100
1302 14 13 l 100
1302 14 13 h 100
276 14 15 l 50
277 14 15 l 50
276 14 15 h 50
277 14 15 h 50
322 14 16 l 100
319 14 16 h 100
558 15 0 l 100
558 15 0 h 100
48 15 1 l 100
48 15 1 h 100
shutdown 15 2 l
1052 15 3 l 50
1054 15 3 l 50
1052 15 3 h 100
181 15 4 l 100
181 15 4 h 100
1350 15 5 l 100
1352 15 5 h 100
1200 15 6 l 100
1200 15 6 h 100
690 15 7 l 100
691 15 7 h 100
1220 15 8 l 100
1220 15 8 h 100
shutdown 15 9 l
666 15 10 l 100
666 15 10 h 100
160 15 11 l 100
156 15 11 h 100
918 15 12 l 100
918 15 12 h 100
420 15 13 l 100
420 15 13 h 100
302 15 14 l 100
302 15 14 h 100
758 15 16 l 100
758 15 16 h 100
1584 16 0 l 99
1587 16 0 l 0
1584 16 0 h 100
291 16 1 l 100
290 16 1 h 100
1299 16 2 l 100
1296 16 2 h 100
114 16 3 l 100
114 16 3 h 100
556 16 4 l 100
552 16 4 h 100
297 16 5 l 100
295 16 5 h 100
21 16 6 l 100
19 16 6 h 100
1425 16 7 l 100
1424 16 7 h 100
1275 16 8 l 100
1274 16 8 h 100
1002 16 9 l 100
1002 16 9 h 100
1020 16 10 l 50
1021 16 10 l 50
1020 16 10 h 50
1021 16 10 h 50
1476 16 11 l 50
1477 16 11 l 50
1476 16 11 h 50
1477 16 11 h 50
1446 16 12 l 50
1447 16 12 l 50
1446 16 12 h 50
1447 16 12 h 50
480 16 13 l 50
483 16 13 l 50
480 16 13 h 100
475 16 14 l 50
478 16 14 l 50
475 16 14 h 100
1598 16 15 l 100
1598 16 15 h 100
