tunnel_num s t prio weight
329 0 1 l 100
324 0 1 h 100
shutdown 0 2 l
shutdown 0 3 l
175 0 4 l 100
175 0 4 h 100
689 0 5 l 100
684 0 5 h 100
shutdown 0 6 l
42 0 7 l 100
42 0 7 h 100
703 0 8 l 100
703 0 8 h 100
shutdown 0 9 l
62 0 10 l 100
62 0 10 h 100
577 0 11 l 100
577 0 11 h 100
1071 0 12 l 100
1070 0 12 h 100
1562 0 13 l 100
1562 0 13 h 100
shutdown 0 14 l
930 0 15 l 100
930 0 15 h 100
1315 0 16 l 100
1315 0 16 h 100
701 1 0 l 100
696 1 0 h 100
1364 1 2 l 100
1364 1 2 h 100
837 1 3 l 100
835 1 3 h 100
1064 1 4 l 100
1064 1 4 h 100
570 1 5 l 100
570 1 5 h 100
56 1 6 l 100
55 1 6 h 100
1207 1 7 l 100
1207 1 7 h 100
1579 1 8 l 33
1581 1 8 l 33
1582 1 8 l 33
1578 1 8 h 50
1579 1 8 h 50
1086 1 9 l 100
1088 1 9 h 100
588 1 10 l 100
588 1 10 h 100
79 1 11 l 33
81 1 11 l 33
82 1 11 l 33
78 1 11 h 50
79 1 11 h 50
337 1 12 l 25
338 1 12 l 25
339 1 12 l 25
341 1 12 l 25
337 1 12 h 100
1465 1 13 l 100
1465 1 13 h 100
945 1 14 l 100
942 1 14 h 100
448 1 15 l 100
444 1 15 h 100
546 1 16 l 100
546 1 16 h 100
1573 2 0 l 100
1573 2 0 h 100
439 2 1 l 100
440 2 1 h 100
1080 2 3 l 100
1080 2 3 h 100
1230 2 4 l 100
1230 2 4 h 100
74 2 5 l 100
74 2 5 h 100
204 2 6 l 100
204 2 6 h 100
720 2 7 l 100
720 2 7 h 100
860 2 8 l 100
859 2 8 h 50
860 2 8 h 50
1380 2 9 l 100
1380 2 9 h 100
1489 2 10 l 100
1489 2 10 h 100
360 2 11 l 50
361 2 11 l 50
360 2 11 h 50
361 2 11 h 50
463 2 12 l 100
463 2 12 h 100
960 2 13 l 100
960 2 13 h 100
1106 2 14 l 100
1106 2 14 h 100
1603 2 15 l 100
1603 2 15 h 100
1454 2 16 l 100
1452 2 16 h 100
853 3 0 l 100
853 3 0 h 100
357 3 1 l 100
354 3 1 h 100
198 3 2 l 100
198 3 2 h 100
1224 3 4 l 50
1228 3 4 l 50
1224 3 4 h 100
719 3 5 l 100
715 3 5 h 100
582 3 6 l 100
583 3 6 h 100
67 3 7 l 100
66 3 7 h 100
1568 3 8 l 100
1568 3 8 h 100
1074 3 9 l 100
1074 3 9 h 50
1075 3 9 h 50
941 3 10 l 100
937 3 10 h 100
432 3 11 l 50
433 3 11 l 50
432 3 11 h 50
433 3 11 h 50
331 3 12 l 100
331 3 12 h 100
1458 3 13 l 100
1458 3 13 h 100
1359 3 14 l 100
1357 3 14 h 100
829 3 15 l 100
829 3 15 h 100
978 3 16 l 100
979 3 16 h 100
shutdown 4 0 l
601 4 1 l 100
602 4 1 h 100
1098 4 2 l 73
1100 4 2 l 26
1098 4 2 h 100
1590 4 3 l 100
1590 4 3 h 100
228 4 5 l 100
229 4 5 h 100
744 4 6 l 100
744 4 6 h 100
shutdown 4 7 l
846 4 8 l 100
848 4 8 h 100
shutdown 4 9 l
196 4 10 l 100
194 4 10 h 100
708 4 11 l 50
712 4 11 l 50
708 4 11 h 50
710 4 11 h 50
shutdown 4 12 l
955 4 13 l 100
955 4 13 h 100
1485 4 14 l 100
1482 4 14 h 100
349 4 15 l 100
349 4 15 h 100
254 4 16 l 100
253 4 16 h 92
254 4 16 h 7
977 5 0 l 100
972 5 0 h 100
486 5 1 l 100
486 5 1 h 100
1614 5 2 l 100
1616 5 2 h 100
1122 5 3 l 100
1122 5 3 h 100
624 5 4 l 100
626 5 4 h 100
1279 5 6 l 100
1279 5 6 h 100
769 5 7 l 100
768 5 7 h 100
90 5 8 l 25
91 5 8 l 25
93 5 8 l 25
95 5 8 l 25
90 5 8 h 50
91 5 8 h 50
1249 5 9 l 100
1249 5 9 h 100
739 5 10 l 100
739 5 10 h 100
225 5 11 l 49
226 5 11 l 1
222 5 11 l 49
222 5 11 h 100
1400 5 12 l 100
1400 5 12 h 50
1399 5 12 h 50
877 5 13 l 100
877 5 13 h 100
369 5 14 l 100
366 5 14 h 100
1502 5 15 l 100
1502 5 15 h 100
1152 5 16 l 100
1152 5 16 h 100
246 6 0 l 100
246 6 0 h 100
762 6 1 l 100
762 6 1 h 50
764 6 1 h 50
889 6 2 l 100
889 6 2 h 100
1410 6 3 l 100
1410 6 3 h 100
618 6 4 l 100
618 6 4 h 100
1117 6 5 l 100
1116 6 5 h 100
120 6 7 l 100
120 6 7 h 100
1147 6 8 l 50
1150 6 8 l 50
1147 6 8 h 100
8 6 9 l 100
6 6 9 h 100
144 6 10 l 100
144 6 10 h 100
648 6 11 l 50
653 6 11 l 50
648 6 11 h 100
1514 6 12 l 100
1513 6 12 h 50
1514 6 12 h 50
379 6 13 l 100
379 6 13 h 100
509 6 14 l 100
504 6 14 h 100
996 6 15 l 29
997 6 15 l 70
996 6 15 h 100
396 6 16 l 50
398 6 16 l 50
398 6 16 h 100
1140 7 0 l 100
1140 7 0 h 100
643 7 1 l 100
643 7 1 h 100
498 7 2 l 100
498 7 2 h 100
0 7 3 l 100
0 7 3 h 100
shutdown 7 4 l
271 7 5 l 100
271 7 5 h 100
138 7 6 l 100
138 7 6 h 100
390 7 8 l 100
390 7 8 h 100
shutdown 7 9 l
1432 7 10 l 100
1428 7 10 h 100
900 7 11 l 100
900 7 11 h 100
25 7 12 l 100
25 7 12 h 100
1177 7 13 l 100
1177 7 13 h 100
shutdown 7 14 l
522 7 15 l 100
522 7 15 h 100
1324 7 16 l 100
1320 7 16 h 100
871 8 0 l 100
871 8 0 h 100
1393 8 1 l 100
1394 8 1 h 100
218 8 2 l 100
218 8 2 h 100
734 8 3 l 100
732 8 3 h 100
1242 8 4 l 100
1242 8 4 h 100
85 8 5 l 100
84 8 5 h 100
594 8 6 l 100
594 8 6 h 100
1094 8 7 l 100
1092 8 7 h 100
450 8 9 l 92
452 8 9 l 7
452 8 9 h 100
948 8 10 l 100
948 8 10 h 100
1470 8 11 l 100
1470 8 11 h 100
342 8 12 l 100
342 8 12 h 100
842 8 13 l 100
842 8 13 h 100
shutdown 8 14 l
187 8 15 l 100
187 8 15 h 100
992 8 16 l 100
992 8 16 h 100
110 9 0 l 100
110 9 0 h 100
1266 9 1 l 100
1268 9 1 h 100
750 9 2 l 100
750 9 2 h 100
240 9 3 l 100
240 9 3 h 100
468 9 4 l 100
470 9 4 h 100
1608 9 5 l 100
1609 9 5 h 100
1111 9 6 l 100
1111 9 6 h 100
shutdown 9 7 l
864 9 8 l 50
869 9 8 l 50
864 9 8 h 33
865 9 8 h 33
866 9 8 h 33
1494 9 10 l 100
1494 9 10 h 100
966 9 11 l 50
968 9 11 l 50
968 9 11 h 50
966 9 11 h 50
1238 9 12 l 100
1238 9 12 h 100
726 9 13 l 100
726 9 13 h 100
212 9 14 l 100
212 9 14 h 100
1388 9 15 l 100
1387 9 15 h 100
264 9 16 l 100
264 9 16 h 100
shutdown 10 0 l
1508 10 1 l 100
1506 10 1 h 100
1627 10 2 l 32
1628 10 2 l 67
1628 10 2 h 100
492 10 3 l 100
492 10 3 h 100
636 10 4 l 100
636 10 4 h 100
1134 10 5 l 100
1135 10 5 h 100
1291 10 6 l 100
1291 10 6 h 100
133 10 7 l 100
133 10 7 h 100
102 10 8 l 100
102 10 8 h 100
607 10 9 l 100
607 10 9 h 100
1260 10 11 l 100
1260 10 11 h 100
1404 10 12 l 100
1404 10 12 h 100
234 10 13 l 100
235 10 13 h 100
372 10 14 l 100
372 10 14 h 100
887 10 15 l 100
883 10 15 h 100
1170 10 16 l 100
1170 10 16 h 100
259 11 0 l 100
259 11 0 h 100
1416 11 1 l 100
1416 11 1 h 100
1284 11 2 l 100
1285 11 2 h 100
775 11 3 l 100
774 11 3 h 100
630 11 4 l 100
630 11 4 h 100
128 11 5 l 100
126 11 5 h 100
1620 11 6 l 100
1620 11 6 h 100
1128 11 7 l 100
1128 11 7 h 100
1164 11 8 l 100
1164 11 8 h 100
664 11 9 l 100
660 11 9 h 100
516 11 10 l 100
516 11 10 h 100
1518 11 12 l 100
1518 11 12 h 100
1014 11 13 l 100
1014 11 13 h 100
894 11 14 l 100
894 11 14 h 100
385 11 15 l 19
387 11 15 l 63
388 11 15 l 16
386 11 15 h 100
419 11 16 l 100
414 11 16 h 100
1161 12 0 l 100
1160 12 0 h 100
17 12 1 l 100
13 12 1 h 100
shutdown 12 2 l
1009 12 3 l 100
1008 12 3 h 100
800 12 4 l 76
798 12 4 l 23
798 12 4 h 100
1310 12 5 l 100
1310 12 5 h 100
152 12 6 l 100
152 12 6 h 100
shutdown 12 7 l
408 12 8 l 100
408 12 8 h 100
912 12 9 l 100
912 12 9 h 100
1434 12 10 l 47
1435 12 10 l 52
1434 12 10 h 100
282 12 11 l 100
282 12 11 h 100
540 12 13 l 100
540 12 13 h 100
1044 12 14 l 100
1044 12 14 h 100
1547 12 15 l 100
1543 12 15 h 100
1338 12 16 l 100
1338 12 16 h 100
403 13 0 l 100
404 13 0 h 100
1537 13 1 l 100
1537 13 1 h 100
1038 13 2 l 100
1038 13 2 h 100
534 13 3 l 100
534 13 3 h 100
36 13 4 l 100
37 13 4 h 100
1190 13 5 l 100
1189 13 5 h 100
679 13 6 l 75
680 13 6 l 24
680 13 6 h 100
168 13 7 l 10
169 13 7 l 31
171 13 7 l 57
169 13 7 h 100
1333 13 8 l 40
1334 13 8 l 40
1337 13 8 l 19
1333 13 8 h 50
1334 13 8 h 50
816 13 9 l 100
816 13 9 h 100
313 13 10 l 100
313 13 10 h 100
1440 13 11 l 33
1441 13 11 l 33
1443 13 11 l 33
1440 13 11 h 50
1441 13 11 h 50
924 13 12 l 68
925 13 12 l 31
924 13 12 h 100
1554 13 14 l 100
1554 13 14 h 100
1061 13 15 l 100
1057 13 15 h 100
564 13 16 l 100
564 13 16 h 100
1330 14 0 l 100
1326 14 0 h 100
162 14 1 l 50
165 14 1 l 50
162 14 1 h 100
311 14 2 l 100
308 14 2 h 100
810 14 3 l 100
810 14 3 h 100
30 14 4 l 100
30 14 4 h 100
528 14 5 l 100
528 14 5 h 100
673 14 6 l 100
673 14 6 h 100
shutdown 14 7 l
780 14 8 l 25
781 14 8 l 25
782 14 8 l 25
784 14 8 l 25
780 14 8 h 33
781 14 8 h 33
782 14 8 h 33
906 14 9 l 100
907 14 9 h 100
1034 14 10 l 50
1035 14 10 l 50
1034 14 10 h 100
1530 14 11 l 25
1531 14 11 l 25
1533 14 11 l 25
1535 14 11 l 25
1530 14 11 h 50
1531 14 11 h 50
792 14 12 l 33
793 14 12 l 33
794 14 12 l 33
792 14 12 h 43
793 14 12 h 12
794 14 12 h 43
1302 14 13 l 100
1302 14 13 h 50
1303 14 13 h 50
277 14 15 l 100
276 14 15 h 100
318 14 16 l 50
319 14 16 l 50
318 14 16 h 50
319 14 16 h 50
558 15 0 l 100
558 15 0 h 100
48 15 1 l 33
49 15 1 l 33
50 15 1 l 33
49 15 1 h 100
1552 15 2 l 100
1549 15 2 h 100
1053 15 3 l 100
1051 15 3 h 100
181 15 4 l 100
181 15 4 h 100
1350 15 5 l 100
1350 15 5 h 50
1351 15 5 h 50
1200 15 6 l 100
1200 15 6 h 100
690 15 7 l 100
690 15 7 h 100
1218 15 8 l 33
1220 15 8 l 33
1221 15 8 l 33
1218 15 8 h 50
1220 15 8 h 50
809 15 9 l 100
804 15 9 h 100
670 15 10 l 100
666 15 10 h 33
667 15 10 h 33
668 15 10 h 33
160 15 11 l 20
156 15 11 l 20
157 15 11 l 20
158 15 11 l 20
159 15 11 l 20
156 15 11 h 33
157 15 11 h 33
158 15 11 h 33
918 15 12 l 50
920 15 12 l 50
920 15 12 h 50
918 15 12 h 50
420 15 13 l 100
420 15 13 h 100
300 15 14 l 100
300 15 14 h 100
757 15 16 l 50
758 15 16 l 50
757 15 16 h 50
758 15 16 h 50
1585 16 0 l 100
1585 16 0 h 100
288 16 1 l 50
291 16 1 l 50
288 16 1 h 100
1296 16 2 l 100
1298 16 2 h 100
114 16 3 l 100
114 16 3 h 100
552 16 4 l 100
554 16 4 h 100
294 16 5 l 100
294 16 5 h 100
19 16 6 l 100
19 16 6 h 100
1423 16 7 l 100
1423 16 7 h 100
1272 16 8 l 33
1274 16 8 l 33
1275 16 8 l 33
1272 16 8 h 33
1273 16 8 h 33
1274 16 8 h 33
1002 16 9 l 100
1004 16 9 h 100
1020 16 10 l 100
1020 16 10 h 100
1476 16 11 l 25
1477 16 11 l 25
1478 16 11 l 25
1481 16 11 l 25
1476 16 11 h 33
1477 16 11 h 33
1478 16 11 h 33
1446 16 12 l 50
1447 16 12 l 50
1446 16 12 h 50
1447 16 12 h 50
480 16 13 l 100
480 16 13 h 100
475 16 14 l 100
475 16 14 h 100
1599 16 15 l 100
1598 16 15 h 100
