tunnel_num s t prio weight
324 0 1 l 100
324 0 1 h 100
822 0 2 l 100
822 0 2 h 100
1344 0 3 l 100
1344 0 3 h 100
175 0 4 l 100
shutdown 0 4 h
684 0 5 l 100
684 0 5 h 100
1194 0 6 l 100
1194 0 6 h 100
42 0 7 l 100
42 0 7 h 100
703 0 8 l 100
703 0 8 h 100
1212 0 9 l 100
1212 0 9 h 100
60 0 10 l 18
62 0 10 l 81
63 0 10 l 0
shutdown 0 10 h
579 0 11 l 100
577 0 11 h 100
1070 0 12 l 100
shutdown 0 12 h
1564 0 13 l 100
shutdown 0 13 h
shutdown 0 14 l
930 0 15 l 100
930 0 15 h 100
shutdown 0 16 l
696 1 0 l 100
696 1 0 h 100
1365 1 2 l 100
1362 1 2 h 100
836 1 3 l 100
834 1 3 h 100
1063 1 4 l 100
1063 1 4 h 100
570 1 5 l 100
571 1 5 h 100
54 1 6 l 100
55 1 6 h 100
1206 1 7 l 100
1206 1 7 h 100
1580 1 8 l 100
1579 1 8 h 100
1087 1 9 l 100
1087 1 9 h 100
589 1 10 l 100
588 1 10 h 100
82 1 11 l 100
80 1 11 h 100
338 1 12 l 100
337 1 12 h 100
1465 1 13 l 100
1465 1 13 h 100
945 1 14 l 100
942 1 14 h 100
449 1 15 l 100
444 1 15 h 100
546 1 16 l 100
546 1 16 h 100
1572 2 0 l 100
1572 2 0 h 100
438 2 1 l 100
438 2 1 h 100
1080 2 3 l 100
1080 2 3 h 100
1230 2 4 l 100
shutdown 2 4 h
72 2 5 l 100
72 2 5 h 100
204 2 6 l 100
204 2 6 h 100
720 2 7 l 100
720 2 7 h 83
722 2 7 h 16
858 2 8 l 100
858 2 8 h 100
1380 2 9 l 100
1380 2 9 h 100
1488 2 10 l 100
1488 2 10 h 100
shutdown 2 11 l
463 2 12 l 100
shutdown 2 12 h
961 2 13 l 100
961 2 13 h 100
shutdown 2 14 l
1603 2 15 l 100
1603 2 15 h 100
1456 2 16 l 100
1453 2 16 h 100
852 3 0 l 100
852 3 0 h 100
354 3 1 l 100
355 3 1 h 100
198 3 2 l 100
198 3 2 h 100
1224 3 4 l 100
1224 3 4 h 100
714 3 5 l 100
714 3 5 h 100
582 3 6 l 100
582 3 6 h 100
68 3 7 l 100
66 3 7 h 100
1566 3 8 l 100
1566 3 8 h 100
1074 3 9 l 100
1074 3 9 h 100
936 3 10 l 100
936 3 10 h 100
432 3 11 l 100
432 3 11 h 100
shutdown 3 12 l
1459 3 13 l 100
1459 3 13 h 100
1356 3 14 l 100
1356 3 14 h 100
829 3 15 l 100
shutdown 3 15 h
979 3 16 l 100
979 3 16 h 100
97 4 0 l 100
97 4 0 h 100
600 4 1 l 100
600 4 1 h 100
1098 4 2 l 100
shutdown 4 2 h
1590 4 3 l 100
1590 4 3 h 100
228 4 5 l 100
228 4 5 h 100
744 4 6 l 100
744 4 6 h 100
shutdown 4 7 l
846 4 8 l 100
846 4 8 h 100
shutdown 4 9 l
192 4 10 l 100
192 4 10 h 100
shutdown 4 11 l
456 4 12 l 45
457 4 12 l 54
456 4 12 h 100
shutdown 4 13 l
1482 4 14 l 100
shutdown 4 14 h
349 4 15 l 100
349 4 15 h 100
254 4 16 l 100
253 4 16 h 100
972 5 0 l 100
972 5 0 h 100
486 5 1 l 100
486 5 1 h 100
1614 5 2 l 100
shutdown 5 2 h
1122 5 3 l 31
1124 5 3 l 68
1122 5 3 h 100
624 5 4 l 100
624 5 4 h 100
1278 5 6 l 100
1278 5 6 h 100
768 5 7 l 100
768 5 7 h 100
93 5 8 l 100
90 5 8 h 100
shutdown 5 9 l
742 5 10 l 100
739 5 10 h 100
225 5 11 l 100
223 5 11 h 100
1399 5 12 l 100
1399 5 12 h 100
876 5 13 l 100
877 5 13 h 100
366 5 14 l 100
366 5 14 h 100
1502 5 15 l 100
1502 5 15 h 100
1152 5 16 l 100
1152 5 16 h 100
246 6 0 l 100
246 6 0 h 100
763 6 1 l 100
762 6 1 h 100
888 6 2 l 100
888 6 2 h 100
1410 6 3 l 100
1410 6 3 h 100
618 6 4 l 100
618 6 4 h 100
1116 6 5 l 100
1116 6 5 h 100
120 6 7 l 100
120 6 7 h 100
1148 6 8 l 100
1147 6 8 h 100
7 6 9 l 100
7 6 9 h 100
144 6 10 l 100
144 6 10 h 100
653 6 11 l 100
649 6 11 h 100
1513 6 12 l 100
1513 6 12 h 100
379 6 13 l 100
380 6 13 h 100
504 6 14 l 100
504 6 14 h 100
996 6 15 l 100
996 6 15 h 100
400 6 16 l 100
396 6 16 h 100
1140 7 0 l 100
1140 7 0 h 100
642 7 1 l 100
642 7 1 h 100
500 7 2 l 100
500 7 2 h 100
2 7 3 l 100
2 7 3 h 100
786 7 4 l 100
786 7 4 h 100
270 7 5 l 100
270 7 5 h 100
138 7 6 l 100
138 7 6 h 100
390 7 8 l 100
390 7 8 h 100
1526 7 9 l 100
1526 7 9 h 100
1428 7 10 l 100
1429 7 10 h 100
904 7 11 l 100
900 7 11 h 100
27 7 12 l 100
shutdown 7 12 h
shutdown 7 13 l
shutdown 7 14 l
522 7 15 l 100
522 7 15 h 100
1320 7 16 l 100
1320 7 16 h 100
871 8 0 l 100
871 8 0 h 100
1395 8 1 l 100
1392 8 1 h 100
216 8 2 l 100
216 8 2 h 100
732 8 3 l 100
732 8 3 h 100
1242 8 4 l 100
1243 8 4 h 100
84 8 5 l 100
84 8 5 h 100
594 8 6 l 100
594 8 6 h 100
shutdown 8 7 l
450 8 9 l 100
shutdown 8 9 h
948 8 10 l 100
948 8 10 h 100
1470 8 11 l 100
1470 8 11 h 100
342 8 12 l 100
342 8 12 h 100
842 8 13 l 100
842 8 13 h 100
1370 8 14 l 100
1370 8 14 h 100
187 8 15 l 100
187 8 15 h 100
993 8 16 l 100
992 8 16 h 100
108 9 0 l 100
108 9 0 h 100
1267 9 1 l 100
shutdown 9 1 h
750 9 2 l 100
750 9 2 h 100
240 9 3 l 100
240 9 3 h 100
468 9 4 l 100
shutdown 9 4 h
1608 9 5 l 100
1608 9 5 h 100
shutdown 9 6 l
614 9 7 l 100
shutdown 9 7 h
shutdown 9 8 l
shutdown 9 10 l
969 9 11 l 100
shutdown 9 11 h
shutdown 9 12 l
shutdown 9 13 l
210 9 14 l 100
shutdown 9 14 h
1388 9 15 l 100
1388 9 15 h 100
265 9 16 l 100
shutdown 9 16 h
986 10 0 l 100
986 10 0 h 100
1506 10 1 l 100
1506 10 1 h 100
shutdown 10 2 l
492 10 3 l 34
497 10 3 l 65
shutdown 10 3 h
636 10 4 l 100
636 10 4 h 100
1138 10 5 l 100
1135 10 5 h 100
1290 10 6 l 100
1290 10 6 h 100
shutdown 10 7 l
102 10 8 l 100
102 10 8 h 100
shutdown 10 9 l
1260 10 11 l 100
1260 10 11 h 100
1404 10 12 l 100
1404 10 12 h 100
234 10 13 l 100
235 10 13 h 100
374 10 14 l 45
375 10 14 l 54
374 10 14 h 100
883 10 15 l 100
883 10 15 h 100
1170 10 16 l 100
1170 10 16 h 100
259 11 0 l 100
259 11 0 h 100
1420 11 1 l 100
1418 11 1 h 100
1284 11 2 l 100
1284 11 2 h 100
774 11 3 l 100
774 11 3 h 100
634 11 4 l 100
630 11 4 h 100
127 11 5 l 100
127 11 5 h 100
1620 11 6 l 100
1620 11 6 h 100
1131 11 7 l 100
1129 11 7 h 100
1164 11 8 l 100
1164 11 8 h 100
662 11 9 l 100
662 11 9 h 100
516 11 10 l 100
517 11 10 h 100
1518 11 12 l 100
1518 11 12 h 100
1015 11 13 l 100
1015 11 13 h 100
897 11 14 l 100
894 11 14 h 100
386 11 15 l 100
386 11 15 h 100
415 11 16 l 100
414 11 16 h 100
1160 12 0 l 24
1161 12 0 l 75
shutdown 12 0 h
15 12 1 l 100
13 12 1 h 100
511 12 2 l 100
511 12 2 h 100
shutdown 12 3 l
shutdown 12 4 l
1309 12 5 l 100
1308 12 5 h 100
152 12 6 l 100
152 12 6 h 100
shutdown 12 7 l
408 12 8 l 100
408 12 8 h 100
shutdown 12 9 l
1435 12 10 l 100
1434 12 10 h 100
282 12 11 l 100
282 12 11 h 100
540 12 13 l 100
540 12 13 h 100
1044 12 14 l 100
1044 12 14 h 100
1543 12 15 l 100
1543 12 15 h 100
1338 12 16 l 100
1338 12 16 h 100
shutdown 13 0 l
1536 13 1 l 100
1537 13 1 h 100
shutdown 13 2 l
shutdown 13 3 l
36 13 4 l 100
shutdown 13 4 h
1188 13 5 l 100
1189 13 5 h 100
shutdown 13 6 l
168 13 7 l 62
169 13 7 l 37
shutdown 13 7 h
1334 13 8 l 100
1334 13 8 h 100
shutdown 13 9 l
312 13 10 l 100
313 13 10 h 100
1441 13 11 l 100
1440 13 11 h 100
924 13 12 l 100
924 13 12 h 100
1554 13 14 l 100
1554 13 14 h 100
1058 13 15 l 100
1058 13 15 h 100
564 13 16 l 100
564 13 16 h 100
1326 14 0 l 100
1326 14 0 h 100
162 14 1 l 100
162 14 1 h 100
shutdown 14 2 l
810 14 3 l 100
shutdown 14 3 h
30 14 4 l 100
30 14 4 h 100
528 14 5 l 100
528 14 5 h 100
673 14 6 l 100
shutdown 14 6 h
shutdown 14 7 l
782 14 8 l 100
780 14 8 h 100
906 14 9 l 100
shutdown 14 9 h
1035 14 10 l 100
1032 14 10 h 100
1530 14 11 l 14
1533 14 11 l 85
1530 14 11 h 100
792 14 12 l 100
792 14 12 h 100
1302 14 13 l 100
1302 14 13 h 100
281 14 15 l 100
277 14 15 h 100
319 14 16 l 100
318 14 16 h 100
558 15 0 l 100
558 15 0 h 100
53 15 1 l 100
48 15 1 h 100
1549 15 2 l 100
1549 15 2 h 100
1052 15 3 l 100
1052 15 3 h 100
181 15 4 l 100
181 15 4 h 100
1351 15 5 l 100
1351 15 5 h 100
1200 15 6 l 100
1200 15 6 h 100
690 15 7 l 100
690 15 7 h 100
1219 15 8 l 100
1219 15 8 h 100
806 15 9 l 30
808 15 9 l 69
806 15 9 h 100
667 15 10 l 100
667 15 10 h 100
159 15 11 l 100
158 15 11 h 100
919 15 12 l 52
922 15 12 l 47
shutdown 15 12 h
422 15 13 l 100
422 15 13 h 100
302 15 14 l 100
302 15 14 h 100
756 15 16 l 100
756 15 16 h 100
1585 16 0 l 100
1585 16 0 h 100
291 16 1 l 100
288 16 1 h 100
1297 16 2 l 100
1297 16 2 h 100
118 16 3 l 100
115 16 3 h 100
554 16 4 l 100
554 16 4 h 100
297 16 5 l 100
294 16 5 h 100
22 16 6 l 100
18 16 6 h 100
shutdown 16 7 l
1274 16 8 l 100
1274 16 8 h 100
1003 16 9 l 100
1003 16 9 h 100
1020 16 10 l 100
1020 16 10 h 100
1476 16 11 l 100
1476 16 11 h 100
1446 16 12 l 100
1446 16 12 h 100
480 16 13 l 100
480 16 13 h 100
475 16 14 l 100
475 16 14 h 100
1596 16 15 l 100
1596 16 15 h 100
