tunnel_num s t prio weight
329 0 1 l 100
324 0 1 h 100
shutdown 0 2 l
shutdown 0 3 l
175 0 4 l 100
shutdown 0 4 h
689 0 5 l 100
shutdown 0 5 h
shutdown 0 6 l
42 0 7 l 100
42 0 7 h 100
703 0 8 l 100
703 0 8 h 100
shutdown 0 9 l
shutdown 0 10 l
shutdown 0 11 l
1070 0 12 l 100
shutdown 0 12 h
1562 0 13 l 100
shutdown 0 13 h
shutdown 0 14 l
930 0 15 l 100
931 0 15 h 100
shutdown 0 16 l
699 1 0 l 100
696 1 0 h 100
1362 1 2 l 100
1364 1 2 h 100
834 1 3 l 100
835 1 3 h 100
1062 1 4 l 50
1067 1 4 l 50
1063 1 4 h 100
570 1 5 l 33
571 1 5 l 33
572 1 5 l 33
570 1 5 h 50
571 1 5 h 50
56 1 6 l 100
56 1 6 h 33
54 1 6 h 33
55 1 6 h 33
1206 1 7 l 100
1206 1 7 h 100
1578 1 8 l 100
1579 1 8 h 100
1086 1 9 l 100
1086 1 9 h 100
588 1 10 l 100
588 1 10 h 100
81 1 11 l 50
83 1 11 l 50
79 1 11 h 100
337 1 12 l 100
336 1 12 h 100
1465 1 13 l 100
1465 1 13 h 100
945 1 14 l 100
943 1 14 h 100
448 1 15 l 25
449 1 15 l 25
444 1 15 l 25
445 1 15 l 25
444 1 15 h 33
445 1 15 h 33
446 1 15 h 33
546 1 16 l 100
546 1 16 h 33
547 1 16 h 33
548 1 16 h 33
1573 2 0 l 100
1574 2 0 h 100
438 2 1 l 33
439 2 1 l 33
440 2 1 l 33
439 2 1 h 100
1080 2 3 l 100
1080 2 3 h 100
1230 2 4 l 50
1231 2 4 l 50
1230 2 4 h 100
74 2 5 l 100
74 2 5 h 100
204 2 6 l 50
209 2 6 l 50
204 2 6 h 100
721 2 7 l 100
shutdown 2 7 h
862 2 8 l 100
859 2 8 h 100
1380 2 9 l 100
1380 2 9 h 100
1489 2 10 l 100
1489 2 10 h 100
365 2 11 l 100
362 2 11 h 100
462 2 12 l 91
467 2 12 l 8
shutdown 2 12 h
962 2 13 l 100
961 2 13 h 100
1104 2 14 l 100
1105 2 14 h 100
1602 2 15 l 20
1603 2 15 l 20
1604 2 15 l 20
1606 2 15 l 20
1607 2 15 l 20
1602 2 15 h 50
1603 2 15 h 50
1454 2 16 l 100
1454 2 16 h 100
855 3 0 l 100
854 3 0 h 100
355 3 1 l 100
354 3 1 h 100
198 3 2 l 100
198 3 2 h 100
1224 3 4 l 100
1226 3 4 h 100
715 3 5 l 100
715 3 5 h 100
583 3 6 l 100
582 3 6 h 100
66 3 7 l 100
67 3 7 h 100
1566 3 8 l 100
1566 3 8 h 100
1079 3 9 l 100
1075 3 9 h 100
937 3 10 l 100
936 3 10 h 100
432 3 11 l 100
432 3 11 h 100
330 3 12 l 100
330 3 12 h 100
1458 3 13 l 100
1459 3 13 h 100
1356 3 14 l 100
1357 3 14 h 100
831 3 15 l 100
829 3 15 h 100
978 3 16 l 100
979 3 16 h 100
shutdown 4 0 l
shutdown 4 1 l
shutdown 4 2 l
1590 4 3 l 100
shutdown 4 3 h
228 4 5 l 100
228 4 5 h 100
744 4 6 l 100
744 4 6 h 100
shutdown 4 7 l
846 4 8 l 100
846 4 8 h 100
1376 4 9 l 23
1374 4 9 l 76
1375 4 9 h 100
192 4 10 l 100
194 4 10 h 100
708 4 11 l 100
708 4 11 h 100
shutdown 4 12 l
954 4 13 l 100
955 4 13 h 100
1482 4 14 l 100
1482 4 14 h 100
350 4 15 l 100
349 4 15 h 50
350 4 15 h 50
shutdown 4 16 l
972 5 0 l 100
972 5 0 h 100
486 5 1 l 100
486 5 1 h 100
1615 5 2 l 100
1615 5 2 h 100
1127 5 3 l 100
1123 5 3 h 100
624 5 4 l 100
625 5 4 h 100
1281 5 6 l 100
1278 5 6 h 100
shutdown 5 7 l
91 5 8 l 26
93 5 8 l 73
91 5 8 h 100
1249 5 9 l 100
1249 5 9 h 100
739 5 10 l 100
739 5 10 h 100
225 5 11 l 100
224 5 11 h 100
shutdown 5 12 l
876 5 13 l 100
877 5 13 h 100
366 5 14 l 100
366 5 14 h 100
1500 5 15 l 25
1501 5 15 l 25
1502 5 15 l 25
1503 5 15 l 25
1500 5 15 h 50
1501 5 15 h 50
1152 5 16 l 100
1152 5 16 h 100
246 6 0 l 100
246 6 0 h 100
762 6 1 l 50
764 6 1 l 50
762 6 1 h 33
763 6 1 h 33
764 6 1 h 33
888 6 2 l 33
889 6 2 l 33
890 6 2 l 33
888 6 2 h 50
889 6 2 h 50
1415 6 3 l 100
1410 6 3 h 100
618 6 4 l 50
620 6 4 l 50
618 6 4 h 33
619 6 4 h 33
620 6 4 h 33
1116 6 5 l 33
1117 6 5 l 33
1118 6 5 l 33
1116 6 5 h 33
1117 6 5 h 33
1118 6 5 h 33
120 6 7 l 100
120 6 7 h 100
1151 6 8 l 100
1147 6 8 h 100
6 6 9 l 100
8 6 9 h 33
6 6 9 h 33
7 6 9 h 33
144 6 10 l 50
147 6 10 l 50
144 6 10 h 100
651 6 11 l 50
653 6 11 l 50
649 6 11 h 100
1513 6 12 l 100
1512 6 12 h 100
379 6 13 l 100
379 6 13 h 100
504 6 14 l 50
505 6 14 l 50
505 6 14 h 100
996 6 15 l 33
997 6 15 l 33
998 6 15 l 33
996 6 15 h 33
997 6 15 h 33
998 6 15 h 33
397 6 16 l 100
396 6 16 h 50
397 6 16 h 50
1140 7 0 l 100
1140 7 0 h 100
643 7 1 l 100
642 7 1 h 100
498 7 2 l 100
498 7 2 h 100
0 7 3 l 100
shutdown 7 3 h
786 7 4 l 100
787 7 4 h 100
270 7 5 l 100
271 7 5 h 100
138 7 6 l 100
138 7 6 h 100
390 7 8 l 100
391 7 8 h 100
shutdown 7 9 l
1429 7 10 l 100
1429 7 10 h 100
900 7 11 l 100
900 7 11 h 100
29 7 12 l 100
24 7 12 h 100
1177 7 13 l 100
1177 7 13 h 100
shutdown 7 14 l
523 7 15 l 100
523 7 15 h 100
1320 7 16 l 100
1321 7 16 h 100
871 8 0 l 100
872 8 0 h 100
1395 8 1 l 100
1393 8 1 h 100
220 8 2 l 100
217 8 2 h 100
732 8 3 l 100
shutdown 8 3 h
1242 8 4 l 100
1242 8 4 h 100
84 8 5 l 100
84 8 5 h 100
594 8 6 l 100
594 8 6 h 100
shutdown 8 7 l
453 8 9 l 100
shutdown 8 9 h
948 8 10 l 100
948 8 10 h 100
1470 8 11 l 100
1470 8 11 h 100
shutdown 8 12 l
shutdown 8 13 l
shutdown 8 14 l
187 8 15 l 100
186 8 15 h 100
995 8 16 l 100
991 8 16 h 100
113 9 0 l 100
110 9 0 h 100
1266 9 1 l 50
1267 9 1 l 50
1266 9 1 h 100
750 9 2 l 100
750 9 2 h 100
240 9 3 l 100
240 9 3 h 100
468 9 4 l 100
468 9 4 h 100
1608 9 5 l 41
1609 9 5 l 58
1608 9 5 h 33
1609 9 5 h 33
1610 9 5 h 33
1111 9 6 l 100
1112 9 6 h 33
1110 9 6 h 33
1111 9 6 h 33
shutdown 9 7 l
867 9 8 l 100
865 9 8 h 100
1496 9 10 l 100
1494 9 10 h 100
971 9 11 l 100
968 9 11 h 100
1239 9 12 l 100
1236 9 12 h 100
727 9 13 l 100
726 9 13 h 100
shutdown 9 14 l
1386 9 15 l 25
1387 9 15 l 25
1388 9 15 l 25
1391 9 15 l 25
1386 9 15 h 33
1387 9 15 h 33
1388 9 15 h 33
264 9 16 l 50
265 9 16 l 50
264 9 16 h 50
266 9 16 h 50
shutdown 10 0 l
1506 10 1 l 100
1506 10 1 h 100
1627 10 2 l 100
1626 10 2 h 100
493 10 3 l 100
493 10 3 h 100
636 10 4 l 100
638 10 4 h 100
1135 10 5 l 100
1135 10 5 h 100
1291 10 6 l 100
1291 10 6 h 100
shutdown 10 7 l
102 10 8 l 100
104 10 8 h 100
606 10 9 l 100
606 10 9 h 100
1260 10 11 l 100
1260 10 11 h 100
shutdown 10 12 l
236 10 13 l 100
235 10 13 h 100
374 10 14 l 100
374 10 14 h 100
883 10 15 l 50
885 10 15 l 50
883 10 15 h 100
1170 10 16 l 100
1170 10 16 h 100
261 11 0 l 100
259 11 0 h 100
1419 11 1 l 100
1416 11 1 h 100
1289 11 2 l 100
1286 11 2 h 100
774 11 3 l 100
774 11 3 h 100
630 11 4 l 100
630 11 4 h 100
129 11 5 l 1
131 11 5 l 1
126 11 5 l 97
126 11 5 h 100
1620 11 6 l 98
1625 11 6 l 1
1621 11 6 h 100
1128 11 7 l 100
1128 11 7 h 100
1168 11 8 l 100
1164 11 8 h 100
661 11 9 l 100
661 11 9 h 100
516 11 10 l 100
516 11 10 h 100
1519 11 12 l 100
1519 11 12 h 100
1015 11 13 l 100
1015 11 13 h 100
899 11 14 l 100
896 11 14 h 100
387 11 15 l 100
385 11 15 h 100
415 11 16 l 100
415 11 16 h 100
1162 12 0 l 100
shutdown 12 0 h
13 12 1 l 100
13 12 1 h 100
shutdown 12 2 l
1008 12 3 l 100
shutdown 12 3 h
shutdown 12 4 l
1309 12 5 l 100
1309 12 5 h 100
shutdown 12 6 l
shutdown 12 7 l
shutdown 12 8 l
shutdown 12 9 l
1435 12 10 l 100
1435 12 10 h 100
283 12 11 l 100
283 12 11 h 100
540 12 13 l 100
540 12 13 h 100
shutdown 12 14 l
1545 12 15 l 100
1542 12 15 h 100
1338 12 16 l 100
1338 12 16 h 100
407 13 0 l 100
404 13 0 h 100
1537 13 1 l 50
1541 13 1 l 50
1537 13 1 h 100
1038 13 2 l 100
1038 13 2 h 100
534 13 3 l 100
534 13 3 h 100
37 13 4 l 33
40 13 4 l 33
41 13 4 l 33
37 13 4 h 100
1192 13 5 l 100
1189 13 5 h 100
683 13 6 l 100
679 13 6 h 100
172 13 7 l 100
shutdown 13 7 h
1335 13 8 l 100
1333 13 8 h 100
816 13 9 l 100
816 13 9 h 100
313 13 10 l 100
313 13 10 h 100
1441 13 11 l 50
1444 13 11 l 50
1441 13 11 h 100
924 13 12 l 100
924 13 12 h 100
1554 13 14 l 100
1554 13 14 h 100
1056 13 15 l 33
1058 13 15 l 33
1059 13 15 l 33
1056 13 15 h 50
1058 13 15 h 50
564 13 16 l 50
568 13 16 l 50
564 13 16 h 100
1328 14 0 l 100
1328 14 0 h 100
165 14 1 l 100
164 14 1 h 100
310 14 2 l 100
308 14 2 h 100
815 14 3 l 100
811 14 3 h 100
32 14 4 l 100
32 14 4 h 100
530 14 5 l 50
531 14 5 l 50
530 14 5 h 100
674 14 6 l 100
674 14 6 h 100
shutdown 14 7 l
784 14 8 l 100
781 14 8 h 100
908 14 9 l 100
908 14 9 h 100
1036 14 10 l 100
1034 14 10 h 100
1534 14 11 l 100
1532 14 11 h 100
792 14 12 l 100
792 14 12 h 100
1302 14 13 l 100
1302 14 13 h 100
276 14 15 l 100
276 14 15 h 33
277 14 15 h 33
278 14 15 h 33
321 14 16 l 100
319 14 16 h 100
558 15 0 l 100
558 15 0 h 100
53 15 1 l 100
48 15 1 h 100
1549 15 2 l 100
1549 15 2 h 50
1550 15 2 h 50
1051 15 3 l 100
1051 15 3 h 100
181 15 4 l 100
181 15 4 h 100
1352 15 5 l 100
1352 15 5 h 50
1351 15 5 h 50
1200 15 6 l 100
1200 15 6 h 100
690 15 7 l 100
690 15 7 h 100
1219 15 8 l 100
1219 15 8 h 100
805 15 9 l 100
806 15 9 h 100
667 15 10 l 100
667 15 10 h 0
668 15 10 h 99
159 15 11 l 100
158 15 11 h 100
919 15 12 l 100
919 15 12 h 100
422 15 13 l 100
422 15 13 h 100
302 15 14 l 100
301 15 14 h 100
756 15 16 l 100
756 15 16 h 100
1585 16 0 l 100
1585 16 0 h 100
288 16 1 l 33
289 16 1 l 33
292 16 1 l 33
288 16 1 h 33
289 16 1 h 33
290 16 1 h 33
1297 16 2 l 100
1296 16 2 h 50
1297 16 2 h 50
114 16 3 l 100
114 16 3 h 100
553 16 4 l 15
554 16 4 l 84
553 16 4 h 100
294 16 5 l 50
295 16 5 l 50
296 16 5 h 50
294 16 5 h 50
18 16 6 l 33
19 16 6 l 33
21 16 6 l 33
18 16 6 h 50
20 16 6 h 50
1422 16 7 l 100
1422 16 7 h 100
1272 16 8 l 100
1272 16 8 h 100
1002 16 9 l 100
1002 16 9 h 33
1003 16 9 h 33
1004 16 9 h 33
1020 16 10 l 100
1020 16 10 h 100
1477 16 11 l 100
1477 16 11 h 100
1448 16 12 l 100
1446 16 12 h 100
480 16 13 l 100
480 16 13 h 100
474 16 14 l 100
475 16 14 h 100
1601 16 15 l 20
1596 16 15 l 20
1597 16 15 l 20
1598 16 15 l 20
1599 16 15 l 20
1596 16 15 h 50
1597 16 15 h 50
