tunnel_num s t prio weight
324 0 1 l 46
326 0 1 l 7
328 0 1 l 46
325 0 1 h 100
822 0 2 l 100
822 0 2 h 100
shutdown 0 3 l
174 0 4 l 100
174 0 4 h 100
684 0 5 l 50
686 0 5 l 50
684 0 5 h 100
1194 0 6 l 100
1194 0 6 h 100
shutdown 0 7 l
707 0 8 l 100
702 0 8 h 100
shutdown 0 9 l
61 0 10 l 100
61 0 10 h 100
shutdown 0 11 l
1069 0 12 l 100
shutdown 0 12 h
1560 0 13 l 100
shutdown 0 13 h
shutdown 0 14 l
933 0 15 l 100
930 0 15 h 100
1315 0 16 l 100
1316 0 16 h 100
696 1 0 l 33
700 1 0 l 33
701 1 0 l 33
696 1 0 h 100
1365 1 2 l 100
1364 1 2 h 100
837 1 3 l 100
836 1 3 h 100
1062 1 4 l 33
1063 1 4 l 33
1064 1 4 l 33
1064 1 4 h 50
1063 1 4 h 50
570 1 5 l 25
572 1 5 l 25
574 1 5 l 25
575 1 5 l 25
570 1 5 h 33
571 1 5 h 33
572 1 5 h 33
54 1 6 l 33
56 1 6 l 33
58 1 6 l 33
56 1 6 h 33
54 1 6 h 33
55 1 6 h 33
1207 1 7 l 100
1206 1 7 h 50
1207 1 7 h 50
1583 1 8 l 100
1578 1 8 h 100
1086 1 9 l 100
1086 1 9 h 100
592 1 10 l 100
588 1 10 h 100
78 1 11 l 100
79 1 11 h 100
338 1 12 l 100
shutdown 1 12 h
1465 1 13 l 50
1468 1 13 l 50
1465 1 13 h 100
945 1 14 l 100
942 1 14 h 100
447 1 15 l 100
444 1 15 h 100
546 1 16 l 100
546 1 16 h 100
1572 2 0 l 50
1576 2 0 l 50
1572 2 0 h 50
1574 2 0 h 50
440 2 1 l 100
440 2 1 h 100
1080 2 3 l 100
1080 2 3 h 33
1081 2 3 h 33
1082 2 3 h 33
1230 2 4 l 25
1231 2 4 l 25
1232 2 4 l 25
1233 2 4 l 25
1230 2 4 h 50
1231 2 4 h 50
74 2 5 l 50
76 2 5 l 50
72 2 5 h 50
73 2 5 h 50
207 2 6 l 100
204 2 6 h 50
205 2 6 h 50
720 2 7 l 50
724 2 7 l 50
720 2 7 h 100
858 2 8 l 100
859 2 8 h 100
1380 2 9 l 100
1380 2 9 h 50
1381 2 9 h 50
1489 2 10 l 100
1489 2 10 h 100
shutdown 2 11 l
463 2 12 l 100
shutdown 2 12 h
960 2 13 l 100
960 2 13 h 100
1106 2 14 l 100
1106 2 14 h 100
1605 2 15 l 100
1604 2 15 h 100
1452 2 16 l 100
1452 2 16 h 50
1453 2 16 h 50
852 3 0 l 33
853 3 0 l 33
856 3 0 l 33
852 3 0 h 50
853 3 0 h 50
354 3 1 l 33
355 3 1 l 33
357 3 1 l 33
355 3 1 h 50
356 3 1 h 50
198 3 2 l 50
202 3 2 l 50
198 3 2 h 100
1224 3 4 l 33
1225 3 4 l 33
1226 3 4 l 33
1224 3 4 h 33
1225 3 4 h 33
1226 3 4 h 33
715 3 5 l 25
716 3 5 l 25
717 3 5 l 25
719 3 5 l 25
715 3 5 h 50
716 3 5 h 50
582 3 6 l 33
583 3 6 l 33
584 3 6 l 33
584 3 6 h 50
582 3 6 h 50
68 3 7 l 100
66 3 7 h 33
67 3 7 h 33
68 3 7 h 33
1567 3 8 l 100
1567 3 8 h 100
1074 3 9 l 50
1079 3 9 l 50
1074 3 9 h 33
1075 3 9 h 33
1076 3 9 h 33
937 3 10 l 100
938 3 10 h 100
432 3 11 l 100
434 3 11 h 100
shutdown 3 12 l
1458 3 13 l 50
1462 3 13 l 50
1458 3 13 h 100
1359 3 14 l 50
1360 3 14 l 50
1356 3 14 h 100
833 3 15 l 100
828 3 15 h 100
978 3 16 l 50
980 3 16 l 50
978 3 16 h 33
979 3 16 h 33
980 3 16 h 33
97 4 0 l 100
97 4 0 h 50
98 4 0 h 50
600 4 1 l 100
600 4 1 h 50
601 4 1 h 50
shutdown 4 2 l
1591 4 3 l 100
1591 4 3 h 100
229 4 5 l 100
228 4 5 h 100
746 4 6 l 100
744 4 6 h 100
shutdown 4 7 l
846 4 8 l 100
846 4 8 h 100
shutdown 4 9 l
shutdown 4 10 l
shutdown 4 11 l
shutdown 4 12 l
955 4 13 l 56
958 4 13 l 43
955 4 13 h 100
shutdown 4 14 l
350 4 15 l 100
349 4 15 h 100
252 4 16 l 100
253 4 16 h 100
972 5 0 l 100
972 5 0 h 100
486 5 1 l 100
486 5 1 h 50
487 5 1 h 50
1619 5 2 l 100
1616 5 2 h 100
shutdown 5 3 l
624 5 4 l 50
625 5 4 l 50
624 5 4 h 33
625 5 4 h 33
626 5 4 h 33
1280 5 6 l 100
1278 5 6 h 100
shutdown 5 7 l
90 5 8 l 100
91 5 8 h 100
1249 5 9 l 100
1248 5 9 h 100
741 5 10 l 100
739 5 10 h 100
shutdown 5 11 l
shutdown 5 12 l
877 5 13 l 50
881 5 13 l 50
877 5 13 h 100
371 5 14 l 100
366 5 14 h 100
1502 5 15 l 100
1501 5 15 h 100
1152 5 16 l 100
1152 5 16 h 50
1154 5 16 h 50
246 6 0 l 50
250 6 0 l 50
246 6 0 h 100
762 6 1 l 50
766 6 1 l 50
762 6 1 h 100
890 6 2 l 50
891 6 2 l 50
890 6 2 h 100
1410 6 3 l 100
1412 6 3 h 100
618 6 4 l 25
619 6 4 l 25
620 6 4 l 25
621 6 4 l 25
618 6 4 h 33
619 6 4 h 33
620 6 4 h 33
1121 6 5 l 25
1116 6 5 l 25
1117 6 5 l 25
1118 6 5 l 25
1116 6 5 h 33
1117 6 5 h 33
1118 6 5 h 33
120 6 7 l 25
121 6 7 l 25
122 6 7 l 25
124 6 7 l 25
120 6 7 h 33
121 6 7 h 33
122 6 7 h 33
1149 6 8 l 100
1147 6 8 h 100
6 6 9 l 50
10 6 9 l 50
6 6 9 h 100
144 6 10 l 100
144 6 10 h 100
649 6 11 l 100
649 6 11 h 100
1514 6 12 l 100
1514 6 12 h 100
379 6 13 l 50
381 6 13 l 50
378 6 13 h 33
379 6 13 h 33
380 6 13 h 33
509 6 14 l 100
504 6 14 h 100
996 6 15 l 51
998 6 15 l 41
1001 6 15 l 6
996 6 15 h 100
396 6 16 l 100
396 6 16 h 100
1140 7 0 l 100
1140 7 0 h 100
646 7 1 l 100
642 7 1 h 100
500 7 2 l 100
500 7 2 h 100
2 7 3 l 100
2 7 3 h 100
788 7 4 l 100
788 7 4 h 100
270 7 5 l 100
272 7 5 h 100
139 7 6 l 33
140 7 6 l 33
142 7 6 l 33
138 7 6 h 100
390 7 8 l 100
391 7 8 h 100
1526 7 9 l 100
1526 7 9 h 100
1428 7 10 l 100
1428 7 10 h 100
905 7 11 l 100
900 7 11 h 100
25 7 12 l 100
shutdown 7 12 h
1178 7 13 l 100
1178 7 13 h 100
1029 7 14 l 50
1031 7 14 l 50
1026 7 14 h 100
526 7 15 l 100
522 7 15 h 100
1322 7 16 l 100
1322 7 16 h 100
871 8 0 l 100
871 8 0 h 100
shutdown 8 1 l
shutdown 8 2 l
733 8 3 l 100
shutdown 8 3 h
1242 8 4 l 100
1242 8 4 h 100
85 8 5 l 100
84 8 5 h 100
595 8 6 l 100
595 8 6 h 100
shutdown 8 7 l
451 8 9 l 100
451 8 9 h 100
949 8 10 l 100
950 8 10 h 100
1470 8 11 l 100
1470 8 11 h 100
342 8 12 l 100
342 8 12 h 100
841 8 13 l 100
841 8 13 h 100
shutdown 8 14 l
190 8 15 l 100
187 8 15 h 100
990 8 16 l 100
991 8 16 h 100
108 9 0 l 33
109 9 0 l 33
110 9 0 l 33
109 9 0 h 50
110 9 0 h 50
1266 9 1 l 33
1268 9 1 l 33
1270 9 1 l 33
1266 9 1 h 100
750 9 2 l 100
750 9 2 h 100
shutdown 9 3 l
468 9 4 l 50
470 9 4 l 50
468 9 4 h 50
469 9 4 h 50
1611 9 5 l 100
1609 9 5 h 100
1111 9 6 l 100
1110 9 6 h 50
1111 9 6 h 50
613 9 7 l 100
shutdown 9 7 h
864 9 8 l 100
864 9 8 h 100
1494 9 10 l 100
1494 9 10 h 100
970 9 11 l 100
shutdown 9 11 h
shutdown 9 12 l
726 9 13 l 100
726 9 13 h 100
212 9 14 l 100
212 9 14 h 100
1390 9 15 l 100
1388 9 15 h 100
264 9 16 l 50
265 9 16 l 50
264 9 16 h 50
265 9 16 h 50
985 10 0 l 100
985 10 0 h 100
1506 10 1 l 100
1506 10 1 h 100
1627 10 2 l 100
1627 10 2 h 100
494 10 3 l 100
493 10 3 h 100
shutdown 10 4 l
1135 10 5 l 100
1135 10 5 h 100
1290 10 6 l 100
1290 10 6 h 100
shutdown 10 7 l
106 10 8 l 100
103 10 8 h 100
606 10 9 l 100
606 10 9 h 100
shutdown 10 11 l
shutdown 10 12 l
235 10 13 l 100
235 10 13 h 100
shutdown 10 14 l
885 10 15 l 100
883 10 15 h 100
1170 10 16 l 100
1170 10 16 h 100
259 11 0 l 100
259 11 0 h 100
1416 11 1 l 100
1417 11 1 h 100
1287 11 2 l 100
1284 11 2 h 100
776 11 3 l 100
776 11 3 h 100
630 11 4 l 100
630 11 4 h 100
128 11 5 l 100
128 11 5 h 100
1621 11 6 l 100
1620 11 6 h 100
1128 11 7 l 7
1130 11 7 l 92
1130 11 7 h 100
1164 11 8 l 100
1164 11 8 h 100
664 11 9 l 100
662 11 9 h 100
519 11 10 l 100
518 11 10 h 100
1518 11 12 l 100
1518 11 12 h 100
1017 11 13 l 100
1016 11 13 h 100
896 11 14 l 100
896 11 14 h 100
386 11 15 l 100
386 11 15 h 100
419 11 16 l 100
416 11 16 h 100
1161 12 0 l 100
shutdown 12 0 h
14 12 1 l 100
shutdown 12 1 h
shutdown 12 2 l
shutdown 12 3 l
shutdown 12 4 l
shutdown 12 5 l
shutdown 12 6 l
shutdown 12 7 l
408 12 8 l 100
408 12 8 h 100
shutdown 12 9 l
1437 12 10 l 100
shutdown 12 10 h
282 12 11 l 100
282 12 11 h 100
shutdown 12 13 l
shutdown 12 14 l
1547 12 15 l 100
1544 12 15 h 100
shutdown 12 16 l
404 13 0 l 100
402 13 0 h 50
404 13 0 h 50
1536 13 1 l 25
1537 13 1 l 25
1538 13 1 l 25
1540 13 1 l 25
1537 13 1 h 100
1038 13 2 l 100
1038 13 2 h 100
536 13 3 l 100
536 13 3 h 100
36 13 4 l 25
37 13 4 l 25
38 13 4 l 25
40 13 4 l 25
36 13 4 h 100
1189 13 5 l 100
1189 13 5 h 100
679 13 6 l 100
678 13 6 h 100
168 13 7 l 100
168 13 7 h 100
1332 13 8 l 100
1333 13 8 h 100
816 13 9 l 100
816 13 9 h 50
818 13 9 h 50
317 13 10 l 100
313 13 10 h 100
1445 13 11 l 100
shutdown 13 11 h
shutdown 13 12 l
1554 13 14 l 100
1554 13 14 h 100
1058 13 15 l 100
1058 13 15 h 100
564 13 16 l 50
565 13 16 l 50
564 13 16 h 50
565 13 16 h 50
1326 14 0 l 50
1330 14 0 l 50
1326 14 0 h 100
162 14 1 l 50
163 14 1 l 50
162 14 1 h 100
311 14 2 l 100
308 14 2 h 100
814 14 3 l 100
810 14 3 h 98
811 14 3 h 1
30 14 4 l 100
31 14 4 h 100
528 14 5 l 100
528 14 5 h 100
672 14 6 l 41
673 14 6 l 17
677 14 6 l 41
672 14 6 h 100
1182 14 7 l 100
1183 14 7 h 100
781 14 8 l 100
781 14 8 h 100
908 14 9 l 100
908 14 9 h 100
1035 14 10 l 100
1034 14 10 h 100
1531 14 11 l 100
shutdown 14 11 h
shutdown 14 12 l
1302 14 13 l 50
1303 14 13 l 50
1302 14 13 h 100
281 14 15 l 100
277 14 15 h 100
318 14 16 l 100
318 14 16 h 50
319 14 16 h 50
558 15 0 l 100
558 15 0 h 50
559 15 0 h 50
48 15 1 l 16
49 15 1 l 16
50 15 1 l 16
51 15 1 l 16
52 15 1 l 16
53 15 1 l 16
48 15 1 h 50
49 15 1 h 50
1552 15 2 l 100
1550 15 2 h 100
1052 15 3 l 100
1052 15 3 h 100
180 15 4 l 100
180 15 4 h 33
181 15 4 h 33
182 15 4 h 33
1351 15 5 l 50
1353 15 5 l 50
1350 15 5 h 50
1351 15 5 h 50
1200 15 6 l 50
1201 15 6 l 50
1200 15 6 h 100
690 15 7 l 100
690 15 7 h 100
1218 15 8 l 100
1218 15 8 h 100
808 15 9 l 100
805 15 9 h 100
667 15 10 l 100
667 15 10 h 100
157 15 11 l 100
158 15 11 h 100
shutdown 15 12 l
420 15 13 l 100
420 15 13 h 50
422 15 13 h 50
300 15 14 l 50
305 15 14 l 49
300 15 14 h 100
757 15 16 l 100
756 15 16 h 33
757 15 16 h 33
758 15 16 h 33
1584 16 0 l 50
1585 16 0 l 50
1584 16 0 h 50
1585 16 0 h 50
288 16 1 l 25
289 16 1 l 25
290 16 1 l 25
291 16 1 l 25
288 16 1 h 50
289 16 1 h 50
1296 16 2 l 100
1296 16 2 h 100
114 16 3 l 33
116 16 3 l 33
119 16 3 l 33
114 16 3 h 50
116 16 3 h 50
553 16 4 l 33
554 16 4 l 33
556 16 4 l 33
552 16 4 h 33
553 16 4 h 33
554 16 4 h 33
294 16 5 l 100
294 16 5 h 50
295 16 5 h 50
18 16 6 l 25
19 16 6 l 25
20 16 6 l 25
23 16 6 l 25
18 16 6 h 50
19 16 6 h 50
1422 16 7 l 25
1423 16 7 l 25
1424 16 7 l 25
1426 16 7 l 25
1422 16 7 h 50
1423 16 7 h 50
1272 16 8 l 100
1272 16 8 h 100
1002 16 9 l 50
1005 16 9 l 50
1002 16 9 h 100
1020 16 10 l 100
1020 16 10 h 100
1478 16 11 l 100
1478 16 11 h 100
1449 16 12 l 100
shutdown 16 12 h
480 16 13 l 100
480 16 13 h 100
475 16 14 l 100
475 16 14 h 100
1600 16 15 l 100
1596 16 15 h 100
