tunnel_num s t prio weight
329 0 1 l 100
324 0 1 h 100
822 0 2 l 100
822 0 2 h 100
1344 0 3 l 100
1344 0 3 h 100
175 0 4 l 100
175 0 4 h 100
684 0 5 l 100
685 0 5 h 100
1194 0 6 l 100
1194 0 6 h 100
shutdown 0 7 l
703 0 8 l 100
702 0 8 h 100
shutdown 0 9 l
64 0 10 l 18
61 0 10 l 81
61 0 10 h 100
581 0 11 l 100
577 0 11 h 100
1073 0 12 l 100
shutdown 0 12 h
1560 0 13 l 100
shutdown 0 13 h
shutdown 0 14 l
930 0 15 l 100
930 0 15 h 100
1315 0 16 l 100
1314 0 16 h 100
696 1 0 l 100
696 1 0 h 100
1363 1 2 l 100
1363 1 2 h 100
836 1 3 l 100
836 1 3 h 100
1063 1 4 l 100
1063 1 4 h 100
570 1 5 l 100
570 1 5 h 100
55 1 6 l 100
55 1 6 h 100
1207 1 7 l 100
1207 1 7 h 100
1581 1 8 l 100
1579 1 8 h 100
1086 1 9 l 100
1086 1 9 h 100
588 1 10 l 100
588 1 10 h 100
81 1 11 l 100
79 1 11 h 100
339 1 12 l 100
337 1 12 h 100
1465 1 13 l 100
1465 1 13 h 100
942 1 14 l 100
942 1 14 h 100
444 1 15 l 100
444 1 15 h 100
546 1 16 l 100
546 1 16 h 100
1573 2 0 l 100
1573 2 0 h 100
440 2 1 l 100
440 2 1 h 100
1081 2 3 l 100
1081 2 3 h 100
1232 2 4 l 100
1230 2 4 h 100
74 2 5 l 100
74 2 5 h 100
204 2 6 l 100
204 2 6 h 100
720 2 7 l 100
720 2 7 h 100
858 2 8 l 100
858 2 8 h 100
1380 2 9 l 100
1380 2 9 h 100
1488 2 10 l 50
1489 2 10 l 50
1488 2 10 h 50
1489 2 10 h 50
362 2 11 l 100
360 2 11 h 50
362 2 11 h 50
463 2 12 l 50
465 2 12 l 50
463 2 12 h 100
964 2 13 l 100
960 2 13 h 100
shutdown 2 14 l
1603 2 15 l 100
1603 2 15 h 100
1456 2 16 l 100
1452 2 16 h 100
852 3 0 l 100
852 3 0 h 100
357 3 1 l 100
355 3 1 h 100
198 3 2 l 100
198 3 2 h 100
1224 3 4 l 100
1224 3 4 h 100
719 3 5 l 100
714 3 5 h 100
584 3 6 l 100
582 3 6 h 100
68 3 7 l 100
68 3 7 h 100
1566 3 8 l 50
1567 3 8 l 50
1566 3 8 h 100
1074 3 9 l 100
1074 3 9 h 100
936 3 10 l 50
937 3 10 l 50
936 3 10 h 50
937 3 10 h 50
432 3 11 l 100
432 3 11 h 100
331 3 12 l 50
333 3 12 l 50
331 3 12 h 100
1461 3 13 l 100
1458 3 13 h 100
1356 3 14 l 100
1356 3 14 h 100
833 3 15 l 100
829 3 15 h 100
978 3 16 l 100
978 3 16 h 100
97 4 0 l 100
98 4 0 h 100
601 4 1 l 100
601 4 1 h 100
shutdown 4 2 l
shutdown 4 3 l
228 4 5 l 100
228 4 5 h 100
744 4 6 l 100
744 4 6 h 100
shutdown 4 7 l
846 4 8 l 100
846 4 8 h 100
shutdown 4 9 l
192 4 10 l 100
192 4 10 h 50
193 4 10 h 50
shutdown 4 11 l
456 4 12 l 100
456 4 12 h 100
shutdown 4 13 l
shutdown 4 14 l
349 4 15 l 100
349 4 15 h 100
257 4 16 l 100
252 4 16 h 50
254 4 16 h 50
977 5 0 l 100
972 5 0 h 100
486 5 1 l 100
486 5 1 h 100
1614 5 2 l 100
1614 5 2 h 100
1124 5 3 l 100
1124 5 3 h 100
624 5 4 l 100
624 5 4 h 100
1279 5 6 l 100
1279 5 6 h 100
769 5 7 l 100
769 5 7 h 100
90 5 8 l 100
90 5 8 h 100
1248 5 9 l 100
1249 5 9 h 100
739 5 10 l 100
739 5 10 h 100
225 5 11 l 100
222 5 11 h 100
1400 5 12 l 100
1400 5 12 h 100
879 5 13 l 100
877 5 13 h 100
366 5 14 l 100
366 5 14 h 100
1502 5 15 l 100
1502 5 15 h 100
1152 5 16 l 100
1152 5 16 h 100
246 6 0 l 100
246 6 0 h 100
762 6 1 l 100
762 6 1 h 100
890 6 2 l 100
888 6 2 h 100
1410 6 3 l 57
1412 6 3 l 15
1414 6 3 l 27
1412 6 3 h 100
619 6 4 l 100
620 6 4 h 100
1116 6 5 l 100
1116 6 5 h 100
120 6 7 l 100
120 6 7 h 100
1146 6 8 l 100
1146 6 8 h 100
6 6 9 l 100
6 6 9 h 100
145 6 10 l 100
145 6 10 h 100
648 6 11 l 50
653 6 11 l 50
648 6 11 h 100
1514 6 12 l 100
1514 6 12 h 100
382 6 13 l 100
379 6 13 h 100
504 6 14 l 100
504 6 14 h 100
996 6 15 l 100
996 6 15 h 100
396 6 16 l 50
400 6 16 l 50
396 6 16 h 100
1140 7 0 l 100
1140 7 0 h 100
642 7 1 l 100
642 7 1 h 100
500 7 2 l 100
500 7 2 h 100
2 7 3 l 100
2 7 3 h 100
786 7 4 l 100
786 7 4 h 100
270 7 5 l 100
270 7 5 h 100
138 7 6 l 100
138 7 6 h 100
394 7 8 l 100
390 7 8 h 100
1526 7 9 l 100
1524 7 9 h 100
1428 7 10 l 33
1430 7 10 l 66
1428 7 10 h 100
902 7 11 l 100
902 7 11 h 100
27 7 12 l 100
shutdown 7 12 h
1179 7 13 l 100
1177 7 13 h 100
shutdown 7 14 l
522 7 15 l 100
522 7 15 h 100
1320 7 16 l 100
1320 7 16 h 100
871 8 0 l 100
871 8 0 h 100
1393 8 1 l 100
1393 8 1 h 100
216 8 2 l 100
216 8 2 h 100
733 8 3 l 100
733 8 3 h 100
1242 8 4 l 100
1242 8 4 h 100
87 8 5 l 100
84 8 5 h 100
594 8 6 l 100
594 8 6 h 100
shutdown 8 7 l
450 8 9 l 100
450 8 9 h 100
948 8 10 l 79
949 8 10 l 20
948 8 10 h 100
1474 8 11 l 49
1470 8 11 l 50
1470 8 11 h 100
342 8 12 l 100
342 8 12 h 100
842 8 13 l 100
842 8 13 h 100
1368 8 14 l 100
1368 8 14 h 100
191 8 15 l 100
187 8 15 h 100
992 8 16 l 98
993 8 16 l 1
990 8 16 h 100
109 9 0 l 100
110 9 0 h 100
1266 9 1 l 100
1266 9 1 h 100
shutdown 9 2 l
244 9 3 l 100
242 9 3 h 100
470 9 4 l 100
470 9 4 h 100
1609 9 5 l 100
1609 9 5 h 100
shutdown 9 6 l
613 9 7 l 100
613 9 7 h 100
869 9 8 l 100
864 9 8 h 100
1494 9 10 l 100
1494 9 10 h 100
967 9 11 l 100
967 9 11 h 100
1237 9 12 l 100
1237 9 12 h 100
shutdown 9 13 l
shutdown 9 14 l
1388 9 15 l 100
1387 9 15 h 100
264 9 16 l 100
264 9 16 h 100
986 10 0 l 100
986 10 0 h 100
1506 10 1 l 100
1506 10 1 h 100
shutdown 10 2 l
494 10 3 l 100
494 10 3 h 100
640 10 4 l 100
636 10 4 h 100
1135 10 5 l 100
1135 10 5 h 100
1290 10 6 l 100
1290 10 6 h 100
shutdown 10 7 l
106 10 8 l 100
102 10 8 h 100
610 10 9 l 96
606 10 9 l 3
606 10 9 h 100
1260 10 11 l 100
1260 10 11 h 100
1404 10 12 l 100
1404 10 12 h 100
234 10 13 l 100
234 10 13 h 100
shutdown 10 14 l
887 10 15 l 100
883 10 15 h 100
1170 10 16 l 100
1170 10 16 h 100
261 11 0 l 100
259 11 0 h 100
1419 11 1 l 100
1417 11 1 h 100
1286 11 2 l 100
1286 11 2 h 100
778 11 3 l 100
776 11 3 h 100
634 11 4 l 100
630 11 4 h 100
129 11 5 l 100
126 11 5 h 100
1625 11 6 l 100
1620 11 6 h 100
1131 11 7 l 100
1128 11 7 h 100
1164 11 8 l 100
1164 11 8 h 100
661 11 9 l 100
661 11 9 h 100
516 11 10 l 100
516 11 10 h 100
1518 11 12 l 100
1518 11 12 h 100
1014 11 13 l 100
1014 11 13 h 100
899 11 14 l 100
895 11 14 h 100
387 11 15 l 100
386 11 15 h 100
415 11 16 l 100
415 11 16 h 100
1161 12 0 l 100
1158 12 0 h 100
13 12 1 l 100
13 12 1 h 100
510 12 2 l 100
shutdown 12 2 h
shutdown 12 3 l
803 12 4 l 100
798 12 4 h 100
1309 12 5 l 100
1309 12 5 h 100
shutdown 12 6 l
shutdown 12 7 l
413 12 8 l 100
410 12 8 h 100
912 12 9 l 100
shutdown 12 9 h
1435 12 10 l 100
1434 12 10 h 97
1435 12 10 h 2
283 12 11 l 100
283 12 11 h 100
540 12 13 l 100
540 12 13 h 100
shutdown 12 14 l
1547 12 15 l 100
shutdown 12 15 h
1338 12 16 l 100
1338 12 16 h 100
404 13 0 l 100
404 13 0 h 100
1539 13 1 l 100
1537 13 1 h 100
shutdown 13 2 l
538 13 3 l 100
shutdown 13 3 h
37 13 4 l 100
shutdown 13 4 h
1189 13 5 l 100
1189 13 5 h 100
679 13 6 l 100
shutdown 13 6 h
shutdown 13 7 l
1337 13 8 l 100
1334 13 8 h 100
816 13 9 l 100
816 13 9 h 100
313 13 10 l 100
313 13 10 h 100
1441 13 11 l 100
1441 13 11 h 100
924 13 12 l 94
925 13 12 l 5
924 13 12 h 100
shutdown 13 14 l
1058 13 15 l 100
1058 13 15 h 100
564 13 16 l 100
564 13 16 h 100
1330 14 0 l 100
1326 14 0 h 100
162 14 1 l 100
162 14 1 h 100
306 14 2 l 100
306 14 2 h 100
810 14 3 l 100
shutdown 14 3 h
30 14 4 l 100
30 14 4 h 100
528 14 5 l 100
528 14 5 h 100
673 14 6 l 100
673 14 6 h 100
shutdown 14 7 l
780 14 8 l 100
780 14 8 h 100
906 14 9 l 100
906 14 9 h 100
1034 14 10 l 100
1033 14 10 h 100
1531 14 11 l 100
1531 14 11 h 100
794 14 12 l 100
794 14 12 h 100
1306 14 13 l 100
1303 14 13 h 100
278 14 15 l 100
278 14 15 h 100
318 14 16 l 100
318 14 16 h 100
558 15 0 l 100
558 15 0 h 100
48 15 1 l 100
48 15 1 h 100
1549 15 2 l 100
1550 15 2 h 100
1052 15 3 l 100
1052 15 3 h 100
181 15 4 l 100
181 15 4 h 100
1351 15 5 l 100
1351 15 5 h 100
1200 15 6 l 100
1200 15 6 h 100
690 15 7 l 100
690 15 7 h 100
1219 15 8 l 100
1219 15 8 h 100
806 15 9 l 100
806 15 9 h 100
671 15 10 l 100
667 15 10 h 100
158 15 11 l 100
158 15 11 h 100
923 15 12 l 100
shutdown 15 12 h
422 15 13 l 100
422 15 13 h 100
301 15 14 l 100
301 15 14 h 100
756 15 16 l 100
756 15 16 h 100
1585 16 0 l 100
1585 16 0 h 100
288 16 1 l 100
288 16 1 h 100
1298 16 2 l 100
1298 16 2 h 100
116 16 3 l 100
116 16 3 h 100
554 16 4 l 100
554 16 4 h 100
294 16 5 l 100
294 16 5 h 100
18 16 6 l 100
18 16 6 h 100
1426 16 7 l 100
1422 16 7 h 100
1276 16 8 l 100
1273 16 8 h 0
1274 16 8 h 99
1002 16 9 l 100
1002 16 9 h 100
1020 16 10 l 100
1020 16 10 h 100
1477 16 11 l 100
1477 16 11 h 100
1447 16 12 l 100
1447 16 12 h 100
483 16 13 l 100
480 16 13 h 100
474 16 14 l 100
474 16 14 h 100
1596 16 15 l 100
1596 16 15 h 100
