tunnel_num s t weight
162 0 1 50
163 0 1 50
throttle 0 2 0.399855
411 0 2 100
throttle 0 3 0.399855
672 0 3 100
throttle 0 4 0.399855
89 0 4 100
throttle 0 5 0.399855
343 0 5 100
throttle 0 6 0.399855
597 0 6 100
throttle 0 7 0.399855
21 0 7 100
352 0 8 50
351 0 8 50
606 0 9 50
607 0 9 50
32 0 10 49
30 0 10 50
288 0 11 50
289 0 11 50
throttle 0 12 0.399855
534 0 12 100
780 0 13 50
781 0 13 50
throttle 0 14 0.399855
213 0 14 100
throttle 0 15 0.399855
465 0 15 100
657 0 16 50
658 0 16 50
348 1 0 50
350 1 0 50
681 1 2 50
683 1 2 50
throttle 1 3 0.399855
418 1 3 100
531 1 4 50
532 1 4 50
285 1 5 50
286 1 5 50
27 1 6 50
29 1 6 50
throttle 1 7 0.399855
603 1 7 100
790 1 8 99
throttle 1 9 0.399855
543 1 9 100
294 1 10 50
295 1 10 50
40 1 11 50
39 1 11 50
throttle 1 12 0.399855
168 1 12 100
732 1 13 50
733 1 13 50
473 1 14 5
471 1 14 94
222 1 15 50
223 1 15 50
throttle 1 16 0.399855
273 1 16 100
throttle 2 0 0.399855
786 2 0 100
219 2 1 48
221 2 1 51
throttle 2 3 0.399855
540 2 3 100
throttle 2 4 0.399855
616 2 4 100
throttle 2 5 0.399855
38 2 5 100
throttle 2 6 0.399855
103 2 6 100
throttle 2 7 0.399855
360 2 7 100
430 2 8 100
throttle 2 9 0.399855
690 2 9 100
744 2 10 100
throttle 2 11 0.399855
181 2 11 100
throttle 2 12 0.399855
231 2 12 100
throttle 2 13 0.399855
480 2 13 100
throttle 2 14 0.399855
553 2 14 100
throttle 2 15 0.399855
802 2 15 100
throttle 2 16 0.399855
726 2 16 100
426 3 0 100
throttle 3 1 0.399855
177 3 1 100
throttle 3 2 0.399855
99 3 2 100
613 3 4 50
614 3 4 49
throttle 3 5 0.399855
358 3 5 100
throttle 3 6 0.399855
291 3 6 100
throttle 3 7 0.399855
33 3 7 100
throttle 3 8 0.399855
784 3 8 100
537 3 9 98
538 3 9 1
468 3 10 50
469 3 10 50
throttle 3 11 0.399855
217 3 11 100
166 3 12 50
167 3 12 50
729 3 13 50
730 3 13 50
680 3 14 91
679 3 14 8
throttle 3 15 0.399855
414 3 15 100
489 3 16 50
490 3 16 50
throttle 4 0 0.399855
50 4 0 100
300 4 1 50
301 4 1 50
throttle 4 2 0.399855
550 4 2 100
throttle 4 3 0.399855
797 4 3 100
114 4 5 50
115 4 5 50
372 4 6 50
373 4 6 50
throttle 4 7 0.399855
629 4 7 100
throttle 4 8 0.399855
423 4 8 100
throttle 4 9 0.112746
688 4 9 32
689 4 9 67
96 4 10 50
97 4 10 49
throttle 4 11 0.399855
354 4 11 100
229 4 12 50
230 4 12 50
477 4 13 50
479 4 13 50
741 4 14 40
742 4 14 59
176 4 15 33
174 4 15 33
175 4 15 33
128 4 16 50
127 4 16 50
throttle 5 0 0.399855
486 5 0 100
243 5 1 50
244 5 1 50
throttle 5 2 0.399855
809 5 2 100
throttle 5 3 0.399855
562 5 3 100
312 5 4 50
313 5 4 50
641 5 6 78
639 5 6 21
throttle 5 7 0.399855
384 5 7 100
throttle 5 8 0.399855
45 5 8 100
throttle 5 9 0.399855
626 5 9 100
369 5 10 33
370 5 10 33
371 5 10 33
throttle 5 11 0.399855
111 5 11 100
699 5 12 50
701 5 12 50
438 5 13 50
439 5 13 50
184 5 14 33
185 5 14 33
183 5 14 33
752 5 15 50
750 5 15 50
throttle 5 16 0.399855
577 5 16 100
123 6 0 50
125 6 0 50
381 6 1 50
382 6 1 50
throttle 6 2 0.399855
445 6 2 50
446 6 2 50
706 6 3 50
707 6 3 50
throttle 6 4 0.399855
310 6 4 100
560 6 5 89
558 6 5 10
60 6 7 50
62 6 7 50
573 6 8 50
574 6 8 50
throttle 6 9 0.399855
3 6 9 100
72 6 10 50
73 6 10 50
324 6 11 50
325 6 11 50
throttle 6 12 0.399855
758 6 12 100
190 6 13 99
252 6 14 33
253 6 14 33
254 6 14 33
498 6 15 50
500 6 15 50
throttle 6 16 0.399855
198 6 16 100
570 7 0 100
321 7 1 50
322 7 1 50
249 7 2 100
0 7 3 50
2 7 3 50
395 7 4 100
throttle 7 5 0.399855
135 7 5 100
throttle 7 6 0.399855
69 7 6 100
195 7 8 50
196 7 8 50
762 7 9 50
763 7 9 50
throttle 7 10 0.399855
714 7 10 100
450 7 11 50
451 7 11 50
13 7 12 50
14 7 12 50
588 7 13 33
589 7 13 33
590 7 13 33
513 7 14 50
515 7 14 50
261 7 15 50
263 7 15 50
660 7 16 50
661 7 16 50
436 8 0 50
437 8 0 50
696 8 1 50
697 8 1 50
throttle 8 2 0.399855
109 8 2 100
throttle 8 3 0.399855
367 8 3 100
621 8 4 50
623 8 4 50
throttle 8 5 0.399855
42 8 5 100
297 8 6 50
298 8 6 50
547 8 7 50
548 8 7 50
throttle 8 9 0.399855
226 8 9 100
474 8 10 50
475 8 10 50
throttle 8 11 0.399855
735 8 11 100
172 8 12 50
173 8 12 50
421 8 13 50
422 8 13 50
684 8 14 50
686 8 14 50
93 8 15 50
95 8 15 50
throttle 8 16 0.399855
495 8 16 100
54 9 0 96
55 9 0 3
throttle 9 1 0.399855
633 9 1 100
throttle 9 2 0.399855
375 9 2 100
120 9 3 50
121 9 3 50
throttle 9 4 0.399855
236 9 4 100
throttle 9 5 0.399855
806 9 5 100
throttle 9 6 0.399855
555 9 6 100
306 9 7 50
307 9 7 50
throttle 9 8 0.399855
433 9 8 100
throttle 9 10 0.399855
747 9 10 100
throttle 9 11 0.399855
483 9 11 100
throttle 9 12 0.399855
618 9 12 100
throttle 9 13 0.399855
363 9 13 100
throttle 9 14 0.399855
105 9 14 100
693 9 15 50
695 9 15 50
throttle 9 16 0.399855
132 9 16 100
492 10 0 50
494 10 0 50
753 10 1 50
754 10 1 50
throttle 10 2 0.399855
813 10 2 100
246 10 3 50
247 10 3 50
320 10 4 12
318 10 4 75
319 10 4 12
568 10 5 33
569 10 5 33
567 10 5 33
645 10 6 50
646 10 6 50
throttle 10 7 0.399855
66 10 7 100
51 10 8 50
52 10 8 50
throttle 10 9 0.399855
303 10 9 100
throttle 10 11 0.399855
630 10 11 100
704 10 12 50
703 10 12 50
117 10 13 50
119 10 13 50
186 10 14 50
188 10 14 50
441 10 15 50
443 10 15 50
throttle 10 16 0.399855
585 10 16 100
130 11 0 1
131 11 0 98
708 11 1 50
709 11 1 50
throttle 11 2 0.399855
643 11 2 100
throttle 11 3 0.399855
388 11 3 100
315 11 4 3
316 11 4 96
throttle 11 5 0.399855
63 11 5 100
810 11 6 50
811 11 6 50
564 11 7 50
566 11 7 50
584 11 8 1
582 11 8 98
throttle 11 9 0.399855
330 11 9 100
throttle 11 10 0.399855
258 11 10 100
760 11 12 96
761 11 12 3
508 11 13 49
509 11 13 50
448 11 14 50
449 11 14 50
192 11 15 50
194 11 15 50
209 11 16 50
207 11 16 50
580 12 0 50
581 12 0 50
throttle 12 1 0.399855
6 12 1 100
throttle 12 2 0.399855
256 12 2 100
throttle 12 3 0.399855
504 12 3 100
throttle 12 4 0.399855
401 12 4 100
656 12 5 50
654 12 5 50
throttle 12 6 0.399855
76 12 6 100
throttle 12 7 0.399855
327 12 7 100
205 12 8 50
206 12 8 49
throttle 12 9 0.399855
456 12 9 100
718 12 10 50
719 12 10 49
142 12 11 50
143 12 11 50
throttle 12 13 0.399855
270 12 13 100
522 12 14 49
524 12 14 50
771 12 15 50
773 12 15 50
669 12 16 50
671 12 16 50
201 13 0 50
202 13 0 50
768 13 1 50
769 13 1 50
521 13 2 50
519 13 2 50
267 13 3 50
268 13 3 50
throttle 13 4 0.399855
18 13 4 100
594 13 5 50
595 13 5 50
339 13 6 50
340 13 6 50
84 13 7 33
85 13 7 33
86 13 7 33
667 13 8 50
668 13 8 50
throttle 13 9 0.399855
408 13 9 100
156 13 10 14
158 13 10 85
721 13 11 50
722 13 11 50
throttle 13 12 0.399855
462 13 12 100
777 13 14 50
778 13 14 49
528 13 15 99
282 13 16 50
284 13 16 49
throttle 14 0 0.399855
663 14 0 100
81 14 1 50
82 14 1 50
throttle 14 2 0.399855
154 14 2 100
throttle 14 3 0.399855
406 14 3 100
16 14 4 95
15 14 4 4
264 14 5 4
265 14 5 91
266 14 5 4
336 14 6 62
337 14 6 18
338 14 6 18
593 14 7 50
591 14 7 50
392 14 8 95
390 14 8 4
throttle 14 9 0.399855
453 14 9 100
516 14 10 33
517 14 10 33
518 14 10 33
766 14 11 50
767 14 11 49
396 14 12 28
398 14 12 71
651 14 13 63
652 14 13 36
140 14 15 99
160 14 16 50
159 14 16 50
throttle 15 0 0.399855
279 15 0 100
24 15 1 38
25 15 1 61
throttle 15 2 0.399855
775 15 2 100
throttle 15 3 0.399855
525 15 3 100
90 15 4 33
91 15 4 33
92 15 4 33
675 15 5 50
677 15 5 50
600 15 6 50
602 15 6 50
345 15 7 50
347 15 7 50
609 15 8 50
611 15 8 50
402 15 9 50
404 15 9 50
333 15 10 50
335 15 10 50
80 15 11 50
79 15 11 50
459 15 12 50
461 15 12 50
210 15 13 50
211 15 13 50
152 15 14 50
150 15 14 50
378 15 16 50
379 15 16 50
792 16 0 50
793 16 0 50
throttle 16 1 0.399855
144 16 1 100
throttle 16 2 0.399855
648 16 2 100
57 16 3 50
58 16 3 50
throttle 16 4 0.399855
278 16 4 100
throttle 16 5 0.399855
148 16 5 100
throttle 16 6 0.399855
9 16 6 100
712 16 7 50
711 16 7 49
throttle 16 8 0.399855
636 16 8 100
throttle 16 9 0.399855
501 16 9 100
throttle 16 10 0.399855
510 16 10 100
throttle 16 11 0.399855
738 16 11 100
723 16 12 50
725 16 12 50
240 16 13 50
241 16 13 50
237 16 14 9
238 16 14 90
798 16 15 50
799 16 15 50
