tunnel_num s t weight
162 0 1 50
163 0 1 50
411 0 2 50
412 0 2 50
672 0 3 50
673 0 3 50
89 0 4 50
87 0 4 50
342 0 5 50
343 0 5 50
597 0 6 50
598 0 6 50
21 0 7 50
22 0 7 50
352 0 8 33
353 0 8 33
351 0 8 33
606 0 9 50
607 0 9 50
32 0 10 33
30 0 10 33
31 0 10 33
288 0 11 33
289 0 11 33
290 0 11 33
534 0 12 50
535 0 12 50
780 0 13 50
781 0 13 50
throttle 0 14 0.399855
213 0 14 100
465 0 15 50
467 0 15 50
657 0 16 50
658 0 16 50
348 1 0 50
350 1 0 50
681 1 2 50
683 1 2 50
417 1 3 50
418 1 3 50
531 1 4 50
532 1 4 50
285 1 5 50
286 1 5 50
27 1 6 50
29 1 6 50
603 1 7 50
604 1 7 50
790 1 8 99
544 1 9 50
543 1 9 50
294 1 10 50
295 1 10 50
40 1 11 50
39 1 11 50
168 1 12 50
169 1 12 50
732 1 13 50
734 1 13 50
throttle 1 14 0.399855
473 1 14 100
throttle 1 15 0.399855
222 1 15 100
273 1 16 50
275 1 16 50
786 2 0 50
787 2 0 50
219 2 1 46
220 2 1 3
221 2 1 50
540 2 3 50
541 2 3 50
616 2 4 49
615 2 4 50
throttle 2 5 0.399855
36 2 5 100
102 2 6 50
103 2 6 50
360 2 7 50
361 2 7 50
429 2 8 10
430 2 8 89
690 2 9 50
691 2 9 50
744 2 10 47
745 2 10 52
180 2 11 50
181 2 11 50
232 2 12 50
231 2 12 50
480 2 13 50
481 2 13 50
throttle 2 14 0.399855
553 2 14 100
801 2 15 50
802 2 15 50
throttle 2 16 0.399855
726 2 16 100
426 3 0 99
177 3 1 50
179 3 1 50
99 3 2 50
100 3 2 50
613 3 4 50
614 3 4 49
357 3 5 50
358 3 5 50
291 3 6 50
292 3 6 50
33 3 7 50
34 3 7 50
784 3 8 50
783 3 8 50
537 3 9 98
538 3 9 1
468 3 10 50
469 3 10 50
216 3 11 50
217 3 11 50
165 3 12 33
166 3 12 33
167 3 12 33
729 3 13 50
730 3 13 50
680 3 14 91
679 3 14 8
416 3 15 50
414 3 15 50
489 3 16 50
490 3 16 50
48 4 0 50
50 4 0 50
300 4 1 50
301 4 1 50
549 4 2 50
550 4 2 50
795 4 3 50
797 4 3 49
114 4 5 50
115 4 5 50
372 4 6 50
373 4 6 50
628 4 7 50
629 4 7 49
throttle 4 8 0.399855
423 4 8 100
688 4 9 19
689 4 9 40
687 4 9 40
96 4 10 33
97 4 10 33
98 4 10 33
throttle 4 11 0.399855
354 4 11 100
228 4 12 49
230 4 12 50
478 4 13 50
479 4 13 50
742 4 14 59
743 4 14 40
176 4 15 49
174 4 15 50
128 4 16 33
126 4 16 33
127 4 16 33
486 5 0 49
487 5 0 50
243 5 1 50
244 5 1 50
throttle 5 2 0.399855
807 5 2 100
561 5 3 50
562 5 3 50
312 5 4 50
313 5 4 50
throttle 5 6 0.399855
639 5 6 100
384 5 7 50
385 5 7 50
throttle 5 8 0.399855
45 5 8 100
throttle 5 9 0.399855
625 5 9 100
369 5 10 49
370 5 10 50
throttle 5 11 0.399855
111 5 11 100
700 5 12 50
701 5 12 50
440 5 13 50
439 5 13 50
184 5 14 49
185 5 14 50
throttle 5 15 0.399855
752 5 15 100
throttle 5 16 0.399855
578 5 16 100
123 6 0 50
125 6 0 50
381 6 1 50
382 6 1 50
throttle 6 2 0.099783
444 6 2 33
445 6 2 33
446 6 2 33
706 6 3 50
707 6 3 50
310 6 4 50
311 6 4 50
throttle 6 5 0.399855
558 6 5 100
60 6 7 50
62 6 7 50
573 6 8 50
574 6 8 50
3 6 9 50
4 6 9 50
72 6 10 50
73 6 10 50
324 6 11 50
325 6 11 50
756 6 12 50
758 6 12 50
190 6 13 99
252 6 14 50
254 6 14 50
throttle 6 15 0.399855
498 6 15 100
198 6 16 50
199 6 16 50
570 7 0 99
321 7 1 50
322 7 1 50
249 7 2 68
250 7 2 31
0 7 3 50
2 7 3 50
394 7 4 2
395 7 4 97
136 7 5 50
135 7 5 50
69 7 6 50
70 7 6 50
195 7 8 50
196 7 8 50
762 7 9 50
763 7 9 50
714 7 10 50
715 7 10 50
450 7 11 50
451 7 11 50
12 7 12 33
13 7 12 33
14 7 12 33
588 7 13 33
589 7 13 33
590 7 13 33
throttle 7 14 0.399855
513 7 14 100
throttle 7 15 0.399855
261 7 15 100
660 7 16 50
661 7 16 50
435 8 0 33
436 8 0 33
437 8 0 33
696 8 1 50
697 8 1 50
108 8 2 50
109 8 2 50
366 8 3 50
367 8 3 50
621 8 4 50
623 8 4 50
throttle 8 5 0.399855
42 8 5 100
297 8 6 50
298 8 6 50
546 8 7 33
547 8 7 33
548 8 7 33
225 8 9 50
226 8 9 50
474 8 10 50
475 8 10 50
throttle 8 11 0.399855
735 8 11 100
171 8 12 50
173 8 12 50
420 8 13 49
422 8 13 50
685 8 14 50
686 8 14 50
93 8 15 50
94 8 15 50
497 8 16 50
495 8 16 50
54 9 0 96
55 9 0 3
633 9 1 50
634 9 1 50
376 9 2 50
375 9 2 50
120 9 3 50
121 9 3 50
234 9 4 50
236 9 4 50
throttle 9 5 0.399855
805 9 5 100
555 9 6 50
556 9 6 50
306 9 7 50
307 9 7 50
432 9 8 93
433 9 8 6
747 9 10 50
748 9 10 50
483 9 11 50
484 9 11 50
618 9 12 11
619 9 12 11
620 9 12 77
throttle 9 13 0.399855
363 9 13 100
throttle 9 14 0.399855
105 9 14 100
693 9 15 33
694 9 15 33
695 9 15 33
132 9 16 50
133 9 16 50
492 10 0 33
493 10 0 33
494 10 0 33
753 10 1 50
754 10 1 50
813 10 2 50
814 10 2 50
246 10 3 50
247 10 3 50
320 10 4 12
318 10 4 75
319 10 4 12
568 10 5 50
567 10 5 50
645 10 6 50
646 10 6 50
66 10 7 50
67 10 7 50
51 10 8 50
52 10 8 50
304 10 9 71
303 10 9 28
632 10 11 50
630 10 11 50
702 10 12 50
703 10 12 50
117 10 13 50
118 10 13 50
187 10 14 50
188 10 14 50
441 10 15 33
442 10 15 33
443 10 15 33
585 10 16 50
587 10 16 50
129 11 0 1
130 11 0 1
131 11 0 96
708 11 1 50
709 11 1 50
642 11 2 50
643 11 2 50
387 11 3 50
388 11 3 50
315 11 4 3
316 11 4 96
throttle 11 5 0.399855
63 11 5 100
810 11 6 50
811 11 6 50
564 11 7 33
565 11 7 33
566 11 7 33
584 11 8 1
582 11 8 98
330 11 9 50
331 11 9 50
258 11 10 3
259 11 10 93
260 11 10 3
760 11 12 96
759 11 12 3
507 11 13 50
508 11 13 50
449 11 14 50
447 11 14 50
192 11 15 50
193 11 15 50
208 11 16 33
209 11 16 33
207 11 16 33
579 12 0 33
580 12 0 33
581 12 0 33
6 12 1 50
7 12 1 50
256 12 2 50
255 12 2 50
504 12 3 50
505 12 3 50
401 12 4 50
399 12 4 49
656 12 5 50
655 12 5 50
75 12 6 50
76 12 6 50
328 12 7 50
327 12 7 50
204 12 8 50
206 12 8 49
456 12 9 10
457 12 9 10
458 12 9 78
717 12 10 90
718 12 10 9
141 12 11 50
142 12 11 50
270 12 13 50
271 12 13 49
throttle 12 14 0.399855
522 12 14 100
771 12 15 33
772 12 15 33
773 12 15 33
669 12 16 50
670 12 16 50
201 13 0 50
202 13 0 50
768 13 1 50
770 13 1 50
521 13 2 50
519 13 2 50
267 13 3 50
268 13 3 50
throttle 13 4 0.399855
19 13 4 100
595 13 5 50
596 13 5 50
339 13 6 33
340 13 6 33
341 13 6 33
84 13 7 33
85 13 7 33
86 13 7 33
666 13 8 50
668 13 8 50
throttle 13 9 0.399855
408 13 9 100
156 13 10 50
157 13 10 50
720 13 11 50
721 13 11 50
462 13 12 18
463 13 12 81
throttle 13 14 0.399855
777 13 14 100
528 13 15 99
throttle 13 16 0.399855
282 13 16 100
throttle 14 0 0.399855
663 14 0 100
throttle 14 1 0.399855
82 14 1 100
throttle 14 2 0.399855
154 14 2 100
throttle 14 3 0.399855
406 14 3 100
16 14 4 95
17 14 4 4
265 14 5 95
266 14 5 4
336 14 6 77
338 14 6 22
throttle 14 7 0.399855
591 14 7 100
392 14 8 95
391 14 8 4
throttle 14 9 0.399855
453 14 9 100
throttle 14 10 0.399855
516 14 10 100
765 14 11 50
767 14 11 49
396 14 12 100
651 14 13 21
653 14 13 78
throttle 14 15 0.399855
138 14 15 100
throttle 14 16 0.399855
159 14 16 100
281 15 0 50
279 15 0 50
throttle 15 1 0.399855
24 15 1 100
774 15 2 50
775 15 2 49
525 15 3 50
527 15 3 50
90 15 4 50
92 15 4 49
throttle 15 5 0.399855
677 15 5 100
throttle 15 6 0.399855
600 15 6 100
throttle 15 7 0.399855
345 15 7 100
609 15 8 50
610 15 8 50
402 15 9 33
403 15 9 33
404 15 9 33
333 15 10 33
334 15 10 33
335 15 10 33
80 15 11 33
78 15 11 33
79 15 11 33
459 15 12 33
460 15 12 33
461 15 12 33
210 15 13 50
211 15 13 50
throttle 15 14 0.399855
150 15 14 100
378 15 16 50
379 15 16 50
792 16 0 50
793 16 0 50
144 16 1 50
146 16 1 50
throttle 16 2 0.399855
648 16 2 100
57 16 3 50
58 16 3 50
throttle 16 4 0.399855
276 16 4 100
throttle 16 5 0.399855
149 16 5 100
9 16 6 50
10 16 6 50
712 16 7 50
711 16 7 49
636 16 8 50
637 16 8 50
501 16 9 50
503 16 9 50
510 16 10 50
511 16 10 50
738 16 11 50
740 16 11 50
723 16 12 50
724 16 12 50
throttle 16 13 0.399855
240 16 13 100
237 16 14 4
239 16 14 95
798 16 15 50
799 16 15 50
