tunnel_num s t weight
162 0 1 50
163 0 1 50
411 0 2 50
412 0 2 50
672 0 3 50
673 0 3 50
89 0 4 50
87 0 4 50
342 0 5 50
343 0 5 50
597 0 6 50
598 0 6 50
21 0 7 50
22 0 7 50
throttle 0 8 0.399855
352 0 8 100
606 0 9 50
607 0 9 50
32 0 10 49
30 0 10 50
throttle 0 11 0.399855
289 0 11 100
throttle 0 12 0.399855
534 0 12 100
throttle 0 13 0.399855
780 0 13 100
throttle 0 14 0.399855
214 0 14 100
465 0 15 50
467 0 15 50
657 0 16 50
658 0 16 50
348 1 0 50
350 1 0 50
681 1 2 50
683 1 2 50
417 1 3 50
418 1 3 50
531 1 4 50
532 1 4 50
285 1 5 50
286 1 5 50
throttle 1 6 0.399855
27 1 6 100
603 1 7 50
604 1 7 50
790 1 8 100
544 1 9 50
543 1 9 50
throttle 1 10 0.399855
294 1 10 100
throttle 1 11 0.399855
39 1 11 100
throttle 1 12 0.399855
168 1 12 100
732 1 13 50
733 1 13 50
471 1 14 100
throttle 1 15 0.399855
222 1 15 100
273 1 16 50
275 1 16 50
786 2 0 50
787 2 0 50
219 2 1 46
220 2 1 3
221 2 1 50
540 2 3 50
541 2 3 50
616 2 4 49
615 2 4 50
throttle 2 5 0.399855
36 2 5 100
102 2 6 50
103 2 6 50
360 2 7 50
361 2 7 50
430 2 8 100
690 2 9 50
691 2 9 50
744 2 10 100
throttle 2 11 0.399855
181 2 11 100
throttle 2 12 0.399855
231 2 12 100
throttle 2 13 0.399855
480 2 13 100
552 2 14 50
553 2 14 50
throttle 2 15 0.399855
801 2 15 100
726 2 16 50
727 2 16 50
426 3 0 99
177 3 1 50
179 3 1 50
99 3 2 50
100 3 2 50
613 3 4 50
614 3 4 49
357 3 5 50
358 3 5 50
291 3 6 50
292 3 6 50
33 3 7 50
34 3 7 50
throttle 3 8 0.399855
784 3 8 100
537 3 9 98
538 3 9 1
throttle 3 10 0.399855
468 3 10 100
throttle 3 11 0.399855
217 3 11 100
throttle 3 12 0.399855
167 3 12 100
throttle 3 13 0.399855
729 3 13 100
680 3 14 91
678 3 14 8
416 3 15 50
414 3 15 50
489 3 16 50
490 3 16 50
48 4 0 50
50 4 0 50
300 4 1 50
301 4 1 50
549 4 2 50
550 4 2 50
795 4 3 50
797 4 3 49
114 4 5 50
115 4 5 50
372 4 6 50
373 4 6 50
628 4 7 50
629 4 7 49
throttle 4 8 0.399855
424 4 8 100
688 4 9 19
689 4 9 40
687 4 9 40
97 4 10 49
98 4 10 50
throttle 4 11 0.399855
355 4 11 100
229 4 12 50
230 4 12 50
477 4 13 50
479 4 13 50
throttle 4 14 0.399855
741 4 14 100
176 4 15 49
174 4 15 50
126 4 16 50
127 4 16 49
486 5 0 49
487 5 0 50
243 5 1 50
244 5 1 50
throttle 5 2 0.399855
807 5 2 100
561 5 3 50
562 5 3 50
312 5 4 50
313 5 4 50
throttle 5 6 0.399855
639 5 6 100
384 5 7 50
385 5 7 50
throttle 5 8 0.399855
46 5 8 100
625 5 9 50
626 5 9 50
369 5 10 49
371 5 10 50
throttle 5 11 0.399855
113 5 11 100
699 5 12 50
701 5 12 50
438 5 13 50
439 5 13 50
184 5 14 49
183 5 14 50
throttle 5 15 0.399855
752 5 15 100
577 5 16 50
578 5 16 50
123 6 0 50
125 6 0 50
381 6 1 50
382 6 1 50
throttle 6 2 0.099783
444 6 2 33
445 6 2 33
446 6 2 33
706 6 3 50
707 6 3 50
310 6 4 50
311 6 4 50
throttle 6 5 0.399855
558 6 5 100
60 6 7 50
62 6 7 50
throttle 6 8 0.399855
574 6 8 100
3 6 9 50
4 6 9 50
throttle 6 10 0.399855
72 6 10 100
throttle 6 11 0.399855
325 6 11 100
throttle 6 12 0.399855
758 6 12 100
throttle 6 13 0.399855
189 6 13 100
253 6 14 50
254 6 14 50
throttle 6 15 0.399855
498 6 15 100
198 6 16 50
199 6 16 50
570 7 0 99
321 7 1 50
322 7 1 50
249 7 2 68
250 7 2 31
0 7 3 50
2 7 3 50
394 7 4 2
395 7 4 97
136 7 5 50
135 7 5 50
69 7 6 50
70 7 6 50
throttle 7 8 0.399855
196 7 8 100
762 7 9 50
763 7 9 50
throttle 7 10 0.399855
714 7 10 100
throttle 7 11 0.399855
451 7 11 100
13 7 12 50
14 7 12 50
589 7 13 50
590 7 13 50
514 7 14 50
515 7 14 50
throttle 7 15 0.399855
261 7 15 100
660 7 16 50
661 7 16 50
throttle 8 0 0.399855
436 8 0 100
throttle 8 1 0.399855
697 8 1 100
throttle 8 2 0.399855
109 8 2 100
throttle 8 3 0.399855
367 8 3 100
throttle 8 4 0.399855
623 8 4 100
throttle 8 5 0.399855
43 8 5 100
throttle 8 6 0.399855
298 8 6 100
throttle 8 7 0.399855
547 8 7 100
throttle 8 9 0.399855
226 8 9 100
throttle 8 10 0.399855
474 8 10 100
throttle 8 11 0.399855
735 8 11 100
171 8 12 50
173 8 12 50
420 8 13 49
422 8 13 50
throttle 8 14 0.399855
685 8 14 100
shutdown 8 15
throttle 8 16 0.399855
495 8 16 100
54 9 0 96
55 9 0 3
633 9 1 50
634 9 1 50
376 9 2 50
375 9 2 50
120 9 3 50
121 9 3 50
234 9 4 50
236 9 4 50
805 9 5 50
806 9 5 50
555 9 6 50
556 9 6 50
306 9 7 50
307 9 7 50
throttle 9 8 0.399855
433 9 8 100
throttle 9 10 0.399855
747 9 10 100
throttle 9 11 0.399855
483 9 11 100
618 9 12 12
620 9 12 87
363 9 13 50
364 9 13 50
105 9 14 49
106 9 14 50
694 9 15 50
695 9 15 50
132 9 16 50
133 9 16 50
492 10 0 50
494 10 0 50
throttle 10 1 0.399855
753 10 1 100
throttle 10 2 0.399855
813 10 2 100
throttle 10 3 0.399855
246 10 3 100
320 10 4 50
319 10 4 49
569 10 5 50
567 10 5 50
throttle 10 6 0.399855
645 10 6 100
throttle 10 7 0.399855
66 10 7 100
throttle 10 8 0.399855
51 10 8 100
throttle 10 9 0.399855
303 10 9 100
throttle 10 11 0.399855
630 10 11 100
704 10 12 33
702 10 12 33
703 10 12 33
117 10 13 33
118 10 13 33
119 10 13 33
186 10 14 33
187 10 14 33
188 10 14 33
throttle 10 15 0.399855
441 10 15 100
throttle 10 16 0.399855
585 10 16 100
throttle 11 0 0.399855
130 11 0 100
throttle 11 1 0.399855
708 11 1 100
throttle 11 2 0.399855
643 11 2 100
throttle 11 3 0.399855
388 11 3 100
316 11 4 58
317 11 4 41
throttle 11 5 0.399855
65 11 5 100
throttle 11 6 0.399855
811 11 6 100
throttle 11 7 0.399855
564 11 7 100
582 11 8 100
throttle 11 9 0.399855
330 11 9 100
258 11 10 3
259 11 10 96
760 11 12 96
759 11 12 3
507 11 13 50
508 11 13 50
throttle 11 14 0.399855
447 11 14 100
shutdown 11 15
208 11 16 50
207 11 16 50
580 12 0 50
581 12 0 50
throttle 12 1 0.399855
6 12 1 100
throttle 12 2 0.399855
256 12 2 100
throttle 12 3 0.399855
504 12 3 100
throttle 12 4 0.399855
401 12 4 100
656 12 5 50
654 12 5 50
throttle 12 6 0.399855
76 12 6 100
throttle 12 7 0.399855
327 12 7 100
204 12 8 50
206 12 8 49
456 12 9 12
458 12 9 87
717 12 10 82
718 12 10 8
719 12 10 8
141 12 11 50
142 12 11 50
270 12 13 50
271 12 13 49
522 12 14 49
524 12 14 50
throttle 12 15 0.399855
773 12 15 100
669 12 16 33
670 12 16 33
671 12 16 33
throttle 13 0 0.399855
201 13 0 100
768 13 1 50
769 13 1 50
throttle 13 2 0.399855
519 13 2 100
throttle 13 3 0.399855
267 13 3 100
18 13 4 50
19 13 4 50
594 13 5 50
595 13 5 50
throttle 13 6 0.399855
339 13 6 100
85 13 7 50
86 13 7 50
666 13 8 50
668 13 8 50
408 13 9 50
409 13 9 50
156 13 10 12
157 13 10 12
158 13 10 75
720 13 11 50
721 13 11 50
462 13 12 18
463 13 12 81
777 13 14 50
778 13 14 49
throttle 13 15 0.399855
529 13 15 100
282 13 16 50
284 13 16 49
throttle 14 0 0.399855
664 14 0 100
throttle 14 1 0.399855
81 14 1 100
153 14 2 50
154 14 2 50
throttle 14 3 0.399855
405 14 3 100
17 14 4 49
15 14 4 50
264 14 5 50
266 14 5 50
337 14 6 50
338 14 6 50
592 14 7 50
593 14 7 50
throttle 14 8 0.399855
391 14 8 100
453 14 9 50
454 14 9 50
516 14 10 50
518 14 10 50
throttle 14 11 0.399855
765 14 11 100
396 14 12 28
398 14 12 71
651 14 13 63
652 14 13 36
140 14 15 100
160 14 16 50
159 14 16 50
281 15 0 50
279 15 0 50
throttle 15 1 0.399855
24 15 1 100
throttle 15 2 0.399855
774 15 2 100
525 15 3 50
527 15 3 50
90 15 4 50
92 15 4 49
throttle 15 5 0.399855
677 15 5 100
throttle 15 6 0.399855
600 15 6 100
throttle 15 7 0.399855
345 15 7 100
shutdown 15 8
403 15 9 50
404 15 9 50
throttle 15 10 0.399855
333 15 10 100
throttle 15 11 0.399855
80 15 11 100
throttle 15 12 0.399855
461 15 12 100
throttle 15 13 0.399855
211 15 13 100
throttle 15 14 0.399855
152 15 14 100
throttle 15 16 0.399855
379 15 16 100
792 16 0 50
793 16 0 50
144 16 1 50
146 16 1 50
648 16 2 50
649 16 2 50
57 16 3 50
58 16 3 50
276 16 4 50
278 16 4 50
148 16 5 50
149 16 5 50
9 16 6 50
10 16 6 50
712 16 7 50
711 16 7 49
throttle 16 8 0.399855
636 16 8 100
501 16 9 50
503 16 9 50
510 16 10 50
511 16 10 50
throttle 16 11 0.399855
738 16 11 100
723 16 12 33
724 16 12 33
725 16 12 33
240 16 13 50
241 16 13 50
237 16 14 9
238 16 14 90
throttle 16 15 0.399855
798 16 15 100
