tunnel_num s t weight
162 0 1 50
163 0 1 50
411 0 2 50
412 0 2 50
672 0 3 50
673 0 3 50
89 0 4 50
87 0 4 50
342 0 5 50
343 0 5 50
597 0 6 50
598 0 6 50
21 0 7 50
22 0 7 50
353 0 8 50
351 0 8 50
606 0 9 50
607 0 9 50
32 0 10 49
30 0 10 50
288 0 11 50
290 0 11 50
throttle 0 12 0.399855
535 0 12 100
throttle 0 13 0.399855
781 0 13 100
213 0 14 50
214 0 14 50
465 0 15 33
466 0 15 33
467 0 15 33
657 0 16 50
658 0 16 50
348 1 0 50
350 1 0 50
681 1 2 50
683 1 2 50
417 1 3 50
418 1 3 50
531 1 4 50
532 1 4 50
285 1 5 50
286 1 5 50
throttle 1 6 0.399855
27 1 6 100
603 1 7 50
604 1 7 50
throttle 1 8 0.399855
789 1 8 100
544 1 9 50
543 1 9 50
throttle 1 10 0.399855
294 1 10 100
throttle 1 11 0.399855
40 1 11 100
throttle 1 12 0.399855
169 1 12 100
733 1 13 50
734 1 13 50
473 1 14 5
471 1 14 94
222 1 15 50
223 1 15 50
273 1 16 50
275 1 16 50
786 2 0 50
787 2 0 50
219 2 1 46
220 2 1 3
221 2 1 50
540 2 3 50
541 2 3 50
616 2 4 49
615 2 4 50
36 2 5 50
38 2 5 50
102 2 6 50
103 2 6 50
360 2 7 50
361 2 7 50
throttle 2 8 0.399855
429 2 8 100
690 2 9 50
691 2 9 50
744 2 10 100
throttle 2 11 0.399855
180 2 11 100
throttle 2 12 0.399855
232 2 12 100
throttle 2 13 0.399855
481 2 13 100
throttle 2 14 0.399855
552 2 14 100
801 2 15 50
803 2 15 50
throttle 2 16 0.399855
726 2 16 100
426 3 0 99
177 3 1 50
179 3 1 50
99 3 2 50
100 3 2 50
613 3 4 50
614 3 4 49
357 3 5 50
358 3 5 50
291 3 6 50
292 3 6 50
33 3 7 50
34 3 7 50
throttle 3 8 0.399855
783 3 8 100
537 3 9 98
538 3 9 1
throttle 3 10 0.399855
468 3 10 100
throttle 3 11 0.399855
216 3 11 100
165 3 12 50
166 3 12 50
throttle 3 13 0.399855
730 3 13 100
678 3 14 50
679 3 14 50
416 3 15 33
414 3 15 33
415 3 15 33
489 3 16 50
490 3 16 50
48 4 0 50
50 4 0 50
300 4 1 50
301 4 1 50
549 4 2 50
550 4 2 50
795 4 3 50
797 4 3 49
114 4 5 50
115 4 5 50
372 4 6 50
373 4 6 50
628 4 7 50
629 4 7 49
424 4 8 50
423 4 8 50
688 4 9 19
689 4 9 40
687 4 9 40
97 4 10 49
98 4 10 50
354 4 11 50
355 4 11 50
228 4 12 49
229 4 12 50
477 4 13 50
478 4 13 50
741 4 14 28
742 4 14 42
743 4 14 28
176 4 15 33
174 4 15 33
175 4 15 33
126 4 16 50
127 4 16 49
486 5 0 49
487 5 0 50
243 5 1 50
244 5 1 50
809 5 2 50
807 5 2 50
561 5 3 50
562 5 3 50
312 5 4 50
313 5 4 50
641 5 6 78
639 5 6 21
384 5 7 50
385 5 7 50
45 5 8 50
46 5 8 50
throttle 5 9 0.399855
625 5 9 100
throttle 5 10 0.399855
369 5 10 100
113 5 11 50
111 5 11 50
699 5 12 50
700 5 12 50
440 5 13 50
438 5 13 50
185 5 14 50
183 5 14 50
752 5 15 50
750 5 15 50
throttle 5 16 0.399855
578 5 16 100
123 6 0 50
125 6 0 50
381 6 1 50
382 6 1 50
throttle 6 2 0.099783
444 6 2 33
445 6 2 33
446 6 2 33
706 6 3 50
707 6 3 50
310 6 4 50
311 6 4 50
560 6 5 89
558 6 5 10
60 6 7 50
62 6 7 50
throttle 6 8 0.399855
573 6 8 100
3 6 9 50
4 6 9 50
throttle 6 10 0.399855
72 6 10 100
throttle 6 11 0.399855
324 6 11 100
throttle 6 12 0.399855
756 6 12 100
190 6 13 99
252 6 14 50
253 6 14 50
498 6 15 50
500 6 15 50
198 6 16 50
199 6 16 50
570 7 0 99
321 7 1 50
322 7 1 50
249 7 2 68
250 7 2 31
0 7 3 50
2 7 3 50
394 7 4 2
395 7 4 97
136 7 5 50
135 7 5 50
69 7 6 50
70 7 6 50
throttle 7 8 0.399855
195 7 8 100
762 7 9 50
763 7 9 50
throttle 7 10 0.399855
714 7 10 100
throttle 7 11 0.399855
450 7 11 100
throttle 7 12 0.399855
12 7 12 100
throttle 7 13 0.399855
588 7 13 100
513 7 14 33
514 7 14 33
515 7 14 33
261 7 15 33
262 7 15 33
263 7 15 33
660 7 16 50
661 7 16 50
435 8 0 50
437 8 0 50
throttle 8 1 0.399855
696 8 1 100
throttle 8 2 0.399855
108 8 2 100
throttle 8 3 0.399855
366 8 3 100
throttle 8 4 0.399855
621 8 4 100
42 8 5 50
43 8 5 50
throttle 8 6 0.399855
297 8 6 100
546 8 7 50
548 8 7 50
throttle 8 9 0.399855
225 8 9 100
throttle 8 10 0.399855
475 8 10 100
736 8 11 50
735 8 11 50
171 8 12 50
172 8 12 50
420 8 13 49
421 8 13 50
684 8 14 33
685 8 14 33
686 8 14 33
93 8 15 33
94 8 15 33
95 8 15 33
throttle 8 16 0.399855
497 8 16 100
54 9 0 96
55 9 0 3
633 9 1 50
634 9 1 50
376 9 2 50
375 9 2 50
120 9 3 50
121 9 3 50
234 9 4 50
236 9 4 50
throttle 9 5 0.399855
805 9 5 100
555 9 6 50
556 9 6 50
306 9 7 50
307 9 7 50
432 9 8 100
throttle 9 10 0.399855
747 9 10 100
throttle 9 11 0.399855
484 9 11 100
throttle 9 12 0.399855
619 9 12 100
throttle 9 13 0.399855
364 9 13 100
throttle 9 14 0.399855
106 9 14 100
694 9 15 50
695 9 15 50
132 9 16 50
133 9 16 50
492 10 0 50
494 10 0 50
throttle 10 1 0.399855
753 10 1 100
throttle 10 2 0.399855
813 10 2 100
throttle 10 3 0.399855
246 10 3 100
320 10 4 50
319 10 4 49
throttle 10 5 0.399855
567 10 5 100
throttle 10 6 0.399855
645 10 6 100
throttle 10 7 0.399855
66 10 7 100
throttle 10 8 0.399855
52 10 8 100
throttle 10 9 0.399855
303 10 9 100
throttle 10 11 0.399855
632 10 11 100
throttle 10 12 0.399855
704 10 12 100
throttle 10 13 0.399855
119 10 13 100
throttle 10 14 0.399855
186 10 14 100
throttle 10 15 0.399855
441 10 15 100
throttle 10 16 0.399855
585 10 16 100
129 11 0 1
131 11 0 98
throttle 11 1 0.399855
709 11 1 100
throttle 11 2 0.399855
642 11 2 100
throttle 11 3 0.399855
387 11 3 100
315 11 4 5
317 11 4 94
65 11 5 50
63 11 5 50
throttle 11 6 0.399855
810 11 6 100
565 11 7 50
566 11 7 50
582 11 8 100
throttle 11 9 0.399855
331 11 9 100
throttle 11 10 0.399855
260 11 10 100
761 11 12 50
759 11 12 50
507 11 13 49
509 11 13 50
448 11 14 50
447 11 14 50
192 11 15 33
193 11 15 33
194 11 15 33
throttle 11 16 0.399855
209 11 16 100
throttle 12 0 0.399855
579 12 0 100
throttle 12 1 0.399855
7 12 1 100
throttle 12 2 0.399855
255 12 2 100
throttle 12 3 0.399855
505 12 3 100
throttle 12 4 0.399855
399 12 4 100
654 12 5 50
655 12 5 50
throttle 12 6 0.399855
75 12 6 100
throttle 12 7 0.399855
328 12 7 100
204 12 8 50
205 12 8 50
throttle 12 9 0.399855
457 12 9 100
throttle 12 10 0.399855
719 12 10 100
141 12 11 50
143 12 11 50
throttle 12 13 0.399855
270 12 13 100
522 12 14 49
523 12 14 50
771 12 15 50
772 12 15 50
throttle 12 16 0.399855
671 12 16 100
throttle 13 0 0.399855
202 13 0 100
769 13 1 50
770 13 1 50
throttle 13 2 0.399855
521 13 2 100
throttle 13 3 0.399855
268 13 3 100
throttle 13 4 0.399855
18 13 4 100
594 13 5 50
596 13 5 50
340 13 6 50
341 13 6 50
throttle 13 7 0.399855
84 13 7 100
666 13 8 50
667 13 8 50
throttle 13 9 0.399855
409 13 9 100
158 13 10 100
720 13 11 50
722 13 11 50
throttle 13 12 0.399855
462 13 12 100
throttle 13 14 0.399855
777 13 14 100
528 13 15 100
throttle 13 16 0.399855
284 13 16 100
664 14 0 50
663 14 0 50
81 14 1 50
82 14 1 50
throttle 14 2 0.399855
153 14 2 100
405 14 3 50
406 14 3 50
16 14 4 95
15 14 4 4
264 14 5 4
265 14 5 95
336 14 6 77
337 14 6 22
592 14 7 33
593 14 7 33
591 14 7 33
392 14 8 91
390 14 8 4
391 14 8 4
throttle 14 9 0.399855
454 14 9 100
throttle 14 10 0.399855
518 14 10 100
765 14 11 50
766 14 11 50
396 14 12 80
397 14 12 19
651 14 13 21
653 14 13 78
140 14 15 99
throttle 14 16 0.399855
160 14 16 100
280 15 0 33
281 15 0 33
279 15 0 33
24 15 1 38
25 15 1 61
776 15 2 50
774 15 2 50
525 15 3 33
526 15 3 33
527 15 3 33
90 15 4 33
91 15 4 33
92 15 4 33
675 15 5 50
677 15 5 50
600 15 6 50
602 15 6 50
345 15 7 33
346 15 7 33
347 15 7 33
609 15 8 33
610 15 8 33
611 15 8 33
403 15 9 50
404 15 9 50
throttle 15 10 0.399855
333 15 10 100
78 15 11 50
79 15 11 50
459 15 12 50
460 15 12 50
throttle 15 13 0.399855
210 15 13 100
152 15 14 50
150 15 14 50
throttle 15 16 0.399855
379 15 16 100
792 16 0 50
793 16 0 50
144 16 1 50
146 16 1 50
throttle 16 2 0.399855
648 16 2 100
57 16 3 50
58 16 3 50
throttle 16 4 0.399855
276 16 4 100
throttle 16 5 0.399855
149 16 5 100
9 16 6 50
10 16 6 50
712 16 7 50
711 16 7 49
throttle 16 8 0.399855
637 16 8 100
501 16 9 50
503 16 9 50
throttle 16 10 0.399855
510 16 10 100
throttle 16 11 0.399855
740 16 11 100
throttle 16 12 0.399855
725 16 12 100
throttle 16 13 0.399855
241 16 13 100
238 16 14 32
239 16 14 67
throttle 16 15 0.399855
798 16 15 100
